V(__) I(__) lux CurrCoeff.  
0.00000e+00 -1.32010e-12 1.1 -2.933556E-07 2.444444E+05 -8.332702E+09
1.00000e+00 2.42692e-09 1.1 5.393156E-04 2.444444E+05 4.532494E+06
2.00000e+00 7.38013e-09 1.1 1.640029E-03 2.444444E+05 1.490489E+06
3.00000e+00 9.75463e-09 1.1 2.167696E-03 2.444444E+05 1.12767E+06
4.00000e+00 2.16919e-08 1.1 4.820422E-03 2.444444E+05 5.071017E+05
5.00000e+00 3.64809e-07 1.1 8.106867E-02 2.444444E+05 3.015276E+04
6.00000e+00 4.01936e-07 1.1 8.931911E-02 2.444444E+05 2.736754E+04
7.00000e+00 4.28220e-06 2.1 9.516E-01 4.666667E+05 4.904021E+03
8.00000e+00 2.64325e-05 1.1 5.873889E+00 2.444444E+05 4.161544E+02
9.00000e+00 9.00210e-05 1.1 2.000467E+01 2.444444E+05 1.221937E+02
1.00000e+01 2.20567e-04 1.1 4.901489E+01 2.444444E+05 4.987147E+01
V(__) I(__) lux CurrCoeff.  
1.00000e+01 6.74919e-04 1.1 1.49982E+02 2.444444E+05 1.629825E+01
9.00000e+00 3.05342e-04 1.1 6.785378E+01 2.444444E+05 3.602518E+01
8.00000e+00 1.25216e-04 1.1 2.782578E+01 2.444444E+05 8.78482E+01
7.00000e+00 4.13824e-05 0.001 9.196089E+00 2.222222E+02 2.416486E-01
6.00000e+00 1.33837e-05 1.1 2.974156E+00 2.444444E+05 8.218953E+02
5.00000e+00 4.61693e-06 1.1 1.025984E+00 2.444444E+05 2.382536E+03
4.00000e+00 2.29413e-06 1.1 5.098067E-01 2.444444E+05 4.794846E+03
3.00000e+00 6.39329e-07 2.1 1.420731E-01 4.666667E+05 3.284694E+04
2.00000e+00 1.48306e-07 1.1 3.295689E-02 2.444444E+05 7.417097E+04
1.00000e+00 9.28478e-09 2.1 2.063284E-03 4.666667E+05 2.261766E+06
0.00000e+00 -1.01744e-08 2.1 -2.260978E-03 4.666667E+05 -2.064004E+06
