V(__) I(__) lux CurrCoeff.  
0.00000e+00 -1.52913e-06 0.001 -3.398067E-01 2.222222E+02 -6.539666E+00
1.00000e+00 1.40087e-02 872.281 3.113044E+03 1.938402E+08 6.226709E+02
2.00000e+00 2.99096e-02 873.281 6.646578E+03 1.940624E+08 2.919735E+02
3.00000e+00 4.75411e-02 872.281 1.056469E+04 1.938402E+08 1.834793E+02
4.00000e+00 6.63319e-02 872.281 1.474042E+04 1.938402E+08 1.315025E+02
5.00000e+00 8.52521e-02 872.281 1.894491E+04 1.938402E+08 1.023178E+02
6.00000e+00 9.99949e-02 872.281 2.222109E+04 1.938402E+08 8.723255E+01
7.00000e+00 9.99951e-02 871.28 2.222113E+04 1.936178E+08 8.713227E+01
8.00000e+00 9.99952e-02 872.28 2.222116E+04 1.9384E+08 8.723219E+01
9.00000e+00 9.99951e-02 871.28 2.222113E+04 1.936178E+08 8.713227E+01
1.00000e+01 9.99954e-02 871.28 2.22212E+04 1.936178E+08 8.713201E+01
1.10000e+01 9.99953e-02 871.28 2.222118E+04 1.936178E+08 8.71321E+01
1.20000e+01 9.99954e-02 871.28 2.22212E+04 1.936178E+08 8.713201E+01
1.30000e+01 9.99956e-02 870.28 2.222124E+04 1.933956E+08 8.703183E+01
V(__) I(__) lux CurrCoeff.  
1.30000e+01 9.99955e-02 870.28 2.222122E+04 1.933956E+08 8.703192E+01
1.20000e+01 9.99953e-02 871.28 2.222118E+04 1.936178E+08 8.71321E+01
1.10000e+01 9.99953e-02 871.281 2.222118E+04 1.93618E+08 8.71322E+01
1.00000e+01 9.99950e-02 0.001 2.222111E+04 2.222222E+02 1.00005E-04
9.00000e+00 9.99951e-02 871.28 2.222113E+04 1.936178E+08 8.713227E+01
8.00000e+00 9.99951e-02 871.281 2.222113E+04 1.93618E+08 8.713237E+01
7.00000e+00 9.99950e-02 872.281 2.222111E+04 1.938402E+08 8.723246E+01
6.00000e+00 9.99950e-02 872.281 2.222111E+04 1.938402E+08 8.723246E+01
5.00000e+00 8.34837e-02 872.281 1.855193E+04 1.938402E+08 1.044852E+02
4.00000e+00 6.47302e-02 873.281 1.438449E+04 1.940624E+08 1.349109E+02
3.00000e+00 4.69919e-02 873.282 1.044264E+04 1.940627E+08 1.858367E+02
2.00000e+00 2.97599e-02 874.282 6.613311E+03 1.942849E+08 2.937785E+02
1.00000e+00 1.39590e-02 874.282 3.102E+03 1.942849E+08 6.263214E+02
0.00000e+00 2.66499e-06 874.283 5.9222E-01 1.942851E+08 3.280624E+06
