>>head<<V(__) 	 I(__) 	 lux 	 CurrCoeff.
0.00000e+00	-2.06767e-06 	 590.121 	 -4.594822E-01 	 1.31138E+08	-2.854039E+06
1.00000e+00	1.46253e-02 	 0.001 	 3.250067E+03 	 2.222222E+02	6.837467E-04
2.00000e+00	3.10110e-02 	 590.121 	 6.891333E+03 	 1.31138E+08	1.902941E+02
3.00000e+00	4.87951e-02 	 590.121 	 1.084336E+04 	 1.31138E+08	1.209386E+02
4.00000e+00	6.77168e-02 	 589.121 	 1.504818E+04 	 1.309158E+08	8.699776E+01
5.00000e+00	8.68549e-02 	 589.121 	 1.930109E+04 	 1.309158E+08	6.782818E+01
6.00000e+00	9.99929e-02 	 589.121 	 2.222064E+04 	 1.309158E+08	5.891628E+01
7.00000e+00	9.99930e-02 	 588.12 	 2.222067E+04 	 1.306933E+08	5.881612E+01
8.00000e+00	9.99929e-02 	 588.12 	 2.222064E+04 	 1.306933E+08	5.881618E+01
>>head<<V(__) 	 I(__) 	 lux 	 CurrCoeff.
0.00000e+00	-8.13052e-07 	 0.001 	 -1.806782E-01 	 2.222222E+02	-1.229934E+01
1.00000e+00	1.43080e-02 	 603.129 	 3.179556E+03 	 1.340287E+08	4.215327E+02
2.00000e+00	3.03177e-02 	 608.132 	 6.737267E+03 	 1.351404E+08	2.005865E+02
3.00000e+00	4.77574e-02 	 608.133 	 1.061276E+04 	 1.351407E+08	1.27338E+02
4.00000e+00	6.62431e-02 	 608.133 	 1.472069E+04 	 1.351407E+08	9.180322E+01
5.00000e+00	8.53716e-02 	 609.133 	 1.897147E+04 	 1.353629E+08	7.135078E+01
>>head<<V(__) 	 I(__) 	 lux 	 CurrCoeff.
0.00000e+00	-7.21450e-07 	 628.145 	 -1.603222E-01 	 1.395878E+08	-8.706702E+06
1.00000e+00	1.43076e-02 	 0.001 	 3.179467E+03 	 2.222222E+02	6.989292E-04
2.00000e+00	3.02508e-02 	 630.147 	 6.7224E+03 	 1.400327E+08	2.083075E+02
3.00000e+00	4.75606e-02 	 631.148 	 1.056902E+04 	 1.402551E+08	1.32704E+02
4.00000e+00	6.59389e-02 	 632.148 	 1.465309E+04 	 1.404773E+08	9.586875E+01
5.00000e+00	8.48348e-02 	 631.148 	 1.885218E+04 	 1.402551E+08	7.43973E+01
6.00000e+00	9.99933e-02 	 632.149 	 2.222073E+04 	 1.404776E+08	6.321914E+01
7.00000e+00	9.99936e-02 	 635.151 	 2.22208E+04 	 1.411447E+08	6.351917E+01
8.00000e+00	9.99937e-02 	 635.151 	 2.222082E+04 	 1.411447E+08	6.35191E+01
9.00000e+00	9.99938e-02 	 634.15 	 2.222084E+04 	 1.409222E+08	6.341893E+01
DATA File: /home/user/PycharmProjects/OFET_K2636B/data/_a1_oled_001.txt
