>>head<<V(__) 	 I(__) 	 lux 	 CurrCoeff.
0.00000e+00	-1.48538e-06 	 557.109 	 -3.300844E-01 	 1.23802E+08	-3.750616E+06
1.00000e+00	1.39910e-02 	 556.109 	 3.109111E+03 	 1.235798E+08	3.974762E+02
2.00000e+00	2.98544e-02 	 0.001 	 6.634311E+03 	 2.222222E+02	3.34959E-04
3.00000e+00	4.71873e-02 	 557.109 	 1.048607E+04 	 1.23802E+08	1.180633E+02
4.00000e+00	6.56089e-02 	 557.109 	 1.457976E+04 	 1.23802E+08	8.491363E+01
>>head<<V(__) 	 I(__) 	 lux 	 CurrCoeff.
0.00000e+00	-4.68557e-07 	 0.001 	 -1.041238E-01 	 2.222222E+02	-2.134212E+01
1.00000e+00	1.35517e-02 	 638.156 	 3.011489E+03 	 1.418124E+08	4.709048E+02
2.00000e+00	2.89392e-02 	 637.156 	 6.430933E+03 	 1.415902E+08	2.201706E+02
3.00000e+00	4.58182e-02 	 638.157 	 1.018182E+04 	 1.418127E+08	1.392802E+02
>>head<<V(__) 	 I(__) 	 lux 	 CurrCoeff.
0.00000e+00	-1.30583e-06 	 0.001 	 -2.901844E-01 	 2.222222E+02	-7.657965E+00
1.00000e+00	1.34771e-02 	 597.126 	 2.994911E+03 	 1.326947E+08	4.430671E+02
2.00000e+00	2.88752e-02 	 97.126 	 6.416711E+03 	 2.158356E+07	3.363648E+01
3.00000e+00	4.58246e-02 	 597.126 	 1.018324E+04 	 1.326947E+08	1.303069E+02
>>head<<V(__) 	 I(__) 	 lux 	 CurrCoeff.
0.00000e+00	-1.80498e-06 	 644.153 	 -4.011067E-01 	 1.431451E+08	-3.568754E+06
1.00000e+00	1.46968e-02 	 0.001 	 3.265956E+03 	 2.222222E+02	6.804202E-04
2.00000e+00	3.11475e-02 	 643.152 	 6.921667E+03 	 1.429227E+08	2.064859E+02
3.00000e+00	4.89857e-02 	 643.152 	 1.088571E+04 	 1.429227E+08	1.312938E+02
4.00000e+00	6.78454e-02 	 645.153 	 1.507676E+04 	 1.433673E+08	9.509163E+01
5.00000e+00	8.71937e-02 	 648.155 	 1.937638E+04 	 1.440344E+08	7.433507E+01
>>head<<V(__) 	 I(__) 	 lux 	 CurrCoeff.
0.00000e+00	-2.06121e-06 	 0.001 	 -4.580467E-01 	 2.222222E+02	-4.851519E+00
1.00000e+00	1.46561e-02 	 643.152 	 3.256911E+03 	 1.429227E+08	4.388289E+02
2.00000e+00	3.10594e-02 	 639.15 	 6.902089E+03 	 1.420333E+08	2.057831E+02
3.00000e+00	4.88677e-02 	 638.149 	 1.085949E+04 	 1.418109E+08	1.305871E+02
4.00000e+00	6.77708e-02 	 640.15 	 1.506018E+04 	 1.422556E+08	9.445809E+01
5.00000e+00	8.70840e-02 	 642.151 	 1.9352E+04 	 1.427002E+08	7.373926E+01
DATA File: /home/user/PycharmProjects/OFET_K2636B/data/_a1_oled_000.txt
