V(__) I(__) lux CurrCoeff.  
0.00000e+00 -6.82658e-07 1.1 -1.517018E-01 2.444444E+05 -1.611349E+04
5.00000e-01 3.65418e-03 1.1 8.1204E+02 2.444444E+05 3.010251E+00
1.00000e+00 7.81888e-03 1.1 1.737529E+03 2.444444E+05 1.406851E+00
1.50000e+00 1.31161e-02 1.1 2.914689E+03 2.444444E+05 8.386639E-01
2.00000e+00 1.87924e-02 1.1 4.176089E+03 2.444444E+05 5.85343E-01
2.50000e+00 2.49461e-02 1.1 5.543578E+03 2.444444E+05 4.409507E-01
3.00000e+00 3.16193e-02 1.1 7.026511E+03 2.444444E+05 3.478888E-01
3.50000e+00 3.78969e-02 1.1 8.421533E+03 2.444444E+05 2.902612E-01
4.00000e+00 4.37251e-02 1.1 9.716689E+03 2.444444E+05 2.515718E-01
4.50000e+00 4.85926e-02 1.1 1.079836E+04 2.444444E+05 2.263719E-01
5.00000e+00 5.38712e-02 1.1 1.197138E+04 2.444444E+05 2.041907E-01
5.50000e+00 5.94319e-02 1.1 1.320709E+04 2.444444E+05 1.850858E-01
6.00000e+00 6.54308e-02 1.1 1.454018E+04 2.444444E+05 1.681165E-01
6.50000e+00 7.14444e-02 1.1 1.587653E+04 2.444444E+05 1.539659E-01
7.00000e+00 7.85253e-02 1.1 1.745007E+04 2.444444E+05 1.400822E-01
7.50000e+00 8.33226e-02 1.1 1.851613E+04 2.444444E+05 1.32017E-01
8.00000e+00 9.11446e-02 1.1 2.025436E+04 2.444444E+05 1.206873E-01
8.50000e+00 9.77744e-02 1.1 2.172764E+04 2.444444E+05 1.125039E-01
9.00000e+00 9.99956e-02 1.1 2.222124E+04 2.444444E+05 1.100048E-01
9.50000e+00 9.99961e-02 1.1 2.222136E+04 2.444444E+05 1.100043E-01
1.00000e+01 9.99961e-02 1.1 2.222136E+04 2.444444E+05 1.100043E-01
V(__) I(__) lux CurrCoeff.  
1.00000e+01 9.99959e-02 1.1 2.222131E+04 2.444444E+05 1.100045E-01
9.50000e+00 9.99961e-02 0.001 2.222136E+04 2.222222E+02 1.000039E-04
9.00000e+00 9.89671e-02 1.1 2.199269E+04 2.444444E+05 1.11148E-01
8.50000e+00 9.24139e-02 1.1 2.053642E+04 2.444444E+05 1.190297E-01
8.00000e+00 8.64004e-02 1.1 1.920009E+04 2.444444E+05 1.273142E-01
7.50000e+00 8.07350e-02 1.1 1.794111E+04 2.444444E+05 1.362482E-01
7.00000e+00 7.52576e-02 1.1 1.672391E+04 2.444444E+05 1.461646E-01
6.50000e+00 6.98937e-02 1.1 1.553193E+04 2.444444E+05 1.573819E-01
6.00000e+00 6.45624e-02 1.1 1.43472E+04 2.444444E+05 1.703778E-01
5.50000e+00 5.92770e-02 1.1 1.317267E+04 2.444444E+05 1.855694E-01
5.00000e+00 5.39589e-02 1.1 1.199087E+04 2.444444E+05 2.038589E-01
4.50000e+00 4.86317e-02 1.1 1.080704E+04 2.444444E+05 2.261899E-01
4.00000e+00 4.32799e-02 1.1 9.617756E+03 2.444444E+05 2.541596E-01
3.50000e+00 3.79287e-02 1.1 8.4286E+03 2.444444E+05 2.900178E-01
3.00000e+00 3.25564e-02 1.1 7.234756E+03 2.444444E+05 3.378752E-01
2.50000e+00 2.71676e-02 1.1 6.037244E+03 2.444444E+05 4.048941E-01
2.00000e+00 2.17755e-02 1.1 4.839E+03 2.444444E+05 5.051549E-01
1.50000e+00 1.63500e-02 1.1 3.633333E+03 2.444444E+05 6.727829E-01
1.00000e+00 1.09092e-02 65.11 2.424267E+03 1.446889E+07 5.968357E+01
5.00000e-01 5.46060e-03 133.23 1.213467E+03 2.960667E+07 2.439842E+02
0.00000e+00 3.25119e-06 411.62 7.224867E-01 9.147111E+07 1.26606E+06
