V(__) I(__) lux CurrCoeff.  
0.00000e+00 -2.42697e-10 10.5 -5.393267E-05 2.333333E+06 -4.326382E+08
5.00000e-01 1.41137e-09 10.5 3.136378E-04 2.333333E+06 7.43958E+07
1.00000e+00 7.95255e-09 10.5 1.767233E-03 2.333333E+06 1.320331E+07
1.50000e+00 1.06018e-08 10.5 2.355956E-03 2.333333E+06 9.903979E+06
2.00000e+00 5.11097e-08 10.5 1.135771E-02 2.333333E+06 2.054405E+06
2.50000e+00 1.32049e-07 10.5 2.934422E-02 2.333333E+06 7.951594E+05
3.00000e+00 5.08097e-07 0.5 1.129104E-01 1.111111E+05 9.840641E+03
3.50000e+00 1.34160e-06 10.5 2.981333E-01 2.333333E+06 7.826476E+04
4.00000e+00 3.33539e-06 10.5 7.411978E-01 2.333333E+06 3.148058E+04
4.50000e+00 3.06102e-05 10.5 6.802267E+00 2.333333E+06 3.430229E+03
5.00000e+00 3.59406e-05 10.5 7.9868E+00 2.333333E+06 2.921487E+03
5.50000e+00 2.98785e-05 10.5 6.639667E+00 2.333333E+06 3.514233E+03
6.00000e+00 5.52401e-05 10.5 1.227558E+01 2.333333E+06 1.900793E+03
6.50000e+00 9.67139e-05 10.5 2.149198E+01 2.333333E+06 1.085676E+03
7.00000e+00 1.58724e-04 10.5 3.5272E+01 2.333333E+06 6.615257E+02
7.50000e+00 2.48209e-04 10.5 5.515756E+01 2.333333E+06 4.230306E+02
8.00000e+00 3.76448e-04 11.6 8.365511E+01 2.577778E+06 3.081435E+02
8.50000e+00 5.53270e-04 12.6 1.229489E+02 2.8E+06 2.277369E+02
9.00000e+00 7.89118e-04 12.6 1.753596E+02 2.8E+06 1.596719E+02
9.50000e+00 1.10084e-03 13.6 2.446311E+02 3.022222E+06 1.23542E+02
1.00000e+01 1.50102e-03 13.6 3.3356E+02 3.022222E+06 9.060506E+01
1.05000e+01 2.01784e-03 14.6 4.484089E+02 3.244444E+06 7.23546E+01
1.10000e+01 2.67228e-03 15.6 5.9384E+02 3.466667E+06 5.837712E+01
1.15000e+01 3.47431e-03 16.6 7.720689E+02 3.688889E+06 4.777927E+01
1.20000e+01 4.45807e-03 18.6 9.906822E+02 4.133333E+06 4.172209E+01
1.25000e+01 5.62174e-03 21.7 1.249276E+03 4.822222E+06 3.860015E+01
1.30000e+01 6.96836e-03 23.7 1.548524E+03 5.266667E+06 3.401087E+01
V(__) I(__) lux CurrCoeff.  
1.30000e+01 7.01396e-03 19.7 1.558658E+03 4.377778E+06 2.808684E+01
1.25000e+01 5.25740e-03 0.001 1.168311E+03 2.222222E+02 1.902081E-03
1.20000e+01 3.94511e-03 17.6 8.766911E+02 3.911111E+06 4.461219E+01
1.15000e+01 2.92614e-03 16.6 6.502533E+02 3.688889E+06 5.673003E+01
1.10000e+01 2.13996e-03 14.6 4.755467E+02 3.244444E+06 6.822557E+01
1.05000e+01 1.54132e-03 13.6 3.425156E+02 3.022222E+06 8.823606E+01
1.00000e+01 1.09300e-03 12.6 2.428889E+02 2.8E+06 1.15279E+02
9.50000e+00 7.61144e-04 12.6 1.691431E+02 2.8E+06 1.655403E+02
9.00000e+00 5.24123e-04 11.6 1.164718E+02 2.577778E+06 2.213221E+02
8.50000e+00 3.53304e-04 11.6 7.8512E+01 2.577778E+06 3.283291E+02
8.00000e+00 2.34113e-04 10.5 5.202511E+01 2.333333E+06 4.485014E+02
7.50000e+00 1.52162e-04 10.5 3.381378E+01 2.333333E+06 6.90054E+02
7.00000e+00 1.30483e-04 10.5 2.899622E+01 2.333333E+06 8.047025E+02
6.50000e+00 6.06415e-05 10.5 1.347589E+01 2.333333E+06 1.731488E+03
6.00000e+00 5.13551e-05 10.5 1.141224E+01 2.333333E+06 2.044588E+03
5.50000e+00 4.45599e-05 10.5 9.9022E+00 2.333333E+06 2.356379E+03
5.00000e+00 5.24173e-05 10.5 1.164829E+01 2.333333E+06 2.003155E+03
4.50000e+00 2.63480e-05 10.5 5.855111E+00 2.333333E+06 3.985122E+03
4.00000e+00 1.68508e-05 10.5 3.744622E+00 2.333333E+06 6.231158E+03
3.50000e+00 1.47397e-05 10.5 3.275489E+00 2.333333E+06 7.123619E+03
3.00000e+00 9.30719e-06 10.5 2.068264E+00 2.333333E+06 1.12816E+04
2.50000e+00 5.93072e-06 10.5 1.317938E+00 2.333333E+06 1.770443E+04
2.00000e+00 3.69641e-06 10.5 8.214244E-01 2.333333E+06 2.840594E+04
1.50000e+00 2.25613e-06 10.5 5.013622E-01 2.333333E+06 4.653987E+04
1.00000e+00 1.02645e-06 10.5 2.281E-01 2.333333E+06 1.022943E+05
5.00000e-01 3.51254e-07 10.5 7.805644E-02 2.333333E+06 2.98929E+05
0.00000e+00 -1.14421e-08 10.5 -2.542689E-03 2.333333E+06 -9.176637E+06
