V(__) I(__) lux CurrCoeff.  
0.00000e+00 -1.02370e-06 0.001 -2.274889E-01 2.222222E+02 -9.768487E+00
1.00000e+00 1.29058e-02 543.103 2.867956E+03 1.206896E+08 4.208209E+02
2.00000e+00 2.77802e-02 543.103 6.173378E+03 1.206896E+08 1.955E+02
3.00000e+00 4.43633e-02 543.103 9.858511E+03 1.206896E+08 1.224217E+02
4.00000e+00 6.20333e-02 542.102 1.378518E+04 1.204671E+08 8.738887E+01
5.00000e+00 8.06986e-02 543.103 1.793302E+04 1.206896E+08 6.730018E+01
6.00000e+00 9.98459e-02 543.103 2.218798E+04 1.206896E+08 5.439412E+01
7.00000e+00 9.99947e-02 543.103 2.222104E+04 1.206896E+08 5.431318E+01
8.00000e+00 9.99947e-02 544.103 2.222104E+04 1.209118E+08 5.441318E+01
9.00000e+00 9.99949e-02 543.103 2.222109E+04 1.206896E+08 5.431307E+01
1.00000e+01 9.99948e-02 543.103 2.222107E+04 1.206896E+08 5.431312E+01
1.10000e+01 9.99949e-02 544.103 2.222109E+04 1.209118E+08 5.441308E+01
1.20000e+01 9.99948e-02 543.103 2.222107E+04 1.206896E+08 5.431312E+01
1.30000e+01 9.99944e-02 544.103 2.222098E+04 1.209118E+08 5.441335E+01
V(__) I(__) lux CurrCoeff.  
1.30000e+01 9.99945e-02 543.103 2.2221E+04 1.206896E+08 5.431329E+01
1.20000e+01 9.99946e-02 544.103 2.222102E+04 1.209118E+08 5.441324E+01
1.10000e+01 9.99947e-02 544.103 2.222104E+04 1.209118E+08 5.441318E+01
1.00000e+01 9.99946e-02 0.001 2.222102E+04 2.222222E+02 1.000054E-04
9.00000e+00 9.99948e-02 544.103 2.222107E+04 1.209118E+08 5.441313E+01
8.00000e+00 9.99948e-02 544.103 2.222107E+04 1.209118E+08 5.441313E+01
7.00000e+00 9.99955e-02 544.103 2.222122E+04 1.209118E+08 5.441275E+01
6.00000e+00 9.99947e-02 544.103 2.222104E+04 1.209118E+08 5.441318E+01
5.00000e+00 8.69049e-02 545.103 1.93122E+04 1.21134E+08 6.272408E+01
4.00000e+00 6.77144e-02 544.103 1.504764E+04 1.209118E+08 8.035263E+01
3.00000e+00 4.92077e-02 545.103 1.093504E+04 1.21134E+08 1.10776E+02
2.00000e+00 3.14850e-02 544.103 6.996667E+03 1.209118E+08 1.728134E+02
1.00000e+00 1.49308e-02 544.103 3.317956E+03 1.209118E+08 3.644165E+02
0.00000e+00 3.16989e-06 545.103 7.0442E-01 1.21134E+08 1.719627E+06
