V(__) I(__) lux CurrCoeff.  
0.00000e+00 -2.66321e-10 121.26 -5.918244E-05 2.694667E+07 -4.553152E+09
1.00000e+00 4.46253e-06 121.26 9.916733E-01 2.694667E+07 2.717293E+05
2.00000e+00 1.74114e-05 121.26 3.8692E+00 2.694667E+07 6.964403E+04
3.00000e+00 5.65371e-05 121.26 1.25638E+01 2.694667E+07 2.144786E+04
4.00000e+00 1.76894e-04 121.26 3.930978E+01 2.694667E+07 6.854953E+03
5.00000e+00 2.81681e-04 121.26 6.259578E+01 2.694667E+07 4.30487E+03
6.00000e+00 3.94489e-04 121.26 8.766422E+01 2.694667E+07 3.07385E+03
7.00000e+00 6.39910e-04 122.26 1.422022E+02 2.716889E+07 1.910581E+03
8.00000e+00 1.17931e-03 122.27 2.620689E+02 2.717111E+07 1.036793E+03
9.00000e+00 2.23082e-03 126.27 4.957378E+02 2.806E+07 5.66025E+02
1.00000e+01 3.82129e-03 130.27 8.491756E+02 2.894889E+07 3.409058E+02
1.10000e+01 6.12156e-03 134.28 1.360347E+03 2.984E+07 2.193559E+02
1.20000e+01 9.18293e-03 137.28 2.040651E+03 3.050667E+07 1.494948E+02
1.30000e+01 1.30094e-02 141.29 2.890978E+03 3.139778E+07 1.086061E+02
V(__) I(__) lux CurrCoeff.  
1.30000e+01 1.25206e-02 136.28 2.782356E+03 3.028444E+07 1.088446E+02
1.20000e+01 7.61257e-03 130.28 1.691682E+03 2.895111E+07 1.71138E+02
1.10000e+01 4.45277e-03 127.27 9.895044E+02 2.828222E+07 2.858221E+02
1.00000e+01 2.41259e-03 124.27 5.361311E+02 2.761556E+07 5.150896E+02
9.00000e+00 1.21838e-03 122.27 2.707511E+02 2.717111E+07 1.003546E+03
8.00000e+00 5.81411e-04 122.27 1.292024E+02 2.717111E+07 2.102987E+03
7.00000e+00 2.90581e-04 121.26 6.457356E+01 2.694667E+07 4.173019E+03
6.00000e+00 1.60421e-04 121.26 3.564911E+01 2.694667E+07 7.558861E+03
5.00000e+00 9.40367e-05 121.26 2.089704E+01 2.694667E+07 1.289497E+04
4.00000e+00 9.83203e-05 121.26 2.184896E+01 2.694667E+07 1.233316E+04
3.00000e+00 9.10847e-05 121.26 2.024104E+01 2.694667E+07 1.331288E+04
2.00000e+00 4.67157e-05 121.26 1.038127E+01 2.694667E+07 2.595701E+04
1.00000e+00 1.05020e-05 121.26 2.333778E+00 2.694667E+07 1.154637E+05
0.00000e+00 -1.78370e-08 121.26 -3.963778E-03 2.694667E+07 -6.798228E+07
