V(__) I(__) lux CurrCoeff.  
0.00000e+00 -7.88139e-09 122.27 -1.75142E-03 2.717111E+07 -1.551376E+08
1.00000e+00 9.68587e-05 122.27 2.152416E+01 2.717111E+07 1.262354E+04
2.00000e+00 3.00790e-04 122.27 6.684222E+01 2.717111E+07 4.064962E+03
3.00000e+00 5.71957e-04 122.27 1.271016E+02 2.717111E+07 2.137748E+03
4.00000e+00 1.05887e-04 122.27 2.353044E+01 2.717111E+07 1.154722E+04
5.00000e+00 3.84549e-04 122.27 8.545533E+01 2.717111E+07 3.179569E+03
6.00000e+00 7.41544e-04 124.27 1.647876E+02 2.761556E+07 1.675828E+03
7.00000e+00 1.38011e-03 127.27 3.066911E+02 2.828222E+07 9.221729E+02
8.00000e+00 2.63518e-03 130.28 5.855956E+02 2.895111E+07 4.943875E+02
9.00000e+00 4.55218e-03 136.28 1.011596E+03 3.028444E+07 2.99373E+02
1.00000e+01 7.04472e-03 150.3 1.565493E+03 3.34E+07 2.133513E+02
1.10000e+01 1.01910e-02 156.3 2.264667E+03 3.473333E+07 1.533706E+02
1.20000e+01 1.38328e-02 158.31 3.073956E+03 3.518E+07 1.144454E+02
1.30000e+01 1.79873e-02 159.31 3.997178E+03 3.540222E+07 8.856805E+01
V(__) I(__) lux CurrCoeff.  
1.30000e+01 1.65714e-02 143.3 3.682533E+03 3.184444E+07 8.647429E+01
1.20000e+01 1.01830e-02 135.29 2.262889E+03 3.006444E+07 1.328587E+02
1.10000e+01 5.98642e-03 130.28 1.330316E+03 2.895111E+07 2.176259E+02
1.00000e+01 3.35568e-03 127.28 7.457067E+02 2.828444E+07 3.792972E+02
9.00000e+00 1.73437e-03 125.28 3.854156E+02 2.784E+07 7.223372E+02
8.00000e+00 8.87243e-04 124.27 1.971651E+02 2.761556E+07 1.400631E+03
7.00000e+00 4.31205e-04 123.27 9.582333E+01 2.739333E+07 2.858733E+03
6.00000e+00 2.40175e-04 122.27 5.337222E+01 2.717111E+07 5.090871E+03
5.00000e+00 1.00950e-04 122.27 2.243333E+01 2.717111E+07 1.211194E+04
4.00000e+00 1.11188e-04 122.27 2.470844E+01 2.717111E+07 1.099669E+04
3.00000e+00 8.17926e-05 122.27 1.817613E+01 2.717111E+07 1.494879E+04
2.00000e+00 4.45037e-05 122.27 9.889711E+00 2.717111E+07 2.747412E+04
1.00000e+00 1.12937e-05 122.27 2.509711E+00 2.717111E+07 1.082639E+05
0.00000e+00 -1.73542e-08 122.27 -3.856489E-03 2.717111E+07 -7.045557E+07
