V(__) I(__) lux CurrCoeff.  
0.00000e+00 -4.00229e-10 0.1 -8.893978E-05 2.222222E+04 -2.49857E+06
1.00000e+00 4.89681e-06 0.1 1.08818E+00 2.222222E+04 2.042146E+02
2.00000e+00 1.47005e-05 0.1 3.266778E+00 2.222222E+04 6.80249E+01
3.00000e+00 3.16638e-05 0.1 7.0364E+00 2.222222E+04 3.158181E+01
4.00000e+00 5.88768e-05 0.1 1.308373E+01 2.222222E+04 1.698462E+01
5.00000e+00 9.85714e-05 0.1 2.190476E+01 2.222222E+04 1.014493E+01
6.00000e+00 1.55696e-04 0.1 3.459911E+01 2.222222E+04 6.422773E+00
7.00000e+00 2.17649e-04 0.1 4.836644E+01 2.222222E+04 4.594554E+00
8.00000e+00 4.98907e-04 0.1 1.108682E+02 2.222222E+04 2.004382E+00
9.00000e+00 1.49882e-03 0.1 3.330711E+02 2.222222E+04 6.671915E-01
1.00000e+01 4.50621e-03 0.1 1.00138E+03 2.222222E+04 2.21916E-01
1.10000e+01 1.06879e-02 0.1 2.375089E+03 2.222222E+04 9.356375E-02
1.20000e+01 1.99142e-02 0.1 4.425378E+03 2.222222E+04 5.021542E-02
1.30000e+01 3.21020e-02 0.1 7.133778E+03 2.222222E+04 3.115071E-02
V(__) I(__) lux CurrCoeff.  
1.30000e+01 3.17284e-02 0.1 7.050756E+03 2.222222E+04 3.15175E-02
1.20000e+01 1.93210e-02 0.001 4.293556E+03 2.222222E+02 5.175716E-04
1.10000e+01 9.34773e-03 0.1 2.077273E+03 2.222222E+04 1.069778E-01
1.00000e+01 3.61744e-03 0.1 8.038756E+02 2.222222E+04 2.764386E-01
9.00000e+00 1.08270e-03 0.1 2.406E+02 2.222222E+04 9.236169E-01
8.00000e+00 2.81937e-04 0.1 6.265267E+01 2.222222E+04 3.546892E+00
7.00000e+00 9.72602e-05 0.1 2.161338E+01 2.222222E+04 1.02817E+01
6.00000e+00 4.87691e-05 0.1 1.083758E+01 2.222222E+04 2.050479E+01
5.00000e+00 3.19036e-05 0.1 7.089689E+00 2.222222E+04 3.134443E+01
4.00000e+00 2.57024e-04 0.1 5.711644E+01 2.222222E+04 3.890687E+00
3.00000e+00 1.27060e-04 0.1 2.823556E+01 2.222222E+04 7.870297E+00
2.00000e+00 4.74158e-04 0.1 1.053684E+02 2.222222E+04 2.109002E+00
1.00000e+00 1.35925e-04 0.1 3.020556E+01 2.222222E+04 7.356998E+00
0.00000e+00 -3.88011e-09 1.1 -8.622467E-04 2.444444E+05 -2.834971E+06
