V(__) I(__) lux CurrCoeff.  
0.00000e+00 -1.24701e-10 9.5 -2.771133E-05 2.111111E+06 -7.618223E+08
5.00000e-01 1.08562e-06 9.5 2.412489E-01 2.111111E+06 8.75076E+04
1.00000e+00 3.28518e-06 9.5 7.3004E-01 2.111111E+06 2.891775E+04
1.50000e+00 6.21992e-06 9.5 1.382204E+00 2.111111E+06 1.527351E+04
2.00000e+00 9.81692e-06 9.5 2.181538E+00 2.111111E+06 9.67717E+03
2.50000e+00 1.67428e-05 9.5 3.720622E+00 2.111111E+06 5.674081E+03
3.00000e+00 2.91488e-05 9.5 6.477511E+00 2.111111E+06 3.259139E+03
3.50000e+00 5.42597e-05 9.5 1.205771E+01 2.111111E+06 1.750839E+03
4.00000e+00 9.12035e-05 9.5 2.026744E+01 2.111111E+06 1.041627E+03
4.50000e+00 2.03186e-04 9.5 4.515244E+01 2.111111E+06 4.675519E+02
5.00000e+00 1.68541e-04 9.5 3.745356E+01 2.111111E+06 5.636611E+02
5.50000e+00 4.60761e-05 9.5 1.023913E+01 2.111111E+06 2.061806E+03
6.00000e+00 7.88577e-05 10.5 1.752393E+01 2.333333E+06 1.331512E+03
6.50000e+00 1.55711e-04 10.5 3.460244E+01 2.333333E+06 6.743262E+02
7.00000e+00 2.23055e-04 10.5 4.956778E+01 2.333333E+06 4.707359E+02
7.50000e+00 3.42383e-04 11.5 7.608511E+01 2.555556E+06 3.358812E+02
8.00000e+00 5.05690e-04 11.5 1.123756E+02 2.555556E+06 2.274121E+02
8.50000e+00 7.27673e-04 12.5 1.617051E+02 2.777778E+06 1.717805E+02
9.00000e+00 1.02016e-03 13.6 2.267022E+02 3.022222E+06 1.333124E+02
9.50000e+00 1.38910e-03 13.6 3.086889E+02 3.022222E+06 9.790512E+01
1.00000e+01 1.84993e-03 14.6 4.110956E+02 3.244444E+06 7.892191E+01
1.05000e+01 2.43351e-03 15.6 5.4078E+02 3.466667E+06 6.410493E+01
1.10000e+01 3.15016e-03 16.6 7.000356E+02 3.688889E+06 5.269574E+01
1.15000e+01 4.00831e-03 19.6 8.907356E+02 4.355556E+06 4.889841E+01
1.20000e+01 5.02125e-03 21.7 1.115833E+03 4.822222E+06 4.321633E+01
1.25000e+01 6.19358e-03 22.7 1.376351E+03 5.044444E+06 3.665085E+01
1.30000e+01 7.52519e-03 24.7 1.672264E+03 5.488889E+06 3.282309E+01
V(__) I(__) lux CurrCoeff.  
1.30000e+01 7.47378e-03 21.7 1.66084E+03 4.822222E+06 2.903484E+01
1.25000e+01 5.58609e-03 0.001 1.241353E+03 2.222222E+02 1.790161E-03
1.20000e+01 4.19252e-03 18.6 9.316711E+02 4.133333E+06 4.436473E+01
1.15000e+01 3.11360e-03 16.6 6.919111E+02 3.688889E+06 5.331449E+01
1.10000e+01 2.28130e-03 15.6 5.069556E+02 3.466667E+06 6.838206E+01
1.05000e+01 1.64676e-03 13.6 3.659467E+02 3.022222E+06 8.258641E+01
1.00000e+01 1.17043e-03 12.6 2.600956E+02 2.8E+06 1.076527E+02
9.50000e+00 8.15526e-04 11.5 1.81228E+02 2.555556E+06 1.410133E+02
9.00000e+00 5.62592e-04 11.5 1.250204E+02 2.555556E+06 2.04411E+02
8.50000e+00 3.84085e-04 10.5 8.535222E+01 2.333333E+06 2.73377E+02
8.00000e+00 2.53788e-04 10.5 5.639733E+01 2.333333E+06 4.137311E+02
7.50000e+00 1.71201e-04 10.5 3.804467E+01 2.333333E+06 6.133142E+02
7.00000e+00 1.04818e-04 10.5 2.329289E+01 2.333333E+06 1.001736E+03
6.50000e+00 6.42767e-05 10.5 1.428371E+01 2.333333E+06 1.633562E+03
6.00000e+00 3.93780e-05 10.5 8.750667E+00 2.333333E+06 2.666464E+03
5.50000e+00 2.30147e-05 10.5 5.114378E+00 2.333333E+06 4.562301E+03
5.00000e+00 1.28880e-05 10.5 2.864E+00 2.333333E+06 8.147114E+03
4.50000e+00 6.73166e-06 10.5 1.495924E+00 2.333333E+06 1.559794E+04
4.00000e+00 3.42189e-06 10.5 7.6042E-01 2.333333E+06 3.06848E+04
3.50000e+00 1.52355e-06 10.5 3.385667E-01 2.333333E+06 6.891799E+04
3.00000e+00 5.86557e-07 10.5 1.30346E-01 2.333333E+06 1.790107E+05
2.50000e+00 1.53519e-07 10.5 3.411533E-02 2.333333E+06 6.839544E+05
2.00000e+00 3.39104e-08 10.5 7.535644E-03 2.333333E+06 3.096395E+06
1.50000e+00 -1.83973e-08 10.5 -4.088289E-03 2.333333E+06 -5.707359E+06
1.00000e+00 -2.42295e-08 10.5 -5.384333E-03 2.333333E+06 -4.33356E+06
5.00000e-01 -2.57871e-08 10.5 -5.730467E-03 2.333333E+06 -4.071803E+06
0.00000e+00 -2.53314e-08 10.5 -5.6292E-03 2.333333E+06 -4.145053E+06
