V(__) I(__) lux CurrCoeff.  
0.00000e+00 -1.43971e-06 567.114 -3.199356E-01 1.260253E+08 -3.939085E+06
1.00000e+00 1.31283e-02 567.114 2.9174E+03 1.260253E+08 4.319782E+02
2.00000e+00 2.82526e-02 0.001 6.278356E+03 2.222222E+02 3.539497E-04
3.00000e+00 4.50616e-02 568.115 1.001369E+04 1.262478E+08 1.260752E+02
4.00000e+00 6.30021e-02 567.114 1.400047E+04 1.260253E+08 9.001509E+01
5.00000e+00 8.18437e-02 567.114 1.818749E+04 1.260253E+08 6.929232E+01
6.00000e+00 9.99948e-02 568.115 2.222107E+04 1.262478E+08 5.681445E+01
7.00000e+00 9.99952e-02 567.114 2.222116E+04 1.260253E+08 5.671412E+01
8.00000e+00 9.99951e-02 567.115 2.222113E+04 1.260256E+08 5.671428E+01
9.00000e+00 9.99951e-02 568.115 2.222113E+04 1.262478E+08 5.681428E+01
1.00000e+01 9.99953e-02 567.115 2.222118E+04 1.260256E+08 5.671417E+01
1.10000e+01 9.99952e-02 567.115 2.222116E+04 1.260256E+08 5.671422E+01
1.20000e+01 9.99955e-02 568.115 2.222122E+04 1.262478E+08 5.681406E+01
1.30000e+01 9.99953e-02 567.115 2.222118E+04 1.260256E+08 5.671417E+01
V(__) I(__) lux CurrCoeff.  
1.30000e+01 9.99954e-02 0.001 2.22212E+04 2.222222E+02 1.000046E-04
1.20000e+01 9.99954e-02 567.115 2.22212E+04 1.260256E+08 5.671411E+01
1.10000e+01 9.99955e-02 567.115 2.222122E+04 1.260256E+08 5.671405E+01
1.00000e+01 9.99953e-02 568.115 2.222118E+04 1.262478E+08 5.681417E+01
9.00000e+00 9.99953e-02 568.115 2.222118E+04 1.262478E+08 5.681417E+01
8.00000e+00 9.99954e-02 567.115 2.22212E+04 1.260256E+08 5.671411E+01
7.00000e+00 9.99951e-02 568.115 2.222113E+04 1.262478E+08 5.681428E+01
6.00000e+00 9.99950e-02 568.115 2.222111E+04 1.262478E+08 5.681434E+01
5.00000e+00 8.47952e-02 568.115 1.884338E+04 1.262478E+08 6.699849E+01
4.00000e+00 6.58403e-02 568.115 1.463118E+04 1.262478E+08 8.628682E+01
3.00000e+00 4.76949e-02 567.115 1.059887E+04 1.260256E+08 1.189047E+02
2.00000e+00 3.03496e-02 569.115 6.744356E+03 1.2647E+08 1.875198E+02
1.00000e+00 1.42954e-02 568.115 3.176756E+03 1.262478E+08 3.974111E+02
0.00000e+00 2.53051e-06 568.115 5.623356E-01 1.262478E+08 2.245061E+06
