V(__) I(__) lux CurrCoeff.  
0.00000e+00 -7.06052e-11 7.4 -1.569004E-05 1.644444E+06 -1.048081E+09
5.00000e-01 1.04781e-09 7.4 2.328467E-04 1.644444E+06 7.062349E+07
1.00000e+00 8.12117e-09 7.4 1.804704E-03 1.644444E+06 9.111988E+06
1.50000e+00 1.47343e-08 7.4 3.274289E-03 1.644444E+06 5.022295E+06
2.00000e+00 5.31497e-08 7.4 1.181104E-02 1.644444E+06 1.392294E+06
2.50000e+00 1.78997e-07 7.4 3.977711E-02 1.644444E+06 4.134147E+05
3.00000e+00 8.61899e-07 7.4 1.915331E-01 1.644444E+06 8.585693E+04
3.50000e+00 2.68463e-06 7.4 5.965844E-01 1.644444E+06 2.756432E+04
4.00000e+00 7.23173e-06 7.4 1.607051E+00 1.644444E+06 1.023268E+04
4.50000e+00 1.75607e-05 7.4 3.902378E+00 1.644444E+06 4.213955E+03
5.00000e+00 3.73446e-05 7.4 8.2988E+00 1.644444E+06 1.981545E+03
5.50000e+00 7.14879e-05 7.4 1.58862E+01 1.644444E+06 1.03514E+03
6.00000e+00 1.60733e-04 7.4 3.571844E+01 1.644444E+06 4.603908E+02
6.50000e+00 2.13505e-04 8.4 4.744556E+01 1.866667E+06 3.934334E+02
7.00000e+00 3.37837e-04 8.4 7.507489E+01 1.866667E+06 2.486406E+02
7.50000e+00 5.10760e-04 8.4 1.135022E+02 1.866667E+06 1.644608E+02
8.00000e+00 7.43877e-04 9.4 1.65306E+02 2.088889E+06 1.26365E+02
8.50000e+00 1.05008e-03 0.001 2.333511E+02 2.222222E+02 9.523084E-03
9.00000e+00 1.43689e-03 12.5 3.193089E+02 2.777778E+06 8.699344E+01
9.50000e+00 1.92339e-03 13.5 4.2742E+02 3E+06 7.018857E+01
1.00000e+01 2.54332e-03 14.5 5.651822E+02 3.222222E+06 5.701209E+01
1.05000e+01 3.30318e-03 16.5 7.3404E+02 3.666667E+06 4.995186E+01
1.10000e+01 4.21307e-03 18.5 9.362378E+02 4.111111E+06 4.391097E+01
1.15000e+01 5.28205e-03 19.5 1.173789E+03 4.333333E+06 3.691748E+01
1.20000e+01 6.51052e-03 21.6 1.446782E+03 4.8E+06 3.317707E+01
1.25000e+01 7.88239e-03 22.6 1.751642E+03 5.022222E+06 2.867151E+01
1.30000e+01 9.36439e-03 23.6 2.080976E+03 5.244444E+06 2.520186E+01
V(__) I(__) lux CurrCoeff.  
1.30000e+01 9.19410e-03 22.6 2.043133E+03 5.022222E+06 2.458098E+01
1.25000e+01 6.88575e-03 18.5 1.530167E+03 4.111111E+06 2.686708E+01
1.20000e+01 5.21171e-03 16.5 1.158158E+03 3.666667E+06 3.165947E+01
1.15000e+01 3.91408e-03 14.5 8.697956E+02 3.222222E+06 3.704574E+01
1.10000e+01 2.90177e-03 12.5 6.448378E+02 2.777778E+06 4.307716E+01
1.05000e+01 2.11874e-03 11.5 4.708311E+02 2.555556E+06 5.427754E+01
1.00000e+01 1.52225e-03 10.5 3.382778E+02 2.333333E+06 6.897684E+01
9.50000e+00 1.07584e-03 9.4 2.390756E+02 2.088889E+06 8.737359E+01
9.00000e+00 7.44397e-04 9.4 1.654216E+02 2.088889E+06 1.262767E+02
8.50000e+00 5.09400e-04 8.4 1.132E+02 1.866667E+06 1.648999E+02
8.00000e+00 3.41516e-04 7.4 7.589244E+01 1.644444E+06 2.166809E+02
7.50000e+00 2.24605e-04 7.4 4.991222E+01 1.644444E+06 3.294673E+02
7.00000e+00 1.44682e-04 7.4 3.215156E+01 1.644444E+06 5.114665E+02
6.50000e+00 8.97381e-05 7.4 1.99418E+01 1.644444E+06 8.246219E+02
6.00000e+00 5.53789e-05 7.4 1.230642E+01 1.644444E+06 1.336249E+03
5.50000e+00 3.25688e-05 7.4 7.237511E+00 1.644444E+06 2.272113E+03
5.00000e+00 1.83250e-05 7.4 4.072222E+00 1.644444E+06 4.038199E+03
4.50000e+00 9.52459e-06 7.4 2.116576E+00 1.644444E+06 7.769363E+03
4.00000e+00 4.74803e-06 7.4 1.055118E+00 1.644444E+06 1.558541E+04
3.50000e+00 2.05957e-06 7.4 4.576822E-01 1.644444E+06 3.592983E+04
3.00000e+00 7.22807e-07 7.4 1.606238E-01 1.644444E+06 1.023786E+05
2.50000e+00 1.63090e-07 7.4 3.624222E-02 1.644444E+06 4.537372E+05
2.00000e+00 3.14342e-08 7.4 6.985378E-03 1.644444E+06 2.354124E+06
1.50000e+00 -1.68018e-08 7.4 -3.733733E-03 1.644444E+06 -4.40429E+06
1.00000e+00 -2.37083e-08 7.4 -5.268511E-03 1.644444E+06 -3.12127E+06
5.00000e-01 -2.54049e-08 7.4 -5.645533E-03 1.644444E+06 -2.912824E+06
0.00000e+00 -2.51231e-08 7.4 -5.582911E-03 1.644444E+06 -2.945496E+06
