V(__) I(__) lux CurrCoeff.  
0.00000e+00 -1.87251e-10 5.3 -4.161133E-05 1.177778E+06 -2.830425E+08
1.00000e+00 7.64137e-08 1.1 1.698082E-02 2.444444E+05 1.439532E+05
2.00000e+00 4.99374e-07 0.1 1.10972E-01 2.222222E+04 2.002507E+03
3.00000e+00 1.80147e-05 0.1 4.003267E+00 2.222222E+04 5.551022E+01
4.00000e+00 2.96643e-04 3.1 6.592067E+01 6.888889E+05 1.045027E+02
5.00000e+00 1.53075e-03 16.2 3.401667E+02 3.6E+06 1.058305E+02
6.00000e+00 4.26365e-03 45.3 9.474778E+02 1.006667E+07 1.06247E+02
7.00000e+00 8.64731e-03 102.6 1.921624E+03 2.28E+07 1.186496E+02
8.00000e+00 1.45460e-02 183.1 3.232444E+03 4.068889E+07 1.258765E+02
9.00000e+00 2.15206e-02 285.14 4.782356E+03 6.336444E+07 1.324963E+02
1.00000e+01 2.94351e-02 517.25 6.541133E+03 1.149444E+08 1.757256E+02
1.10000e+01 3.75988e-02 574.29 8.355289E+03 1.2762E+08 1.527416E+02
1.20000e+01 4.44019e-02 555.29 9.867089E+03 1.233978E+08 1.2506E+02
1.30000e+01 4.82448e-02 424.23 1.072107E+04 9.427333E+07 8.793279E+01
V(__) I(__) lux CurrCoeff.  
1.30000e+01 3.68154e-02 68.6 8.1812E+03 1.524444E+07 1.863351E+01
1.20000e+01 1.78733e-02 29.3 3.971844E+03 6.511111E+06 1.639317E+01
1.10000e+01 9.62179e-03 16.2 2.138176E+03 3.6E+06 1.683678E+01
1.00000e+01 5.45572e-03 0.001 1.212382E+03 2.222222E+02 1.832939E-03
9.00000e+00 2.91136e-03 9.2 6.469689E+02 2.044444E+06 3.160035E+01
8.00000e+00 1.44509e-03 2.1 3.211311E+02 4.666667E+05 1.453197E+01
7.00000e+00 6.57135e-04 1.1 1.4603E+02 2.444444E+05 1.673933E+01
6.00000e+00 2.95613e-04 0.1 6.569178E+01 2.222222E+04 3.382801E+00
5.00000e+00 1.15119e-04 0.1 2.5582E+01 2.222222E+04 8.686663E+00
4.00000e+00 1.03030e-04 0.1 2.289556E+01 2.222222E+04 9.705911E+00
3.00000e+00 5.21357e-05 0.1 1.158571E+01 2.222222E+04 1.918071E+01
2.00000e+00 3.04822e-05 0.1 6.773822E+00 2.222222E+04 3.280603E+01
1.00000e+00 8.25960e-06 0.1 1.835467E+00 2.222222E+04 1.210712E+02
0.00000e+00 -1.43518e-08 0.1 -3.189289E-03 2.222222E+04 -6.967767E+04
