VGS(9.5) IDS(9.5) IGS(9.5) VDS(9.5) VGS(10) IDS(10) IGS(10) VDS(10)
9.50000e+00 9.16032e-03 9.17461e-03 1.00000e-03 1.00000e+01 1.18128e-02 1.18134e-02 -1.00000e-03
9.50100e+00 9.42611e-03 9.43312e-03 1.00000e-03 9.99900e+00 1.17990e-02 1.17984e-02 -1.00000e-03
9.50200e+00 9.58205e-03 9.58698e-03 1.00000e-03 9.99800e+00 1.17794e-02 1.17782e-02 -1.00000e-03
9.50300e+00 9.69657e-03 9.70038e-03 1.00000e-03 9.99700e+00 1.17575e-02 1.17569e-02 -1.00000e-03
9.50400e+00 9.78612e-03 9.78885e-03 1.00000e-03 9.99600e+00 1.17357e-02 1.17357e-02 -1.00000e-03
9.50500e+00 9.85712e-03 9.85951e-03 1.00000e-03 9.99500e+00 1.17141e-02 1.17136e-02 -1.00000e-03
9.50600e+00 9.91365e-03 9.91545e-03 1.00000e-03 9.99400e+00 1.16936e-02 1.16931e-02 -1.00000e-03
9.50700e+00 9.96032e-03 9.96146e-03 1.00000e-03 9.99300e+00 1.16722e-02 1.16715e-02 -1.00000e-03
9.50800e+00 9.99549e-03 9.99632e-03 1.00000e-03 9.99200e+00 1.16475e-02 1.16468e-02 -1.00000e-03
9.50900e+00 1.00241e-02 1.00247e-02 1.00000e-03 9.99100e+00 1.16253e-02 1.16246e-02 -1.00000e-03
9.51000e+00 1.00438e-02 1.00443e-02 1.00000e-03 9.99000e+00 1.16032e-02 1.16030e-02 -1.00000e-03
9.51100e+00 1.00580e-02 1.00584e-02 1.00000e-03 9.98900e+00 1.15823e-02 1.15816e-02 -1.00000e-03
9.51200e+00 1.00686e-02 1.00686e-02 1.00000e-03 9.98800e+00 1.15597e-02 1.15594e-02 -1.00000e-03
9.51300e+00 1.00743e-02 1.00744e-02 1.00000e-03 9.98700e+00 1.15339e-02 1.15336e-02 -1.00000e-03
9.51400e+00 1.00773e-02 1.00775e-02 1.00000e-03 9.98600e+00 1.15136e-02 1.15132e-02 -1.00000e-03
9.51500e+00 1.00766e-02 1.00764e-02 1.00000e-03 9.98500e+00 1.14913e-02 1.14904e-02 -1.00000e-03
9.51600e+00 1.00748e-02 1.00748e-02 1.00000e-03 9.98400e+00 1.14652e-02 1.14647e-02 -1.00000e-03
9.51700e+00 1.00700e-02 1.00700e-02 1.00000e-03 9.98300e+00 1.14448e-02 1.14439e-02 -1.00000e-03
9.51800e+00 1.00621e-02 1.00614e-02 1.00000e-03 9.98200e+00 1.14224e-02 1.14216e-02 -1.00000e-03
9.51900e+00 1.00520e-02 1.00513e-02 1.00000e-03 9.98100e+00 1.14003e-02 1.13995e-02 -1.00000e-03
9.52000e+00 1.00400e-02 1.00391e-02 1.00000e-03 9.98000e+00 1.13783e-02 1.13777e-02 -1.00000e-03
9.52100e+00 1.00266e-02 1.00260e-02 1.00000e-03 9.97900e+00 1.13583e-02 1.13581e-02 -1.00000e-03
9.52200e+00 1.00120e-02 1.00109e-02 1.00000e-03 9.97800e+00 1.13369e-02 1.13364e-02 -1.00000e-03
9.52300e+00 9.99532e-03 9.99450e-03 1.00000e-03 9.97700e+00 1.13135e-02 1.13130e-02 -1.00000e-03
9.52400e+00 9.97951e-03 9.97905e-03 1.00000e-03 9.97600e+00 1.12890e-02 1.12885e-02 -1.00000e-03
9.52500e+00 9.96019e-03 9.95934e-03 1.00000e-03 9.97500e+00 1.12678e-02 1.12668e-02 -1.00000e-03
9.52600e+00 9.94097e-03 9.94007e-03 1.00000e-03 9.97400e+00 1.12455e-02 1.12450e-02 -1.00000e-03
9.52700e+00 9.92147e-03 9.92038e-03 1.00000e-03 9.97300e+00 1.12245e-02 1.12240e-02 -1.00000e-03
9.52800e+00 9.89973e-03 9.89663e-03 1.00000e-03 9.97200e+00 1.12018e-02 1.12014e-02 -1.00000e-03
9.52900e+00 9.87568e-03 9.87458e-03 1.00000e-03 9.97100e+00 1.11802e-02 1.11793e-02 -1.00000e-03
9.53000e+00 9.85362e-03 9.85272e-03 1.00000e-03 9.97000e+00 1.11588e-02 1.11579e-02 -1.00000e-03
9.53100e+00 9.83046e-03 9.82977e-03 1.00000e-03 9.96900e+00 1.11366e-02 1.11365e-02 -1.00000e-03
9.53200e+00 9.80954e-03 9.80885e-03 1.00000e-03 9.96800e+00 1.11128e-02 1.11121e-02 -1.00000e-03
9.53300e+00 9.78526e-03 9.78440e-03 1.00000e-03 9.96700e+00 1.10913e-02 1.10907e-02 -1.00000e-03
9.53400e+00 9.76155e-03 9.76019e-03 1.00000e-03 9.96600e+00 1.10720e-02 1.10712e-02 -1.00000e-03
9.53500e+00 9.73749e-03 9.73661e-03 1.00000e-03 9.96500e+00 1.10485e-02 1.10483e-02 -1.00000e-03
9.53600e+00 9.71295e-03 9.71217e-03 1.00000e-03 9.96400e+00 1.10283e-02 1.10279e-02 -1.00000e-03
9.53700e+00 9.68822e-03 9.68677e-03 1.00000e-03 9.96300e+00 1.10067e-02 1.10071e-02 -1.00000e-03
9.53800e+00 9.66278e-03 9.66224e-03 1.00000e-03 9.96200e+00 1.09868e-02 1.09856e-02 -1.00000e-03
9.53900e+00 9.63758e-03 9.63674e-03 1.00000e-03 9.96100e+00 1.09647e-02 1.09643e-02 -1.00000e-03
9.54000e+00 9.61433e-03 9.61296e-03 1.00000e-03 9.96000e+00 1.09393e-02 1.09385e-02 -1.00000e-03
9.54100e+00 9.58907e-03 9.58779e-03 1.00000e-03 9.95900e+00 1.09193e-02 1.09183e-02 -1.00000e-03
9.54200e+00 9.56275e-03 9.56118e-03 1.00000e-03 9.95800e+00 1.08978e-02 1.08973e-02 -1.00000e-03
9.54300e+00 9.53754e-03 9.53725e-03 1.00000e-03 9.95700e+00 1.08780e-02 1.08775e-02 -1.00000e-03
9.54400e+00 9.51122e-03 9.50921e-03 1.00000e-03 9.95600e+00 1.08518e-02 1.08513e-02 -1.00000e-03
9.54500e+00 9.48537e-03 9.48396e-03 1.00000e-03 9.95500e+00 1.08314e-02 1.08306e-02 -1.00000e-03
9.54600e+00 9.45926e-03 9.45856e-03 1.00000e-03 9.95400e+00 1.08105e-02 1.08103e-02 -1.00000e-03
9.54700e+00 9.43399e-03 9.43276e-03 1.00000e-03 9.95300e+00 1.07903e-02 1.07902e-02 -1.00000e-03
9.54800e+00 9.40910e-03 9.40847e-03 1.00000e-03 9.95200e+00 1.07699e-02 1.07697e-02 -1.00000e-03
9.54900e+00 9.38370e-03 9.38231e-03 1.00000e-03 9.95100e+00 1.07462e-02 1.07459e-02 -1.00000e-03
9.55000e+00 9.35875e-03 9.35747e-03 1.00000e-03 9.95000e+00 1.07255e-02 1.07250e-02 -1.00000e-03
9.55100e+00 9.33233e-03 9.33112e-03 1.00000e-03 9.94900e+00 1.07052e-02 1.07049e-02 -1.00000e-03
9.55200e+00 9.30776e-03 9.30812e-03 1.00000e-03 9.94800e+00 1.06841e-02 1.06838e-02 -1.00000e-03
9.55300e+00 9.28196e-03 9.28111e-03 1.00000e-03 9.94700e+00 1.06634e-02 1.06625e-02 -1.00000e-03
9.55400e+00 9.25818e-03 9.25623e-03 1.00000e-03 9.94600e+00 1.06440e-02 1.06430e-02 -1.00000e-03
9.55500e+00 9.23305e-03 9.23231e-03 1.00000e-03 9.94500e+00 1.06224e-02 1.06220e-02 -1.00000e-03
9.55600e+00 9.20972e-03 9.20696e-03 1.00000e-03 9.94400e+00 1.06040e-02 1.06025e-02 -1.00000e-03
9.55700e+00 9.18475e-03 9.18352e-03 1.00000e-03 9.94300e+00 1.05787e-02 1.05780e-02 -1.00000e-03
9.55800e+00 9.16141e-03 9.16015e-03 1.00000e-03 9.94200e+00 1.05589e-02 1.05566e-02 -1.00000e-03
9.55900e+00 9.13881e-03 9.13811e-03 1.00000e-03 9.94100e+00 1.05366e-02 1.05362e-02 -1.00000e-03
9.56000e+00 9.11430e-03 9.11341e-03 1.00000e-03 9.94000e+00 1.05185e-02 1.05175e-02 -1.00000e-03
9.56100e+00 9.09156e-03 9.09069e-03 1.00000e-03 9.93900e+00 1.04971e-02 1.04959e-02 -1.00000e-03
9.56200e+00 9.06928e-03 9.06766e-03 1.00000e-03 9.93800e+00 1.04747e-02 1.04741e-02 -1.00000e-03
9.56300e+00 9.04673e-03 9.04592e-03 1.00000e-03 9.93700e+00 1.04551e-02 1.04552e-02 -1.00000e-03
9.56400e+00 9.02648e-03 9.02602e-03 1.00000e-03 9.93600e+00 1.04338e-02 1.04336e-02 -1.00000e-03
9.56500e+00 9.00646e-03 9.00554e-03 1.00000e-03 9.93500e+00 1.04116e-02 1.04110e-02 -1.00000e-03
9.56600e+00 8.98477e-03 8.98409e-03 1.00000e-03 9.93400e+00 1.03909e-02 1.03908e-02 -1.00000e-03
9.56700e+00 8.96547e-03 8.96451e-03 1.00000e-03 9.93300e+00 1.03715e-02 1.03711e-02 -1.00000e-03
9.56800e+00 8.94633e-03 8.94561e-03 1.00000e-03 9.93200e+00 1.03509e-02 1.03507e-02 -1.00000e-03
9.56900e+00 8.92660e-03 8.92563e-03 1.00000e-03 9.93100e+00 1.03322e-02 1.03322e-02 -1.00000e-03
9.57000e+00 8.90901e-03 8.90823e-03 1.00000e-03 9.93000e+00 1.03128e-02 1.03117e-02 -1.00000e-03
9.57100e+00 8.89227e-03 8.89206e-03 1.00000e-03 9.92900e+00 1.02928e-02 1.02924e-02 -1.00000e-03
9.57200e+00 8.87632e-03 8.87573e-03 1.00000e-03 9.92800e+00 1.02718e-02 1.02713e-02 -1.00000e-03
9.57300e+00 8.86433e-03 8.86322e-03 1.00000e-03 9.92700e+00 1.02496e-02 1.02494e-02 -1.00000e-03
9.57400e+00 8.84876e-03 8.84756e-03 1.00000e-03 9.92600e+00 1.02311e-02 1.02308e-02 -1.00000e-03
9.57500e+00 8.83482e-03 8.83476e-03 1.00000e-03 9.92500e+00 1.02103e-02 1.02101e-02 -1.00000e-03
9.57600e+00 8.82540e-03 8.82457e-03 1.00000e-03 9.92400e+00 1.01895e-02 1.01893e-02 -1.00000e-03
9.57700e+00 8.81567e-03 8.81595e-03 1.00000e-03 9.92300e+00 1.01699e-02 1.01694e-02 -1.00000e-03
9.57800e+00 8.80873e-03 8.80847e-03 1.00000e-03 9.92200e+00 1.01514e-02 1.01511e-02 -1.00000e-03
9.57900e+00 8.80326e-03 8.80245e-03 1.00000e-03 9.92100e+00 1.01306e-02 1.01299e-02 -1.00000e-03
9.58000e+00 8.80184e-03 8.80198e-03 1.00000e-03 9.92000e+00 1.01111e-02 1.01104e-02 -1.00000e-03
9.58100e+00 8.80760e-03 8.80773e-03 1.00000e-03 9.91900e+00 1.00895e-02 1.00894e-02 -1.00000e-03
9.58200e+00 8.82036e-03 8.82112e-03 1.00000e-03 9.91800e+00 1.00703e-02 1.00704e-02 -1.00000e-03
9.58300e+00 8.85869e-03 8.85986e-03 1.00000e-03 9.91700e+00 1.00508e-02 1.00508e-02 -1.00000e-03
9.58400e+00 8.92448e-03 8.93734e-03 1.00000e-03 9.91600e+00 1.00327e-02 1.00323e-02 -1.00000e-03
9.58500e+00 8.93910e-02 8.99854e-02 1.00000e-03 9.91500e+00 1.00123e-02 1.00123e-02 -1.00000e-03
9.58600e+00 9.03271e-02 9.03261e-02 1.00000e-03 9.91400e+00 9.99232e-03 9.99206e-03 -1.00000e-03
9.58700e+00 8.94710e-02 8.93743e-02 1.00000e-03 9.91300e+00 9.97397e-03 9.97401e-03 -1.00000e-03
9.58800e+00 8.88124e-02 8.88073e-02 1.00000e-03 9.91200e+00 9.95411e-03 9.95425e-03 -1.00000e-03
9.58900e+00 8.85788e-02 8.85991e-02 1.00000e-03 9.91100e+00 9.93324e-03 9.93206e-03 -1.00000e-03
9.59000e+00 8.84569e-02 8.84420e-02 1.00000e-03 9.91000e+00 9.91484e-03 9.91356e-03 -1.00000e-03
9.59100e+00 8.83580e-02 8.83433e-02 1.00000e-03 9.90900e+00 9.89477e-03 9.89405e-03 -1.00000e-03
9.59200e+00 8.82739e-02 8.82578e-02 1.00000e-03 9.90800e+00 9.87653e-03 9.87649e-03 -1.00000e-03
9.59300e+00 8.82164e-02 8.82457e-02 1.00000e-03 9.90700e+00 9.85928e-03 9.85907e-03 -1.00000e-03
9.59400e+00 8.81930e-02 8.81814e-02 1.00000e-03 9.90600e+00 9.84039e-03 9.84037e-03 -1.00000e-03
9.59500e+00 8.81714e-02 8.81550e-02 1.00000e-03 9.90500e+00 9.82244e-03 9.82163e-03 -1.00000e-03
9.59600e+00 8.81783e-02 8.81676e-02 1.00000e-03 9.90400e+00 9.80000e-03 9.79950e-03 -1.00000e-03
9.59700e+00 8.81566e-02 8.81589e-02 1.00000e-03 9.90300e+00 9.77851e-03 9.77807e-03 -1.00000e-03
9.59800e+00 8.81106e-02 8.81138e-02 1.00000e-03 9.90200e+00 9.76071e-03 9.76006e-03 -1.00000e-03
9.59900e+00 8.80841e-02 8.81020e-02 1.00000e-03 9.90100e+00 9.74245e-03 9.74182e-03 -1.00000e-03
9.60000e+00 8.80972e-02 8.81172e-02 1.00000e-03 9.90000e+00 9.72539e-03 9.72430e-03 -1.00000e-03
9.60100e+00 8.80579e-02 8.80580e-02 1.00000e-03 9.89900e+00 9.70448e-03 9.70498e-03 -1.00000e-03
9.60200e+00 8.80271e-02 8.80222e-02 1.00000e-03 9.89800e+00 9.68756e-03 9.68722e-03 -1.00000e-03
9.60300e+00 8.79762e-02 8.79874e-02 1.00000e-03 9.89700e+00 9.66897e-03 9.66806e-03 -1.00000e-03
9.60400e+00 8.79790e-02 8.79806e-02 1.00000e-03 9.89600e+00 9.65140e-03 9.65081e-03 -1.00000e-03
9.60500e+00 8.79968e-02 8.80117e-02 1.00000e-03 9.89500e+00 9.62954e-03 9.62876e-03 -1.00000e-03
9.60600e+00 8.80222e-02 8.79921e-02 1.00000e-03 9.89400e+00 9.61107e-03 9.61049e-03 -1.00000e-03
9.60700e+00 8.80690e-02 8.80648e-02 1.00000e-03 9.89300e+00 9.59492e-03 9.59435e-03 -1.00000e-03
9.60800e+00 8.80797e-02 8.80749e-02 1.00000e-03 9.89200e+00 9.57598e-03 9.57573e-03 -1.00000e-03
9.60900e+00 8.81243e-02 8.81548e-02 1.00000e-03 9.89100e+00 9.55827e-03 9.55799e-03 -1.00000e-03
9.61000e+00 8.81714e-02 8.81734e-02 1.00000e-03 9.89000e+00 9.54045e-03 9.54017e-03 -1.00000e-03
9.61100e+00 8.81532e-02 8.81285e-02 1.00000e-03 9.88900e+00 9.51733e-03 9.51730e-03 -1.00000e-03
9.61200e+00 8.81566e-02 8.81481e-02 1.00000e-03 9.88800e+00 9.50097e-03 9.50147e-03 -1.00000e-03
9.61300e+00 8.82307e-02 8.82067e-02 1.00000e-03 9.88700e+00 9.47858e-03 9.47775e-03 -1.00000e-03
9.61400e+00 8.81718e-02 8.81820e-02 1.00000e-03 9.88600e+00 9.46006e-03 9.45882e-03 -1.00000e-03
9.61500e+00 8.81856e-02 8.82061e-02 1.00000e-03 9.88500e+00 9.44189e-03 9.44116e-03 -1.00000e-03
9.61600e+00 8.81198e-02 8.81419e-02 1.00000e-03 9.88400e+00 9.42609e-03 9.42584e-03 -1.00000e-03
9.61700e+00 8.80931e-02 8.80896e-02 1.00000e-03 9.88300e+00 9.40916e-03 9.40854e-03 -1.00000e-03
9.61800e+00 8.81381e-02 8.81150e-02 1.00000e-03 9.88200e+00 9.39178e-03 9.39246e-03 -1.00000e-03
9.61900e+00 8.80566e-02 8.80729e-02 1.00000e-03 9.88100e+00 9.37301e-03 9.37167e-03 -1.00000e-03
9.62000e+00 8.81004e-02 8.80833e-02 1.00000e-03 9.88000e+00 9.35683e-03 9.35455e-03 -1.00000e-03
9.62100e+00 8.81124e-02 8.80873e-02 1.00000e-03 9.87900e+00 9.33573e-03 9.33532e-03 -1.00000e-03
9.62200e+00 8.81731e-02 8.81543e-02 1.00000e-03 9.87800e+00 9.31517e-03 9.31477e-03 -1.00000e-03
9.62300e+00 8.81530e-02 8.81899e-02 1.00000e-03 9.87700e+00 9.29854e-03 9.29698e-03 -1.00000e-03
9.62400e+00 8.81641e-02 8.81606e-02 1.00000e-03 9.87600e+00 9.28125e-03 9.28100e-03 -1.00000e-03
9.62500e+00 8.82161e-02 8.82081e-02 1.00000e-03 9.87500e+00 9.26316e-03 9.26361e-03 -1.00000e-03
9.62600e+00 8.82050e-02 8.81787e-02 1.00000e-03 9.87400e+00 9.24646e-03 9.24548e-03 -1.00000e-03
9.62700e+00 8.85538e-02 8.84355e-02 1.00000e-03 9.87300e+00 9.23169e-03 9.23068e-03 -1.00000e-03
9.62800e+00 8.82258e-02 8.82243e-02 1.00000e-03 9.87200e+00 9.21332e-03 9.21339e-03 -1.00000e-03
9.62900e+00 8.82113e-02 8.82334e-02 1.00000e-03 9.87100e+00 9.19394e-03 9.19298e-03 -1.00000e-03
9.63000e+00 8.82389e-02 8.82377e-02 1.00000e-03 9.87000e+00 9.17734e-03 9.17732e-03 -1.00000e-03
9.63100e+00 8.82927e-02 8.82813e-02 1.00000e-03 9.86900e+00 9.15870e-03 9.15759e-03 -1.00000e-03
9.63200e+00 8.82896e-02 8.82842e-02 1.00000e-03 9.86800e+00 9.14308e-03 9.14188e-03 -1.00000e-03
9.63300e+00 8.83124e-02 8.82995e-02 1.00000e-03 9.86700e+00 9.12635e-03 9.12582e-03 -1.00000e-03
9.63400e+00 8.83673e-02 8.83582e-02 1.00000e-03 9.86600e+00 9.10611e-03 9.10570e-03 -1.00000e-03
9.63500e+00 8.83393e-02 8.83336e-02 1.00000e-03 9.86500e+00 9.09054e-03 9.09039e-03 -1.00000e-03
9.63600e+00 8.83706e-02 8.83588e-02 1.00000e-03 9.86400e+00 9.07605e-03 9.07566e-03 -1.00000e-03
9.63700e+00 8.83708e-02 8.83635e-02 1.00000e-03 9.86300e+00 9.05834e-03 9.05790e-03 -1.00000e-03
9.63800e+00 8.83474e-02 8.83832e-02 1.00000e-03 9.86200e+00 9.03786e-03 9.03849e-03 -1.00000e-03
9.63900e+00 8.84352e-02 8.84250e-02 1.00000e-03 9.86100e+00 9.02165e-03 9.02154e-03 -1.00000e-03
9.64000e+00 8.84167e-02 8.84105e-02 1.00000e-03 9.86000e+00 9.00505e-03 9.00430e-03 -1.00000e-03
9.64100e+00 8.84329e-02 8.84207e-02 1.00000e-03 9.85900e+00 8.98658e-03 8.98655e-03 -1.00000e-03
9.64200e+00 8.85171e-02 8.85179e-02 1.00000e-03 9.85800e+00 8.96819e-03 8.96695e-03 -1.00000e-03
9.64300e+00 8.84334e-02 8.84330e-02 1.00000e-03 9.85700e+00 8.95032e-03 8.95055e-03 -1.00000e-03
9.64400e+00 8.84356e-02 8.84461e-02 1.00000e-03 9.85600e+00 8.93516e-03 8.93459e-03 -1.00000e-03
9.64500e+00 8.84724e-02 8.84782e-02 1.00000e-03 9.85500e+00 8.91999e-03 8.91975e-03 -1.00000e-03
9.64600e+00 8.92167e-02 8.89679e-02 1.00000e-03 9.85400e+00 8.90068e-03 8.90110e-03 -1.00000e-03
9.64700e+00 8.85195e-02 8.85289e-02 1.00000e-03 9.85300e+00 8.88149e-03 8.88148e-03 -1.00000e-03
9.64800e+00 8.85499e-02 8.85442e-02 1.00000e-03 9.85200e+00 8.86433e-03 8.86355e-03 -1.00000e-03
9.64900e+00 8.89190e-02 8.90290e-02 1.00000e-03 9.85100e+00 8.84895e-03 8.84882e-03 -1.00000e-03
9.65000e+00 8.85725e-02 8.85908e-02 1.00000e-03 9.85000e+00 8.83138e-03 8.83130e-03 -1.00000e-03
9.65100e+00 8.85682e-02 8.85645e-02 1.00000e-03 9.84900e+00 8.81608e-03 8.81557e-03 -1.00000e-03
9.65200e+00 8.86072e-02 8.86013e-02 1.00000e-03 9.84800e+00 8.80060e-03 8.80039e-03 -1.00000e-03
9.65300e+00 8.86067e-02 8.86101e-02 1.00000e-03 9.84700e+00 8.78483e-03 8.78458e-03 -1.00000e-03
9.65400e+00 8.86228e-02 8.86236e-02 1.00000e-03 9.84600e+00 8.76750e-03 8.76726e-03 -1.00000e-03
9.65500e+00 8.86462e-02 8.86486e-02 1.00000e-03 9.84500e+00 8.74944e-03 8.74777e-03 -1.00000e-03
9.65600e+00 8.86426e-02 8.86375e-02 1.00000e-03 9.84400e+00 8.73052e-03 8.73009e-03 -1.00000e-03
9.65700e+00 8.86632e-02 8.86902e-02 1.00000e-03 9.84300e+00 8.71400e-03 8.71339e-03 -1.00000e-03
9.65800e+00 8.87076e-02 8.86979e-02 1.00000e-03 9.84200e+00 8.69683e-03 8.69650e-03 -1.00000e-03
9.65900e+00 8.87270e-02 8.87159e-02 1.00000e-03 9.84100e+00 8.68038e-03 8.67969e-03 -1.00000e-03
9.66000e+00 8.87601e-02 8.87653e-02 1.00000e-03 9.84000e+00 8.66456e-03 8.66432e-03 -1.00000e-03
9.66100e+00 8.88255e-02 8.88395e-02 1.00000e-03 9.83900e+00 8.64907e-03 8.64860e-03 -1.00000e-03
9.66200e+00 8.88794e-02 8.88587e-02 1.00000e-03 9.83800e+00 8.63214e-03 8.63157e-03 -1.00000e-03
9.66300e+00 8.88894e-02 8.89156e-02 1.00000e-03 9.83700e+00 8.61516e-03 8.61430e-03 -1.00000e-03
9.66400e+00 8.90110e-02 8.90305e-02 1.00000e-03 9.83600e+00 8.59770e-03 8.59732e-03 -1.00000e-03
9.66500e+00 9.03055e-02 9.03355e-02 1.00000e-03 9.83500e+00 8.58206e-03 8.58179e-03 -1.00000e-03
9.66600e+00 9.05409e-02 9.05419e-02 1.00000e-03 9.83400e+00 8.56694e-03 8.56673e-03 -1.00000e-03
9.66700e+00 9.05552e-02 9.05557e-02 1.00000e-03 9.83300e+00 8.55021e-03 8.55006e-03 -1.00000e-03
9.66800e+00 9.05559e-02 9.05500e-02 1.00000e-03 9.83200e+00 8.53465e-03 8.53443e-03 -1.00000e-03
9.66900e+00 9.05471e-02 9.05475e-02 1.00000e-03 9.83100e+00 8.51852e-03 8.51867e-03 -1.00000e-03
9.67000e+00 9.05463e-02 9.05439e-02 1.00000e-03 9.83000e+00 8.50115e-03 8.49984e-03 -1.00000e-03
9.67100e+00 9.05387e-02 9.05398e-02 1.00000e-03 9.82900e+00 8.48462e-03 8.48461e-03 -1.00000e-03
9.67200e+00 9.05426e-02 9.05469e-02 1.00000e-03 9.82800e+00 8.46895e-03 8.46963e-03 -1.00000e-03
9.67300e+00 9.05276e-02 9.05287e-02 1.00000e-03 9.82700e+00 8.45370e-03 8.45362e-03 -1.00000e-03
9.67400e+00 9.06151e-02 9.06138e-02 1.00000e-03 9.82600e+00 8.43710e-03 8.43675e-03 -1.00000e-03
9.67500e+00 5.26102e-12 8.94749e-12 1.00000e-03 9.82500e+00 8.42302e-03 8.42251e-03 -1.00000e-03
9.67600e+00 1.49282e-11 8.65314e-12 1.00000e-03 9.82400e+00 8.40909e-03 8.40904e-03 -1.00000e-03
9.67700e+00 1.74513e-02 1.73509e-02 1.00000e-03 9.82300e+00 8.39129e-03 8.38940e-03 -1.00000e-03
9.67800e+00 1.53087e-02 1.52453e-02 1.00000e-03 9.82200e+00 8.37207e-03 8.37156e-03 -1.00000e-03
9.67900e+00 2.57694e-02 2.57612e-02 1.00000e-03 9.82100e+00 8.35669e-03 8.35669e-03 -1.00000e-03
9.68000e+00 2.53177e-02 2.52977e-02 1.00000e-03 9.82000e+00 8.34244e-03 8.34233e-03 -1.00000e-03
9.68100e+00 2.48063e-02 3.10603e-02 1.00000e-03 9.81900e+00 8.32709e-03 8.32673e-03 -1.00000e-03
9.68200e+00 3.21139e-02 3.21045e-02 1.00000e-03 9.81800e+00 8.31178e-03 8.31090e-03 -1.00000e-03
9.68300e+00 7.03712e-02 7.04286e-02 1.00000e-03 9.81700e+00 8.29660e-03 8.29641e-03 -1.00000e-03
9.68400e+00 7.06191e-02 7.06818e-02 1.00000e-03 9.81600e+00 8.28126e-03 8.28100e-03 -1.00000e-03
9.68500e+00 7.06997e-02 7.06947e-02 1.00000e-03 9.81500e+00 8.26642e-03 8.26613e-03 -1.00000e-03
9.68600e+00 3.09153e-02 3.09422e-02 1.00000e-03 9.81400e+00 8.24974e-03 8.24913e-03 -1.00000e-03
9.68700e+00 3.12068e-02 3.12084e-02 1.00000e-03 9.81300e+00 8.23547e-03 8.23487e-03 -1.00000e-03
9.68800e+00 3.09768e-02 3.09765e-02 1.00000e-03 9.81200e+00 8.21903e-03 8.21875e-03 -1.00000e-03
9.68900e+00 6.34720e-02 6.35599e-02 1.00000e-03 9.81100e+00 8.20378e-03 8.20400e-03 -1.00000e-03
9.69000e+00 6.42575e-02 6.42909e-02 1.00000e-03 9.81000e+00 8.18925e-03 8.18925e-03 -1.00000e-03
9.69100e+00 3.03790e-02 3.03928e-02 1.00000e-03 9.80900e+00 8.17499e-03 8.17447e-03 -1.00000e-03
9.69200e+00 3.04101e-02 3.04043e-02 1.00000e-03 9.80800e+00 8.15953e-03 8.15946e-03 -1.00000e-03
9.69300e+00 3.01121e-02 3.01036e-02 1.00000e-03 9.80700e+00 8.14446e-03 8.14420e-03 -1.00000e-03
9.69400e+00 2.98586e-02 2.98487e-02 1.00000e-03 9.80600e+00 8.12817e-03 8.12697e-03 -1.00000e-03
9.69500e+00 2.95664e-02 2.95303e-02 1.00000e-03 9.80500e+00 8.11310e-03 8.11269e-03 -1.00000e-03
9.69600e+00 2.92164e-02 2.92035e-02 1.00000e-03 9.80400e+00 8.09824e-03 8.09801e-03 -1.00000e-03
9.69700e+00 2.88695e-02 2.88556e-02 1.00000e-03 9.80300e+00 8.08488e-03 8.08462e-03 -1.00000e-03
9.69800e+00 2.85070e-02 2.84921e-02 1.00000e-03 9.80200e+00 8.06822e-03 8.06765e-03 -1.00000e-03
9.69900e+00 2.81481e-02 2.81334e-02 1.00000e-03 9.80100e+00 8.05479e-03 8.05461e-03 -1.00000e-03
9.70000e+00 2.77622e-02 2.77475e-02 1.00000e-03 9.80000e+00 8.03970e-03 8.03897e-03 -1.00000e-03
9.70100e+00 2.73704e-02 2.73553e-02 1.00000e-03 9.79900e+00 8.02549e-03 8.02431e-03 -1.00000e-03
9.70200e+00 2.69812e-02 2.69665e-02 1.00000e-03 9.79800e+00 8.00658e-03 8.00655e-03 -1.00000e-03
9.70300e+00 2.65895e-02 2.65743e-02 1.00000e-03 9.79700e+00 7.99000e-03 7.98949e-03 -1.00000e-03
9.70400e+00 2.62008e-02 2.61864e-02 1.00000e-03 9.79600e+00 7.97541e-03 7.97477e-03 -1.00000e-03
9.70500e+00 2.58196e-02 2.58051e-02 1.00000e-03 9.79500e+00 7.96053e-03 7.96015e-03 -1.00000e-03
9.70600e+00 2.54456e-02 2.54315e-02 1.00000e-03 9.79400e+00 7.94697e-03 7.94685e-03 -1.00000e-03
9.70700e+00 2.50809e-02 2.50673e-02 1.00000e-03 9.79300e+00 7.93262e-03 7.93250e-03 -1.00000e-03
9.70800e+00 2.47263e-02 2.47130e-02 1.00000e-03 9.79200e+00 7.91834e-03 7.91802e-03 -1.00000e-03
9.70900e+00 2.43805e-02 2.43678e-02 1.00000e-03 9.79100e+00 7.90459e-03 7.90483e-03 -1.00000e-03
9.71000e+00 2.40505e-02 2.40385e-02 1.00000e-03 9.79000e+00 7.88867e-03 7.88802e-03 -1.00000e-03
9.71100e+00 2.37290e-02 2.37166e-02 1.00000e-03 9.78900e+00 7.87336e-03 7.87326e-03 -1.00000e-03
9.71200e+00 2.34170e-02 2.34055e-02 1.00000e-03 9.78800e+00 7.85954e-03 7.85950e-03 -1.00000e-03
9.71300e+00 2.31171e-02 2.31065e-02 1.00000e-03 9.78700e+00 7.84615e-03 7.84568e-03 -1.00000e-03
9.71400e+00 2.28280e-02 2.28168e-02 1.00000e-03 9.78600e+00 7.83189e-03 7.83209e-03 -1.00000e-03
9.71500e+00 2.25484e-02 2.25380e-02 1.00000e-03 9.78500e+00 7.81833e-03 7.81814e-03 -1.00000e-03
9.71600e+00 2.22802e-02 2.22697e-02 1.00000e-03 9.78400e+00 7.80436e-03 7.80394e-03 -1.00000e-03
9.71700e+00 2.20198e-02 2.20103e-02 1.00000e-03 9.78300e+00 7.79004e-03 7.78971e-03 -1.00000e-03
9.71800e+00 2.17750e-02 2.17656e-02 1.00000e-03 9.78200e+00 7.77341e-03 7.77293e-03 -1.00000e-03
9.71900e+00 2.15346e-02 2.15253e-02 1.00000e-03 9.78100e+00 7.75853e-03 7.75788e-03 -1.00000e-03
9.72000e+00 2.13025e-02 2.12941e-02 1.00000e-03 9.78000e+00 7.74450e-03 7.74460e-03 -1.00000e-03
9.72100e+00 2.10795e-02 2.10711e-02 1.00000e-03 9.77900e+00 7.73135e-03 7.73068e-03 -1.00000e-03
9.72200e+00 2.08640e-02 2.08559e-02 1.00000e-03 9.77800e+00 7.71716e-03 7.71751e-03 -1.00000e-03
9.72300e+00 2.06566e-02 2.06328e-02 1.00000e-03 9.77700e+00 7.70368e-03 7.70321e-03 -1.00000e-03
9.72400e+00 2.04410e-02 2.04337e-02 1.00000e-03 9.77600e+00 7.69044e-03 7.68998e-03 -1.00000e-03
9.72500e+00 2.02478e-02 2.02406e-02 1.00000e-03 9.77500e+00 7.67613e-03 7.67500e-03 -1.00000e-03
9.72600e+00 2.00661e-02 2.00592e-02 1.00000e-03 9.77400e+00 7.66384e-03 7.66286e-03 -1.00000e-03
9.72700e+00 1.98859e-02 1.98791e-02 1.00000e-03 9.77300e+00 7.64566e-03 7.64549e-03 -1.00000e-03
9.72800e+00 1.97129e-02 1.97062e-02 1.00000e-03 9.77200e+00 7.63224e-03 7.63224e-03 -1.00000e-03
9.72900e+00 1.95439e-02 1.95374e-02 1.00000e-03 9.77100e+00 7.61904e-03 7.61868e-03 -1.00000e-03
9.73000e+00 1.93803e-02 1.93741e-02 1.00000e-03 9.77000e+00 7.60683e-03 7.60598e-03 -1.00000e-03
9.73100e+00 1.92217e-02 1.92162e-02 1.00000e-03 9.76900e+00 7.59250e-03 7.59230e-03 -1.00000e-03
9.73200e+00 1.90696e-02 1.90635e-02 1.00000e-03 9.76800e+00 7.57808e-03 7.57753e-03 -1.00000e-03
9.73300e+00 1.89209e-02 1.89152e-02 1.00000e-03 9.76700e+00 7.56464e-03 7.56445e-03 -1.00000e-03
9.73400e+00 1.87812e-02 1.87760e-02 1.00000e-03 9.76600e+00 7.55124e-03 7.55102e-03 -1.00000e-03
9.73500e+00 1.86419e-02 1.86364e-02 1.00000e-03 9.76500e+00 7.53536e-03 7.53536e-03 -1.00000e-03
9.73600e+00 1.85057e-02 1.85007e-02 1.00000e-03 9.76400e+00 7.52205e-03 7.52184e-03 -1.00000e-03
9.73700e+00 1.83746e-02 1.83694e-02 1.00000e-03 9.76300e+00 7.50686e-03 7.50675e-03 -1.00000e-03
9.73800e+00 1.82469e-02 1.82424e-02 1.00000e-03 9.76200e+00 7.49428e-03 7.49338e-03 -1.00000e-03
9.73900e+00 1.81231e-02 1.81188e-02 1.00000e-03 9.76100e+00 7.48263e-03 7.48186e-03 -1.00000e-03
9.74000e+00 1.80017e-02 1.79973e-02 1.00000e-03 9.76000e+00 7.46763e-03 7.46729e-03 -1.00000e-03
9.74100e+00 1.78844e-02 1.78799e-02 1.00000e-03 9.75900e+00 7.45383e-03 7.45345e-03 -1.00000e-03
9.74200e+00 1.77742e-02 1.77700e-02 1.00000e-03 9.75800e+00 7.44025e-03 7.43959e-03 -1.00000e-03
9.74300e+00 1.76632e-02 1.76592e-02 1.00000e-03 9.75700e+00 7.42523e-03 7.42501e-03 -1.00000e-03
9.74400e+00 1.75560e-02 1.75517e-02 1.00000e-03 9.75600e+00 7.41273e-03 7.41274e-03 -1.00000e-03
9.74500e+00 1.74501e-02 1.74459e-02 1.00000e-03 9.75500e+00 7.39825e-03 7.39823e-03 -1.00000e-03
9.74600e+00 1.73472e-02 1.73432e-02 1.00000e-03 9.75400e+00 7.38584e-03 7.38496e-03 -1.00000e-03
9.74700e+00 1.72479e-02 1.72434e-02 1.00000e-03 9.75300e+00 7.37172e-03 7.37145e-03 -1.00000e-03
9.74800e+00 1.71494e-02 1.71456e-02 1.00000e-03 9.75200e+00 7.35892e-03 7.35872e-03 -1.00000e-03
9.74900e+00 1.70545e-02 1.70503e-02 1.00000e-03 9.75100e+00 7.34593e-03 7.34592e-03 -1.00000e-03
9.75000e+00 1.69644e-02 1.69610e-02 1.00000e-03 9.75000e+00 7.33420e-03 7.33372e-03 -1.00000e-03
9.75100e+00 1.68743e-02 1.68635e-02 1.00000e-03 9.74900e+00 7.31891e-03 7.31901e-03 -1.00000e-03
9.75200e+00 1.67783e-02 1.67751e-02 1.00000e-03 9.74800e+00 7.30507e-03 7.30467e-03 -1.00000e-03
9.75300e+00 1.66918e-02 1.66882e-02 1.00000e-03 9.74700e+00 7.29039e-03 7.29039e-03 -1.00000e-03
9.75400e+00 1.66073e-02 1.66039e-02 1.00000e-03 9.74600e+00 7.27746e-03 7.27677e-03 -1.00000e-03
9.75500e+00 1.65239e-02 1.65211e-02 1.00000e-03 9.74500e+00 7.26421e-03 7.26395e-03 -1.00000e-03
9.75600e+00 1.64439e-02 1.64409e-02 1.00000e-03 9.74400e+00 7.25293e-03 7.25242e-03 -1.00000e-03
9.75700e+00 1.63645e-02 1.63614e-02 1.00000e-03 9.74300e+00 7.24029e-03 7.24019e-03 -1.00000e-03
9.75800e+00 1.62919e-02 1.62888e-02 1.00000e-03 9.74200e+00 7.22784e-03 7.22750e-03 -1.00000e-03
9.75900e+00 1.62174e-02 1.62149e-02 1.00000e-03 9.74100e+00 7.21283e-03 7.21224e-03 -1.00000e-03
9.76000e+00 1.61424e-02 1.61395e-02 1.00000e-03 9.74000e+00 7.19954e-03 7.19957e-03 -1.00000e-03
9.76100e+00 1.60709e-02 1.60680e-02 1.00000e-03 9.73900e+00 7.18537e-03 7.18513e-03 -1.00000e-03
9.76200e+00 1.60003e-02 1.59973e-02 1.00000e-03 9.73800e+00 7.17308e-03 7.17263e-03 -1.00000e-03
9.76300e+00 1.59300e-02 1.59270e-02 1.00000e-03 9.73700e+00 7.16054e-03 7.16023e-03 -1.00000e-03
9.76400e+00 1.58625e-02 1.58600e-02 1.00000e-03 9.73600e+00 7.14937e-03 7.14893e-03 -1.00000e-03
9.76500e+00 1.57965e-02 1.57936e-02 1.00000e-03 9.73500e+00 7.13693e-03 7.13616e-03 -1.00000e-03
9.76600e+00 1.57358e-02 1.57332e-02 1.00000e-03 9.73400e+00 7.12468e-03 7.12518e-03 -1.00000e-03
9.76700e+00 1.56719e-02 1.56693e-02 1.00000e-03 9.73300e+00 7.10921e-03 7.10953e-03 -1.00000e-03
9.76800e+00 1.56090e-02 1.56063e-02 1.00000e-03 9.73200e+00 7.09759e-03 7.09762e-03 -1.00000e-03
9.76900e+00 1.55468e-02 1.55441e-02 1.00000e-03 9.73100e+00 7.08394e-03 7.08397e-03 -1.00000e-03
9.77000e+00 1.54872e-02 1.54845e-02 1.00000e-03 9.73000e+00 7.07117e-03 7.07063e-03 -1.00000e-03
9.77100e+00 1.54273e-02 1.54248e-02 1.00000e-03 9.72900e+00 7.05827e-03 7.05777e-03 -1.00000e-03
9.77200e+00 1.53689e-02 1.53665e-02 1.00000e-03 9.72800e+00 7.04664e-03 7.04629e-03 -1.00000e-03
9.77300e+00 1.53125e-02 1.53101e-02 1.00000e-03 9.72700e+00 7.03379e-03 7.03405e-03 -1.00000e-03
9.77400e+00 1.52600e-02 1.52579e-02 1.00000e-03 9.72600e+00 7.02148e-03 7.02125e-03 -1.00000e-03
9.77500e+00 1.52063e-02 1.52042e-02 1.00000e-03 9.72500e+00 7.00695e-03 7.00721e-03 -1.00000e-03
9.77600e+00 1.51524e-02 1.51498e-02 1.00000e-03 9.72400e+00 6.99476e-03 6.99470e-03 -1.00000e-03
9.77700e+00 1.50995e-02 1.50975e-02 1.00000e-03 9.72300e+00 6.98287e-03 6.98218e-03 -1.00000e-03
9.77800e+00 1.50473e-02 1.50451e-02 1.00000e-03 9.72200e+00 6.97043e-03 6.97008e-03 -1.00000e-03
9.77900e+00 1.49964e-02 1.49887e-02 1.00000e-03 9.72100e+00 6.95843e-03 6.95819e-03 -1.00000e-03
9.78000e+00 1.49411e-02 1.49393e-02 1.00000e-03 9.72000e+00 6.94166e-03 6.94108e-03 -1.00000e-03
9.78100e+00 1.48924e-02 1.48902e-02 1.00000e-03 9.71900e+00 6.92882e-03 6.92879e-03 -1.00000e-03
9.78200e+00 1.48444e-02 1.48420e-02 1.00000e-03 9.71800e+00 6.91700e-03 6.91677e-03 -1.00000e-03
9.78300e+00 1.47999e-02 1.47981e-02 1.00000e-03 9.71700e+00 6.90295e-03 6.90247e-03 -1.00000e-03
9.78400e+00 1.47533e-02 1.47521e-02 1.00000e-03 9.71600e+00 6.89041e-03 6.89021e-03 -1.00000e-03
9.78500e+00 1.47078e-02 1.47059e-02 1.00000e-03 9.71500e+00 6.87906e-03 6.87891e-03 -1.00000e-03
9.78600e+00 1.46634e-02 1.46615e-02 1.00000e-03 9.71400e+00 6.86697e-03 6.86645e-03 -1.00000e-03
9.78700e+00 1.46170e-02 1.46154e-02 1.00000e-03 9.71300e+00 6.85482e-03 6.85498e-03 -1.00000e-03
9.78800e+00 1.45734e-02 1.45716e-02 1.00000e-03 9.71200e+00 6.84358e-03 6.84339e-03 -1.00000e-03
9.78900e+00 1.45302e-02 1.45285e-02 1.00000e-03 9.71100e+00 6.83135e-03 6.83133e-03 -1.00000e-03
9.79000e+00 1.44881e-02 1.44866e-02 1.00000e-03 9.71000e+00 6.82091e-03 6.82085e-03 -1.00000e-03
9.79100e+00 1.44503e-02 1.44490e-02 1.00000e-03 9.70900e+00 6.80503e-03 6.80495e-03 -1.00000e-03
9.79200e+00 1.44077e-02 1.44061e-02 1.00000e-03 9.70800e+00 6.79203e-03 6.79236e-03 -1.00000e-03
9.79300e+00 1.43671e-02 1.43657e-02 1.00000e-03 9.70700e+00 6.77970e-03 6.77947e-03 -1.00000e-03
9.79400e+00 1.43281e-02 1.43262e-02 1.00000e-03 9.70600e+00 6.76800e-03 6.76752e-03 -1.00000e-03
9.79500e+00 1.42883e-02 1.42869e-02 1.00000e-03 9.70500e+00 6.75653e-03 6.75616e-03 -1.00000e-03
9.79600e+00 1.42507e-02 1.42490e-02 1.00000e-03 9.70400e+00 6.74525e-03 6.74499e-03 -1.00000e-03
9.79700e+00 1.42125e-02 1.42108e-02 1.00000e-03 9.70300e+00 6.73405e-03 6.73373e-03 -1.00000e-03
9.79800e+00 1.41766e-02 1.41754e-02 1.00000e-03 9.70200e+00 6.72364e-03 6.72383e-03 -1.00000e-03
9.79900e+00 1.41441e-02 1.41424e-02 1.00000e-03 9.70100e+00 6.70889e-03 6.70817e-03 -1.00000e-03
9.80000e+00 1.41078e-02 1.41062e-02 1.00000e-03 9.70000e+00 6.69723e-03 6.69711e-03 -1.00000e-03
9.80100e+00 1.40724e-02 1.40712e-02 1.00000e-03 9.69900e+00 6.68435e-03 6.68400e-03 -1.00000e-03
9.80200e+00 1.40368e-02 1.40357e-02 1.00000e-03 9.69800e+00 6.67266e-03 6.67238e-03 -1.00000e-03
9.80300e+00 1.40026e-02 1.40010e-02 1.00000e-03 9.69700e+00 6.66227e-03 6.66250e-03 -1.00000e-03
9.80400e+00 1.39698e-02 1.39680e-02 1.00000e-03 9.69600e+00 6.65116e-03 6.65062e-03 -1.00000e-03
9.80500e+00 1.39359e-02 1.39345e-02 1.00000e-03 9.69500e+00 6.63910e-03 6.63904e-03 -1.00000e-03
9.80600e+00 1.39033e-02 1.39016e-02 1.00000e-03 9.69400e+00 6.62793e-03 6.62776e-03 -1.00000e-03
9.80700e+00 1.38746e-02 1.38699e-02 1.00000e-03 9.69300e+00 6.61451e-03 6.61424e-03 -1.00000e-03
9.80800e+00 1.38385e-02 1.38372e-02 1.00000e-03 9.69200e+00 6.60284e-03 6.60265e-03 -1.00000e-03
9.80900e+00 1.38080e-02 1.38065e-02 1.00000e-03 9.69100e+00 6.59028e-03 6.59072e-03 -1.00000e-03
9.81000e+00 1.37769e-02 1.37757e-02 1.00000e-03 9.69000e+00 6.57887e-03 6.57737e-03 -1.00000e-03
9.81100e+00 1.37458e-02 1.37440e-02 1.00000e-03 9.68900e+00 6.56616e-03 6.56596e-03 -1.00000e-03
9.81200e+00 1.37172e-02 1.37150e-02 1.00000e-03 9.68800e+00 6.55821e-03 6.55576e-03 -1.00000e-03
9.81300e+00 1.36855e-02 1.36848e-02 1.00000e-03 9.68700e+00 6.54506e-03 6.54464e-03 -1.00000e-03
9.81400e+00 1.36570e-02 1.36555e-02 1.00000e-03 9.68600e+00 6.53196e-03 6.53152e-03 -1.00000e-03
9.81500e+00 1.36309e-02 1.36294e-02 1.00000e-03 9.68500e+00 6.52333e-03 6.52207e-03 -1.00000e-03
9.81600e+00 1.36027e-02 1.36007e-02 1.00000e-03 9.68400e+00 6.50638e-03 6.50604e-03 -1.00000e-03
9.81700e+00 1.35759e-02 1.35746e-02 1.00000e-03 9.68300e+00 6.49573e-03 6.49531e-03 -1.00000e-03
9.81800e+00 1.35466e-02 1.35452e-02 1.00000e-03 9.68200e+00 6.48471e-03 6.48473e-03 -1.00000e-03
9.81900e+00 1.35191e-02 1.35179e-02 1.00000e-03 9.68100e+00 6.47375e-03 6.47361e-03 -1.00000e-03
9.82000e+00 1.34929e-02 1.34917e-02 1.00000e-03 9.68000e+00 6.46214e-03 6.46227e-03 -1.00000e-03
9.82100e+00 1.34665e-02 1.34650e-02 1.00000e-03 9.67900e+00 6.45170e-03 6.45103e-03 -1.00000e-03
9.82200e+00 1.34400e-02 1.34389e-02 1.00000e-03 9.67800e+00 6.44042e-03 6.43994e-03 -1.00000e-03
9.82300e+00 1.34185e-02 1.34171e-02 1.00000e-03 9.67700e+00 6.42844e-03 6.42818e-03 -1.00000e-03
9.82400e+00 1.33932e-02 1.33922e-02 1.00000e-03 9.67600e+00 6.41643e-03 6.41595e-03 -1.00000e-03
9.82500e+00 1.33695e-02 1.33679e-02 1.00000e-03 9.67500e+00 6.40645e-03 6.40648e-03 -1.00000e-03
9.82600e+00 1.33456e-02 1.33446e-02 1.00000e-03 9.67400e+00 6.39560e-03 6.39522e-03 -1.00000e-03
9.82700e+00 1.33213e-02 1.33201e-02 1.00000e-03 9.67300e+00 6.38455e-03 6.38432e-03 -1.00000e-03
9.82800e+00 1.32971e-02 1.32961e-02 1.00000e-03 9.67200e+00 6.37270e-03 6.37289e-03 -1.00000e-03
9.82900e+00 1.32731e-02 1.32720e-02 1.00000e-03 9.67100e+00 6.36128e-03 6.35972e-03 -1.00000e-03
9.83000e+00 1.32482e-02 1.32473e-02 1.00000e-03 9.67000e+00 6.34953e-03 6.34960e-03 -1.00000e-03
9.83100e+00 1.32282e-02 1.32272e-02 1.00000e-03 9.66900e+00 6.33847e-03 6.33835e-03 -1.00000e-03
9.83200e+00 1.32069e-02 1.32060e-02 1.00000e-03 9.66800e+00 6.32701e-03 6.32627e-03 -1.00000e-03
9.83300e+00 1.31845e-02 1.31832e-02 1.00000e-03 9.66700e+00 6.31532e-03 6.31539e-03 -1.00000e-03
9.83400e+00 1.31620e-02 1.31607e-02 1.00000e-03 9.66600e+00 6.30387e-03 6.30402e-03 -1.00000e-03
9.83500e+00 1.31408e-02 1.31375e-02 1.00000e-03 9.66500e+00 6.29474e-03 6.29449e-03 -1.00000e-03
9.83600e+00 1.31164e-02 1.31153e-02 1.00000e-03 9.66400e+00 6.28419e-03 6.28414e-03 -1.00000e-03
9.83700e+00 1.30956e-02 1.30948e-02 1.00000e-03 9.66300e+00 6.27471e-03 6.27290e-03 -1.00000e-03
9.83800e+00 1.30747e-02 1.30739e-02 1.00000e-03 9.66200e+00 6.26153e-03 6.26092e-03 -1.00000e-03
9.83900e+00 1.30570e-02 1.30554e-02 1.00000e-03 9.66100e+00 6.25167e-03 6.25123e-03 -1.00000e-03
9.84000e+00 1.30364e-02 1.30354e-02 1.00000e-03 9.66000e+00 6.23868e-03 6.23834e-03 -1.00000e-03
9.84100e+00 1.30170e-02 1.30160e-02 1.00000e-03 9.65900e+00 6.22668e-03 6.22678e-03 -1.00000e-03
9.84200e+00 1.29966e-02 1.29956e-02 1.00000e-03 9.65800e+00 6.21561e-03 6.21563e-03 -1.00000e-03
9.84300e+00 1.29777e-02 1.29766e-02 1.00000e-03 9.65700e+00 6.20381e-03 6.20273e-03 -1.00000e-03
9.84400e+00 1.29597e-02 1.29590e-02 1.00000e-03 9.65600e+00 6.19368e-03 6.19389e-03 -1.00000e-03
9.84500e+00 1.29392e-02 1.29378e-02 1.00000e-03 9.65500e+00 6.18315e-03 6.18299e-03 -1.00000e-03
9.84600e+00 1.29204e-02 1.29198e-02 1.00000e-03 9.65400e+00 6.17241e-03 6.17211e-03 -1.00000e-03
9.84700e+00 1.29045e-02 1.29045e-02 1.00000e-03 9.65300e+00 6.16241e-03 6.16247e-03 -1.00000e-03
9.84800e+00 1.28869e-02 1.28860e-02 1.00000e-03 9.65200e+00 6.15078e-03 6.15079e-03 -1.00000e-03
9.84900e+00 1.28697e-02 1.28693e-02 1.00000e-03 9.65100e+00 6.13923e-03 6.13936e-03 -1.00000e-03
9.85000e+00 1.28529e-02 1.28529e-02 1.00000e-03 9.65000e+00 6.12697e-03 6.12673e-03 -1.00000e-03
9.85100e+00 1.28327e-02 1.28317e-02 1.00000e-03 9.64900e+00 6.11793e-03 6.11792e-03 -1.00000e-03
9.85200e+00 1.28162e-02 1.28153e-02 1.00000e-03 9.64800e+00 6.10773e-03 6.10751e-03 -1.00000e-03
9.85300e+00 1.27997e-02 1.27994e-02 1.00000e-03 9.64700e+00 6.09743e-03 6.09768e-03 -1.00000e-03
9.85400e+00 1.27834e-02 1.27826e-02 1.00000e-03 9.64600e+00 6.08794e-03 6.08756e-03 -1.00000e-03
9.85500e+00 1.27676e-02 1.27673e-02 1.00000e-03 9.64500e+00 6.07618e-03 6.07617e-03 -1.00000e-03
9.85600e+00 1.27510e-02 1.27507e-02 1.00000e-03 9.64400e+00 6.06464e-03 6.06470e-03 -1.00000e-03
9.85700e+00 1.27361e-02 1.27353e-02 1.00000e-03 9.64300e+00 6.04995e-03 6.04994e-03 -1.00000e-03
9.85800e+00 1.27192e-02 1.27188e-02 1.00000e-03 9.64200e+00 6.04113e-03 6.04091e-03 -1.00000e-03
9.85900e+00 1.27037e-02 1.27028e-02 1.00000e-03 9.64100e+00 6.02874e-03 6.02891e-03 -1.00000e-03
9.86000e+00 1.26889e-02 1.26880e-02 1.00000e-03 9.64000e+00 6.01821e-03 6.01756e-03 -1.00000e-03
9.86100e+00 1.26744e-02 1.26743e-02 1.00000e-03 9.63900e+00 6.00805e-03 6.00793e-03 -1.00000e-03
9.86200e+00 1.26585e-02 1.26568e-02 1.00000e-03 9.63800e+00 5.99815e-03 5.99801e-03 -1.00000e-03
9.86300e+00 1.26439e-02 1.26416e-02 1.00000e-03 9.63700e+00 5.98900e-03 5.98884e-03 -1.00000e-03
9.86400e+00 1.26289e-02 1.26277e-02 1.00000e-03 9.63600e+00 5.97579e-03 5.97538e-03 -1.00000e-03
9.86500e+00 1.26131e-02 1.26125e-02 1.00000e-03 9.63500e+00 5.96518e-03 5.96495e-03 -1.00000e-03
9.86600e+00 1.25984e-02 1.25978e-02 1.00000e-03 9.63400e+00 5.95533e-03 5.95500e-03 -1.00000e-03
9.86700e+00 1.25848e-02 1.25837e-02 1.00000e-03 9.63300e+00 5.94525e-03 5.94430e-03 -1.00000e-03
9.86800e+00 1.25711e-02 1.25706e-02 1.00000e-03 9.63200e+00 5.93523e-03 5.93485e-03 -1.00000e-03
9.86900e+00 1.25574e-02 1.25563e-02 1.00000e-03 9.63100e+00 5.92482e-03 5.92528e-03 -1.00000e-03
9.87000e+00 1.25438e-02 1.25430e-02 1.00000e-03 9.63000e+00 5.91597e-03 5.91588e-03 -1.00000e-03
9.87100e+00 1.25304e-02 1.25294e-02 1.00000e-03 9.62900e+00 5.90462e-03 5.90431e-03 -1.00000e-03
9.87200e+00 1.25201e-02 1.25193e-02 1.00000e-03 9.62800e+00 5.89342e-03 5.89290e-03 -1.00000e-03
9.87300e+00 1.25077e-02 1.25065e-02 1.00000e-03 9.62700e+00 5.88294e-03 5.88262e-03 -1.00000e-03
9.87400e+00 1.24941e-02 1.24937e-02 1.00000e-03 9.62600e+00 5.87359e-03 5.87357e-03 -1.00000e-03
9.87500e+00 1.24812e-02 1.24806e-02 1.00000e-03 9.62500e+00 5.86282e-03 5.86271e-03 -1.00000e-03
9.87600e+00 1.24688e-02 1.24678e-02 1.00000e-03 9.62400e+00 5.85353e-03 5.85366e-03 -1.00000e-03
9.87700e+00 1.24556e-02 1.24551e-02 1.00000e-03 9.62300e+00 5.84377e-03 5.84209e-03 -1.00000e-03
9.87800e+00 1.24438e-02 1.24427e-02 1.00000e-03 9.62200e+00 5.83296e-03 5.83333e-03 -1.00000e-03
9.87900e+00 1.24300e-02 1.24292e-02 1.00000e-03 9.62100e+00 5.82343e-03 5.82336e-03 -1.00000e-03
9.88000e+00 1.24220e-02 1.24214e-02 1.00000e-03 9.62000e+00 5.81063e-03 5.81039e-03 -1.00000e-03
9.88100e+00 1.24106e-02 1.24099e-02 1.00000e-03 9.61900e+00 5.79975e-03 5.79962e-03 -1.00000e-03
9.88200e+00 1.24001e-02 1.23994e-02 1.00000e-03 9.61800e+00 5.78978e-03 5.78930e-03 -1.00000e-03
9.88300e+00 1.23884e-02 1.23875e-02 1.00000e-03 9.61700e+00 5.77981e-03 5.77969e-03 -1.00000e-03
9.88400e+00 1.23780e-02 1.23775e-02 1.00000e-03 9.61600e+00 5.77071e-03 5.77049e-03 -1.00000e-03
9.88500e+00 1.23673e-02 1.23672e-02 1.00000e-03 9.61500e+00 5.75953e-03 5.75963e-03 -1.00000e-03
9.88600e+00 1.23548e-02 1.23542e-02 1.00000e-03 9.61400e+00 5.74963e-03 5.74936e-03 -1.00000e-03
9.88700e+00 1.23436e-02 1.23430e-02 1.00000e-03 9.61300e+00 5.74002e-03 5.73964e-03 -1.00000e-03
9.88800e+00 1.23359e-02 1.23357e-02 1.00000e-03 9.61200e+00 5.72875e-03 5.72848e-03 -1.00000e-03
9.88900e+00 1.23256e-02 1.23248e-02 1.00000e-03 9.61100e+00 5.71926e-03 5.71837e-03 -1.00000e-03
9.89000e+00 1.23159e-02 1.23150e-02 1.00000e-03 9.61000e+00 5.70901e-03 5.70865e-03 -1.00000e-03
9.89100e+00 1.23061e-02 1.23039e-02 1.00000e-03 9.60900e+00 5.70082e-03 5.70088e-03 -1.00000e-03
9.89200e+00 1.22943e-02 1.22934e-02 1.00000e-03 9.60800e+00 5.69080e-03 5.69157e-03 -1.00000e-03
9.89300e+00 1.22833e-02 1.22830e-02 1.00000e-03 9.60700e+00 5.68267e-03 5.68269e-03 -1.00000e-03
9.89400e+00 1.22740e-02 1.22733e-02 1.00000e-03 9.60600e+00 5.67026e-03 5.66980e-03 -1.00000e-03
9.89500e+00 1.22644e-02 1.22639e-02 1.00000e-03 9.60500e+00 5.65823e-03 5.65814e-03 -1.00000e-03
9.89600e+00 1.22585e-02 1.22580e-02 1.00000e-03 9.60400e+00 5.64684e-03 5.64655e-03 -1.00000e-03
9.89700e+00 1.22487e-02 1.22479e-02 1.00000e-03 9.60300e+00 5.63728e-03 5.63750e-03 -1.00000e-03
9.89800e+00 1.22401e-02 1.22390e-02 1.00000e-03 9.60200e+00 5.62792e-03 5.62844e-03 -1.00000e-03
9.89900e+00 1.22316e-02 1.22307e-02 1.00000e-03 9.60100e+00 5.61727e-03 5.61725e-03 -1.00000e-03
9.90000e+00 1.22226e-02 1.22217e-02 1.00000e-03 9.60000e+00 5.60828e-03 5.60811e-03 -1.00000e-03
9.90100e+00 1.22138e-02 1.22133e-02 1.00000e-03 9.59900e+00 5.59933e-03 5.59934e-03 -1.00000e-03
9.90200e+00 1.22049e-02 1.22041e-02 1.00000e-03 9.59800e+00 5.58993e-03 5.58995e-03 -1.00000e-03
9.90300e+00 1.21971e-02 1.21965e-02 1.00000e-03 9.59700e+00 5.58019e-03 5.58036e-03 -1.00000e-03
9.90400e+00 1.21915e-02 1.21908e-02 1.00000e-03 9.59600e+00 5.57111e-03 5.57089e-03 -1.00000e-03
9.90500e+00 1.21814e-02 1.21812e-02 1.00000e-03 9.59500e+00 5.56004e-03 5.55995e-03 -1.00000e-03
9.90600e+00 1.21735e-02 1.21733e-02 1.00000e-03 9.59400e+00 5.55020e-03 5.54993e-03 -1.00000e-03
9.90700e+00 1.21661e-02 1.21652e-02 1.00000e-03 9.59300e+00 5.54120e-03 5.54111e-03 -1.00000e-03
9.90800e+00 1.21567e-02 1.21561e-02 1.00000e-03 9.59200e+00 5.53244e-03 5.53198e-03 -1.00000e-03
9.90900e+00 1.21500e-02 1.21493e-02 1.00000e-03 9.59100e+00 5.52163e-03 5.52129e-03 -1.00000e-03
9.91000e+00 1.21413e-02 1.21408e-02 1.00000e-03 9.59000e+00 5.51274e-03 5.51256e-03 -1.00000e-03
9.91100e+00 1.21348e-02 1.21335e-02 1.00000e-03 9.58900e+00 5.50399e-03 5.50376e-03 -1.00000e-03
9.91200e+00 1.21294e-02 1.21289e-02 1.00000e-03 9.58800e+00 5.49445e-03 5.49377e-03 -1.00000e-03
9.91300e+00 1.21227e-02 1.21221e-02 1.00000e-03 9.58700e+00 5.48290e-03 5.48257e-03 -1.00000e-03
9.91400e+00 1.21145e-02 1.21142e-02 1.00000e-03 9.58600e+00 5.47234e-03 5.47241e-03 -1.00000e-03
9.91500e+00 1.21078e-02 1.21078e-02 1.00000e-03 9.58500e+00 5.46317e-03 5.46304e-03 -1.00000e-03
9.91600e+00 1.21006e-02 1.20998e-02 1.00000e-03 9.58400e+00 5.45440e-03 5.45448e-03 -1.00000e-03
9.91700e+00 1.20932e-02 1.20927e-02 1.00000e-03 9.58300e+00 5.44514e-03 5.44503e-03 -1.00000e-03
9.91800e+00 1.20855e-02 1.20858e-02 1.00000e-03 9.58200e+00 5.43661e-03 5.43653e-03 -1.00000e-03
9.91900e+00 1.20790e-02 1.20781e-02 1.00000e-03 9.58100e+00 5.42606e-03 5.42606e-03 -1.00000e-03
9.92000e+00 1.20759e-02 1.20757e-02 1.00000e-03 9.58000e+00 5.41752e-03 5.41712e-03 -1.00000e-03
9.92100e+00 1.20690e-02 1.20685e-02 1.00000e-03 9.57900e+00 5.40682e-03 5.40643e-03 -1.00000e-03
9.92200e+00 1.20621e-02 1.20612e-02 1.00000e-03 9.57800e+00 5.39774e-03 5.39791e-03 -1.00000e-03
9.92300e+00 1.20560e-02 1.20559e-02 1.00000e-03 9.57700e+00 5.38725e-03 5.38710e-03 -1.00000e-03
9.92400e+00 1.20484e-02 1.20479e-02 1.00000e-03 9.57600e+00 5.37841e-03 5.37818e-03 -1.00000e-03
9.92500e+00 1.20427e-02 1.20422e-02 1.00000e-03 9.57500e+00 5.37026e-03 5.37013e-03 -1.00000e-03
9.92600e+00 1.20341e-02 1.20333e-02 1.00000e-03 9.57400e+00 5.36099e-03 5.36109e-03 -1.00000e-03
9.92700e+00 1.20286e-02 1.20286e-02 1.00000e-03 9.57300e+00 5.35317e-03 5.35268e-03 -1.00000e-03
9.92800e+00 1.20257e-02 1.20254e-02 1.00000e-03 9.57200e+00 5.34366e-03 5.34325e-03 -1.00000e-03
9.92900e+00 1.20201e-02 1.20197e-02 1.00000e-03 9.57100e+00 5.33401e-03 5.33416e-03 -1.00000e-03
9.93000e+00 1.20141e-02 1.20143e-02 1.00000e-03 9.57000e+00 5.32385e-03 5.32378e-03 -1.00000e-03
9.93100e+00 1.20090e-02 1.20088e-02 1.00000e-03 9.56900e+00 5.31561e-03 5.31509e-03 -1.00000e-03
9.93200e+00 1.20037e-02 1.20032e-02 1.00000e-03 9.56800e+00 5.30604e-03 5.30599e-03 -1.00000e-03
9.93300e+00 1.19985e-02 1.19985e-02 1.00000e-03 9.56700e+00 5.29732e-03 5.29722e-03 -1.00000e-03
9.93400e+00 1.19951e-02 1.19945e-02 1.00000e-03 9.56600e+00 5.28732e-03 5.28703e-03 -1.00000e-03
9.93500e+00 1.19887e-02 1.19885e-02 1.00000e-03 9.56500e+00 5.27930e-03 5.27926e-03 -1.00000e-03
9.93600e+00 1.19868e-02 1.19867e-02 1.00000e-03 9.56400e+00 5.27048e-03 5.26969e-03 -1.00000e-03
9.93700e+00 1.19829e-02 1.19821e-02 1.00000e-03 9.56300e+00 5.25933e-03 5.25878e-03 -1.00000e-03
9.93800e+00 1.19760e-02 1.19757e-02 1.00000e-03 9.56200e+00 5.24997e-03 5.24988e-03 -1.00000e-03
9.93900e+00 1.19721e-02 1.19717e-02 1.00000e-03 9.56100e+00 5.24307e-03 5.24281e-03 -1.00000e-03
9.94000e+00 1.19685e-02 1.19676e-02 1.00000e-03 9.56000e+00 5.23095e-03 5.23127e-03 -1.00000e-03
9.94100e+00 1.19623e-02 1.19617e-02 1.00000e-03 9.55900e+00 5.22380e-03 5.22332e-03 -1.00000e-03
9.94200e+00 1.19595e-02 1.19584e-02 1.00000e-03 9.55800e+00 5.21464e-03 5.21460e-03 -1.00000e-03
9.94300e+00 1.19525e-02 1.19515e-02 1.00000e-03 9.55700e+00 5.20620e-03 5.20598e-03 -1.00000e-03
9.94400e+00 1.19512e-02 1.19509e-02 1.00000e-03 9.55600e+00 5.19803e-03 5.19743e-03 -1.00000e-03
9.94500e+00 1.19469e-02 1.19462e-02 1.00000e-03 9.55500e+00 5.18773e-03 5.18824e-03 -1.00000e-03
9.94600e+00 1.19437e-02 1.19436e-02 1.00000e-03 9.55400e+00 5.17854e-03 5.17843e-03 -1.00000e-03
9.94700e+00 1.19408e-02 1.19390e-02 1.00000e-03 9.55300e+00 5.17090e-03 5.17111e-03 -1.00000e-03
9.94800e+00 1.19348e-02 1.19349e-02 1.00000e-03 9.55200e+00 5.16139e-03 5.16161e-03 -1.00000e-03
9.94900e+00 1.19275e-02 1.19274e-02 1.00000e-03 9.55100e+00 5.15232e-03 5.15228e-03 -1.00000e-03
9.95000e+00 1.19252e-02 1.19251e-02 1.00000e-03 9.55000e+00 5.14324e-03 5.14349e-03 -1.00000e-03
9.95100e+00 1.19208e-02 1.19204e-02 1.00000e-03 9.54900e+00 5.13325e-03 5.13319e-03 -1.00000e-03
9.95200e+00 1.19197e-02 1.19196e-02 1.00000e-03 9.54800e+00 5.12471e-03 5.12480e-03 -1.00000e-03
9.95300e+00 1.19169e-02 1.19164e-02 1.00000e-03 9.54700e+00 5.11552e-03 5.11504e-03 -1.00000e-03
9.95400e+00 1.19126e-02 1.19122e-02 1.00000e-03 9.54600e+00 5.10715e-03 5.10708e-03 -1.00000e-03
9.95500e+00 1.19078e-02 1.19078e-02 1.00000e-03 9.54500e+00 5.09881e-03 5.09882e-03 -1.00000e-03
9.95600e+00 1.19047e-02 1.19046e-02 1.00000e-03 9.54400e+00 5.08985e-03 5.08965e-03 -1.00000e-03
9.95700e+00 1.19006e-02 1.19005e-02 1.00000e-03 9.54300e+00 5.07966e-03 5.07977e-03 -1.00000e-03
9.95800e+00 1.18978e-02 1.18977e-02 1.00000e-03 9.54200e+00 5.07169e-03 5.07160e-03 -1.00000e-03
9.95900e+00 1.18938e-02 1.18939e-02 1.00000e-03 9.54100e+00 5.06398e-03 5.06364e-03 -1.00000e-03
9.96000e+00 1.18909e-02 1.18904e-02 1.00000e-03 9.54000e+00 5.05497e-03 5.05465e-03 -1.00000e-03
9.96100e+00 1.18909e-02 1.18911e-02 1.00000e-03 9.53900e+00 5.04579e-03 5.04551e-03 -1.00000e-03
9.96200e+00 1.18887e-02 1.18881e-02 1.00000e-03 9.53800e+00 5.03812e-03 5.03829e-03 -1.00000e-03
9.96300e+00 1.18844e-02 1.18844e-02 1.00000e-03 9.53700e+00 5.02839e-03 5.02831e-03 -1.00000e-03
9.96400e+00 1.18817e-02 1.18816e-02 1.00000e-03 9.53600e+00 5.02036e-03 5.02049e-03 -1.00000e-03
9.96500e+00 1.18778e-02 1.18778e-02 1.00000e-03 9.53500e+00 5.01288e-03 5.01251e-03 -1.00000e-03
9.96600e+00 1.18760e-02 1.18757e-02 1.00000e-03 9.53400e+00 5.00272e-03 5.00241e-03 -1.00000e-03
9.96700e+00 1.18731e-02 1.18726e-02 1.00000e-03 9.53300e+00 4.99547e-03 4.99523e-03 -1.00000e-03
9.96800e+00 1.18694e-02 1.18694e-02 1.00000e-03 9.53200e+00 4.98721e-03 4.98687e-03 -1.00000e-03
9.96900e+00 1.18709e-02 1.18705e-02 1.00000e-03 9.53100e+00 4.97699e-03 4.97721e-03 -1.00000e-03
9.97000e+00 1.18683e-02 1.18677e-02 1.00000e-03 9.53000e+00 4.96970e-03 4.96970e-03 -1.00000e-03
9.97100e+00 1.18658e-02 1.18658e-02 1.00000e-03 9.52900e+00 4.96078e-03 4.96016e-03 -1.00000e-03
9.97200e+00 1.18623e-02 1.18618e-02 1.00000e-03 9.52800e+00 4.95201e-03 4.95175e-03 -1.00000e-03
9.97300e+00 1.18609e-02 1.18608e-02 1.00000e-03 9.52700e+00 4.94507e-03 4.94447e-03 -1.00000e-03
9.97400e+00 1.18578e-02 1.18576e-02 1.00000e-03 9.52600e+00 4.93691e-03 4.93713e-03 -1.00000e-03
9.97500e+00 1.18554e-02 1.18551e-02 1.00000e-03 9.52500e+00 4.92720e-03 4.92743e-03 -1.00000e-03
9.97600e+00 1.18512e-02 1.18510e-02 1.00000e-03 9.52400e+00 4.91888e-03 4.91836e-03 -1.00000e-03
9.97700e+00 1.18526e-02 1.18513e-02 1.00000e-03 9.52300e+00 4.90882e-03 4.90855e-03 -1.00000e-03
9.97800e+00 1.18499e-02 1.18495e-02 1.00000e-03 9.52200e+00 4.90120e-03 4.90093e-03 -1.00000e-03
9.97900e+00 1.18479e-02 1.18479e-02 1.00000e-03 9.52100e+00 4.89274e-03 4.89282e-03 -1.00000e-03
9.98000e+00 1.18464e-02 1.18456e-02 1.00000e-03 9.52000e+00 4.88475e-03 4.88463e-03 -1.00000e-03
9.98100e+00 1.18436e-02 1.18436e-02 1.00000e-03 9.51900e+00 4.87609e-03 4.87611e-03 -1.00000e-03
9.98200e+00 1.18407e-02 1.18403e-02 1.00000e-03 9.51800e+00 4.86814e-03 4.86790e-03 -1.00000e-03
9.98300e+00 1.18389e-02 1.18388e-02 1.00000e-03 9.51700e+00 4.86060e-03 4.86002e-03 -1.00000e-03
9.98400e+00 1.18381e-02 1.18381e-02 1.00000e-03 9.51600e+00 4.84951e-03 4.84959e-03 -1.00000e-03
9.98500e+00 1.18414e-02 1.18413e-02 1.00000e-03 9.51500e+00 4.84054e-03 4.84057e-03 -1.00000e-03
9.98600e+00 1.18380e-02 1.18375e-02 1.00000e-03 9.51400e+00 4.83233e-03 4.83257e-03 -1.00000e-03
9.98700e+00 1.18366e-02 1.18365e-02 1.00000e-03 9.51300e+00 4.82442e-03 4.82404e-03 -1.00000e-03
9.98800e+00 1.18345e-02 1.18345e-02 1.00000e-03 9.51200e+00 4.81621e-03 4.81626e-03 -1.00000e-03
9.98900e+00 1.18340e-02 1.18340e-02 1.00000e-03 9.51100e+00 4.80867e-03 4.80888e-03 -1.00000e-03
9.99000e+00 1.18323e-02 1.18317e-02 1.00000e-03 9.51000e+00 4.80158e-03 4.80091e-03 -1.00000e-03
9.99100e+00 1.18298e-02 1.18297e-02 1.00000e-03 9.50900e+00 4.79293e-03 4.79269e-03 -1.00000e-03
9.99200e+00 1.18304e-02 1.18303e-02 1.00000e-03 9.50800e+00 4.78619e-03 4.78625e-03 -1.00000e-03
9.99300e+00 1.18329e-02 1.18327e-02 1.00000e-03 9.50700e+00 4.77851e-03 4.77841e-03 -1.00000e-03
9.99400e+00 1.18310e-02 1.18308e-02 1.00000e-03 9.50600e+00 4.76829e-03 4.76785e-03 -1.00000e-03
9.99500e+00 1.18289e-02 1.18281e-02 1.00000e-03 9.50500e+00 4.76243e-03 4.76207e-03 -1.00000e-03
9.99600e+00 1.18274e-02 1.18273e-02 1.00000e-03 9.50400e+00 4.75297e-03 4.75314e-03 -1.00000e-03
9.99700e+00 1.18261e-02 1.18258e-02 1.00000e-03 9.50300e+00 4.74462e-03 4.74487e-03 -1.00000e-03
9.99800e+00 1.18249e-02 1.18246e-02 1.00000e-03 9.50200e+00 4.73803e-03 4.73793e-03 -1.00000e-03
9.99900e+00 1.18253e-02 1.18248e-02 1.00000e-03 9.50100e+00 4.73021e-03 4.73015e-03 -1.00000e-03
1.00000e+01 1.18245e-02 1.18241e-02 1.00000e-03 9.50000e+00 4.72164e-03 4.72167e-03 -1.00000e-03
