>>head<<VGS(9.5) IDS(9.5) IGS(9.5) VDS(9.5) 	 53.0
9.50000e+00	4.45804e-03	4.45757e-03	1.00000e-02 	 61.0
9.51000e+00	4.52144e-03	4.52253e-03	1.00000e-02 	 61.0
9.52000e+00	4.59319e-03	4.59498e-03	1.00000e-02 	 62.0
9.53000e+00	4.66662e-03	4.66921e-03	1.00000e-02 	 62.0
9.54000e+00	4.73854e-03	4.73999e-03	1.00000e-02 	 63.0
9.55000e+00	4.81154e-03	4.81298e-03	1.00000e-02 	 64.0
9.56000e+00	4.88423e-03	4.88550e-03	1.00000e-02 	 64.0
9.57000e+00	4.95322e-03	4.95451e-03	1.00000e-02 	 65.0
9.58000e+00	5.02704e-03	5.02833e-03	1.00000e-02 	 66.0
9.59000e+00	5.09974e-03	5.10001e-03	1.00000e-02 	 67.0
9.60000e+00	5.17294e-03	5.17378e-03	1.00000e-02 	 67.0
9.61000e+00	5.24676e-03	5.24776e-03	1.00000e-02 	 68.0
9.62000e+00	5.32018e-03	5.32117e-03	1.00000e-02 	 69.0
9.63000e+00	5.39745e-03	5.39794e-03	1.00000e-02 	 70.0
9.64000e+00	5.47259e-03	5.47321e-03	1.00000e-02 	 70.0
9.65000e+00	5.54870e-03	5.54973e-03	1.00000e-02 	 72.0
9.66000e+00	5.62517e-03	5.62628e-03	1.00000e-02 	 73.0
9.67000e+00	5.70183e-03	5.70338e-03	1.00000e-02 	 74.0
9.68000e+00	5.77903e-03	5.78058e-03	1.00000e-02 	 74.0
9.69000e+00	5.85569e-03	5.85692e-03	1.00000e-02 	 75.0
9.70000e+00	5.93279e-03	5.93357e-03	1.00000e-02 	 76.0
9.71000e+00	6.01332e-03	6.01418e-03	1.00000e-02 	 77.0
9.72000e+00	6.09284e-03	6.09385e-03	1.00000e-02 	 77.0
9.73000e+00	6.17190e-03	6.17296e-03	1.00000e-02 	 78.0
9.74000e+00	6.25180e-03	6.25270e-03	1.00000e-02 	 79.0
9.75000e+00	6.33507e-03	6.33605e-03	1.00000e-02 	 80.0
9.76000e+00	6.41760e-03	6.41812e-03	1.00000e-02 	 80.0
9.77000e+00	6.49855e-03	6.49978e-03	1.00000e-02 	 81.0
9.78000e+00	6.58172e-03	6.58387e-03	1.00000e-02 	 83.0
9.79000e+00	6.66570e-03	6.66696e-03	1.00000e-02 	 84.0
9.80000e+00	6.75200e-03	6.75318e-03	1.00000e-02 	 85.0
9.81000e+00	6.83722e-03	6.83773e-03	1.00000e-02 	 85.0
9.82000e+00	6.92193e-03	6.92280e-03	1.00000e-02 	 86.0
9.83000e+00	7.00789e-03	7.00882e-03	1.00000e-02 	 87.0
9.84000e+00	7.09837e-03	7.09971e-03	1.00000e-02 	 87.0
9.85000e+00	7.18586e-03	7.18727e-03	1.00000e-02 	 88.0
9.86000e+00	7.27347e-03	7.27437e-03	1.00000e-02 	 88.0
9.87000e+00	7.36241e-03	7.36385e-03	1.00000e-02 	 89.0
9.88000e+00	7.45398e-03	7.45496e-03	1.00000e-02 	 89.0
9.89000e+00	7.54509e-03	7.54635e-03	1.00000e-02 	 88.0
9.90000e+00	7.63660e-03	7.63770e-03	1.00000e-02 	 85.0
9.91000e+00	7.72905e-03	7.73060e-03	1.00000e-02 	 84.0
9.92000e+00	7.82363e-03	7.82509e-03	1.00000e-02 	 84.0
9.93000e+00	7.91721e-03	7.91848e-03	1.00000e-02 	 85.0
9.94000e+00	8.01156e-03	8.01269e-03	1.00000e-02 	 86.0
9.95000e+00	8.10584e-03	8.10665e-03	1.00000e-02 	 87.0
9.96000e+00	8.20153e-03	8.20235e-03	1.00000e-02 	 87.0
9.97000e+00	8.30017e-03	8.30147e-03	1.00000e-02 	 88.0
9.98000e+00	8.39854e-03	8.39967e-03	1.00000e-02 	 89.0
9.99000e+00	8.49875e-03	8.49985e-03	1.00000e-02 	 90.0
1.00000e+01	8.59610e-03	8.59767e-03	1.00000e-02 	 91.0
>>head<<VGS(10) IDS(10) IGS(10) VDS(10) 	 89.0
1.00000e+01	8.62997e-03	8.63057e-03	-1.00000e-02 	 92.0
9.99000e+00	8.56442e-03	8.56407e-03	-1.00000e-02 	 91.0
9.98000e+00	8.49371e-03	8.49360e-03	-1.00000e-02 	 90.0
9.97000e+00	8.42179e-03	8.42149e-03	-1.00000e-02 	 89.0
9.96000e+00	8.34723e-03	8.34665e-03	-1.00000e-02 	 87.0
9.95000e+00	8.27284e-03	8.27236e-03	-1.00000e-02 	 86.0
9.94000e+00	8.19863e-03	8.19815e-03	-1.00000e-02 	 85.0
9.93000e+00	8.12387e-03	8.12342e-03	-1.00000e-02 	 84.0
9.92000e+00	8.05048e-03	8.04980e-03	-1.00000e-02 	 82.0
9.91000e+00	7.97098e-03	7.97058e-03	-1.00000e-02 	 81.0
9.90000e+00	7.89437e-03	7.89372e-03	-1.00000e-02 	 80.0
9.89000e+00	7.81852e-03	7.81806e-03	-1.00000e-02 	 79.0
9.88000e+00	7.74298e-03	7.74214e-03	-1.00000e-02 	 78.0
9.87000e+00	7.66343e-03	7.66279e-03	-1.00000e-02 	 77.0
9.86000e+00	7.58839e-03	7.58815e-03	-1.00000e-02 	 76.0
9.85000e+00	7.51076e-03	7.51047e-03	-1.00000e-02 	 75.0
9.84000e+00	7.43466e-03	7.43408e-03	-1.00000e-02 	 74.0
9.83000e+00	7.35526e-03	7.35458e-03	-1.00000e-02 	 73.0
9.82000e+00	7.27978e-03	7.27902e-03	-1.00000e-02 	 72.0
9.81000e+00	7.20320e-03	7.20247e-03	-1.00000e-02 	 71.0
9.80000e+00	7.12749e-03	7.12685e-03	-1.00000e-02 	 69.0
9.79000e+00	7.05059e-03	7.04986e-03	-1.00000e-02 	 68.0
9.78000e+00	6.97646e-03	6.97538e-03	-1.00000e-02 	 67.0
9.77000e+00	6.89935e-03	6.89849e-03	-1.00000e-02 	 67.0
9.76000e+00	6.82480e-03	6.82414e-03	-1.00000e-02 	 66.0
9.75000e+00	6.75076e-03	6.74974e-03	-1.00000e-02 	 65.0
9.74000e+00	6.67374e-03	6.67352e-03	-1.00000e-02 	 64.0
9.73000e+00	6.59979e-03	6.59937e-03	-1.00000e-02 	 63.0
9.72000e+00	6.52561e-03	6.52462e-03	-1.00000e-02 	 62.0
9.71000e+00	6.45138e-03	6.45066e-03	-1.00000e-02 	 62.0
9.70000e+00	6.37667e-03	6.37532e-03	-1.00000e-02 	 61.0
9.69000e+00	6.30410e-03	6.30372e-03	-1.00000e-02 	 60.0
9.68000e+00	6.23182e-03	6.23095e-03	-1.00000e-02 	 59.0
9.67000e+00	6.16033e-03	6.15801e-03	-1.00000e-02 	 57.0
9.66000e+00	6.08657e-03	6.08520e-03	-1.00000e-02 	 57.0
9.65000e+00	6.01517e-03	6.01437e-03	-1.00000e-02 	 56.0
9.64000e+00	5.94397e-03	5.94311e-03	-1.00000e-02 	 55.0
9.63000e+00	5.87380e-03	5.87326e-03	-1.00000e-02 	 54.0
9.62000e+00	5.80213e-03	5.80115e-03	-1.00000e-02 	 54.0
9.61000e+00	5.73397e-03	5.73266e-03	-1.00000e-02 	 53.0
9.60000e+00	5.66441e-03	5.66376e-03	-1.00000e-02 	 52.0
9.59000e+00	5.59682e-03	5.59639e-03	-1.00000e-02 	 52.0
9.58000e+00	5.52914e-03	5.52859e-03	-1.00000e-02 	 51.0
9.57000e+00	5.45977e-03	5.45889e-03	-1.00000e-02 	 50.0
9.56000e+00	5.39322e-03	5.39318e-03	-1.00000e-02 	 50.0
9.55000e+00	5.32791e-03	5.32735e-03	-1.00000e-02 	 48.0
9.54000e+00	5.26235e-03	5.26181e-03	-1.00000e-02 	 47.0
9.53000e+00	5.19494e-03	5.19438e-03	-1.00000e-02 	 47.0
9.52000e+00	5.13014e-03	5.12955e-03	-1.00000e-02 	 46.0
9.51000e+00	5.06597e-03	5.06560e-03	-1.00000e-02 	 46.0
9.50000e+00	5.00266e-03	5.00194e-03	-1.00000e-02 	 45.0
>>END<< 	 20.0
