V(__) I(__) lux CurrCoeff.  
0.00000e+00 -2.82777e-09 8.2 -6.283933E-04 1.822222E+06 -2.899812E+07
5.00000e-01 3.50286e-05 9.2 7.784133E+00 2.044444E+06 2.626425E+03
1.00000e+00 1.82121e-04 8.2 4.047133E+01 1.822222E+06 4.502501E+02
1.50000e+00 7.69063e-04 8.2 1.709029E+02 1.822222E+06 1.066233E+02
2.00000e+00 1.91103e-03 8.2 4.246733E+02 1.822222E+06 4.29088E+01
2.50000e+00 3.31403e-03 9.2 7.364511E+02 2.044444E+06 2.776076E+01
3.00000e+00 4.84133e-03 8.2 1.075851E+03 1.822222E+06 1.693749E+01
3.50000e+00 7.29682e-03 9.2 1.621516E+03 2.044444E+06 1.260823E+01
4.00000e+00 1.01155e-02 9.2 2.247889E+03 2.044444E+06 9.094953E+00
4.50000e+00 1.27185e-02 8.2 2.826333E+03 1.822222E+06 6.447301E+00
5.00000e+00 1.55819e-02 9.2 3.462644E+03 2.044444E+06 5.904286E+00
5.50000e+00 2.15633e-02 8.2 4.791844E+03 1.822222E+06 3.802757E+00
6.00000e+00 2.33377e-02 8.2 5.186156E+03 1.822222E+06 3.513628E+00
6.50000e+00 2.68666e-02 8.2 5.970356E+03 1.822222E+06 3.052117E+00
7.00000e+00 3.04668e-02 8.2 6.7704E+03 1.822222E+06 2.691454E+00
7.50000e+00 3.89414e-02 8.2 8.653644E+03 1.822222E+06 2.105728E+00
8.00000e+00 4.86100e-02 8.2 1.080222E+04 1.822222E+06 1.686896E+00
8.50000e+00 5.40533e-02 8.2 1.201184E+04 1.822222E+06 1.517021E+00
9.00000e+00 6.44247e-02 8.2 1.43166E+04 1.822222E+06 1.272804E+00
9.50000e+00 7.23314e-02 8.2 1.607364E+04 1.822222E+06 1.133671E+00
1.00000e+01 8.50841e-02 8.2 1.890758E+04 1.822222E+06 9.637523E-01
V(__) I(__) lux CurrCoeff.  
1.00000e+01 9.99956e-02 0.001 2.222124E+04 2.222222E+02 1.000044E-04
9.50000e+00 9.99953e-02 8.2 2.222118E+04 1.822222E+06 8.200385E-01
9.00000e+00 9.99952e-02 8.2 2.222116E+04 1.822222E+06 8.200394E-01
8.50000e+00 9.16351e-02 8.2 2.036336E+04 1.822222E+06 8.948536E-01
8.00000e+00 8.23998e-02 9.2 1.831107E+04 2.044444E+06 1.116508E+00
7.50000e+00 7.39923e-02 9.2 1.644273E+04 2.044444E+06 1.243373E+00
7.00000e+00 6.63271e-02 9.2 1.473936E+04 2.044444E+06 1.387065E+00
6.50000e+00 5.90099e-02 9.2 1.311331E+04 2.044444E+06 1.55906E+00
6.00000e+00 5.25142e-02 9.2 1.166982E+04 2.044444E+06 1.751907E+00
5.50000e+00 4.67914e-02 8.2 1.039809E+04 1.822222E+06 1.752459E+00
5.00000e+00 4.16599e-02 8.2 9.257756E+03 1.822222E+06 1.96832E+00
4.50000e+00 3.69073e-02 8.2 8.201622E+03 1.822222E+06 2.221783E+00
4.00000e+00 3.23224e-02 9.2 7.182756E+03 2.044444E+06 2.846323E+00
3.50000e+00 2.78655e-02 9.2 6.192333E+03 2.044444E+06 3.301574E+00
3.00000e+00 2.35068e-02 9.2 5.223733E+03 2.044444E+06 3.913761E+00
2.50000e+00 1.92429e-02 10.2 4.2762E+03 2.266667E+06 5.300656E+00
2.00000e+00 1.50904e-02 10.2 3.353422E+03 2.266667E+06 6.759264E+00
1.50000e+00 1.10572e-02 11.2 2.457156E+03 2.488889E+06 1.012915E+01
1.00000e+00 7.17971e-03 11.2 1.595491E+03 2.488889E+06 1.559952E+01
5.00000e-01 3.50234e-03 10.2 7.782978E+02 2.266667E+06 2.912339E+01
0.00000e+00 1.30033e-06 11.2 2.889622E-01 2.488889E+06 8.613198E+04
