V(__) I(__) lux CurrCoeff.  
0.00000e+00 2.79573e-12 0.1 6.212733E-07 2.222222E+04 3.576883E+08
5.00000e-01 2.52671e-12 0.1 5.614911E-07 2.222222E+04 3.957716E+08
1.00000e+00 3.31430e-12 0.1 7.365111E-07 2.222222E+04 3.017228E+08
1.50000e+00 1.58790e-12 0.1 3.528667E-07 2.222222E+04 6.297626E+08
2.00000e+00 8.54826e-13 0.1 1.899613E-07 2.222222E+04 1.169829E+09
2.50000e+00 3.83503e-12 0.1 8.522289E-07 2.222222E+04 2.607542E+08
3.00000e+00 5.10988e-12 0.1 1.135529E-06 2.222222E+04 1.956993E+08
3.50000e+00 1.29027e-11 0.1 2.867267E-06 2.222222E+04 7.750316E+07
4.00000e+00 1.95042e-11 0.1 4.334267E-06 2.222222E+04 5.127101E+07
4.50000e+00 4.27329e-11 0.1 9.4962E-06 2.222222E+04 2.340117E+07
5.00000e+00 8.94201e-11 0.1 1.987113E-05 2.222222E+04 1.118317E+07
5.50000e+00 1.94823e-10 0.1 4.3294E-05 2.222222E+04 5.132864E+06
6.00000e+00 6.82327e-04 80.7 1.516282E+02 1.793333E+07 1.182717E+03
6.50000e+00 7.59459e-09 0.1 1.687687E-03 2.222222E+04 1.316727E+05
7.00000e+00 6.06594e-03 432.3 1.347987E+03 9.606667E+07 7.126678E+02
7.50000e+00 7.97323e-03 632.42 1.771829E+03 1.405378E+08 7.931792E+02
8.00000e+00 1.18605e-02 805.52 2.635667E+03 1.790044E+08 6.791619E+02
8.50000e+00 1.47938e-02 977.62 3.287511E+03 2.172489E+08 6.608309E+02
9.00000e+00 1.86135e-02 1139.72 4.136333E+03 2.532711E+08 6.123083E+02
9.50000e+00 2.30297e-02 1325.83 5.117711E+03 2.946289E+08 5.757044E+02
1.00000e+01 2.77274e-02 1422.89 6.161644E+03 3.161978E+08 5.131711E+02
V(__) I(__) lux CurrCoeff.  
1.00000e+01 3.13437e-02 1509.96 6.965267E+03 3.355467E+08 4.817427E+02
9.50000e+00 2.67872e-02 1191.78 5.952711E+03 2.6484E+08 4.449065E+02
9.00000e+00 2.17564e-02 917.62 4.834756E+03 2.039156E+08 4.217701E+02
8.50000e+00 1.71848e-02 683.48 3.818844E+03 1.518844E+08 3.977236E+02
8.00000e+00 1.29607e-02 506.36 2.880156E+03 1.125244E+08 3.906888E+02
7.50000e+00 9.31484e-03 371.28 2.069964E+03 8.250667E+07 3.985898E+02
7.00000e+00 6.46279e-03 265.2 1.436176E+03 5.893333E+07 4.103491E+02
6.50000e+00 4.12959e-03 173.14 9.176867E+02 3.847556E+07 4.192668E+02
6.00000e+00 2.36112e-03 101.9 5.246933E+02 2.264444E+07 4.315748E+02
5.50000e+00 1.24197e-03 53.5 2.759933E+02 1.188889E+07 4.307672E+02
5.00000e+00 6.08310e-04 23.3 1.3518E+02 5.177778E+06 3.830284E+02
4.50000e+00 3.03731e-04 9.2 6.749578E+01 2.044444E+06 3.028996E+02
4.00000e+00 1.60660e-04 2.1 3.570222E+01 4.666667E+05 1.307108E+02
3.50000e+00 8.91381e-05 0.1 1.980847E+01 2.222222E+04 1.121855E+01
3.00000e+00 4.91594e-05 0.1 1.092431E+01 2.222222E+04 2.034199E+01
2.50000e+00 2.51205e-05 0.1 5.582333E+00 2.222222E+04 3.980812E+01
2.00000e+00 1.16215e-05 0.1 2.582556E+00 2.222222E+04 8.604741E+01
1.50000e+00 4.49963e-06 0.1 9.999178E-01 2.222222E+04 2.222405E+02
1.00000e+00 1.31453e-06 0.1 2.921178E-01 2.222222E+04 7.607282E+02
5.00000e-01 2.70608e-07 0.1 6.013511E-02 2.222222E+04 3.695382E+03
0.00000e+00 -1.55334e-10 58.12 -3.451867E-05 1.291556E+07 -3.741615E+09
