V(__) I(__) lux CurrC oeff. CurrA/m^-2. lux/m^-1
2.00000e+00 9.99964e-02 0 0E+00 2.222142E+04 0E+00 
4.00000e+00 9.99962e-02 0 0E+00 2.222138E+04 0E+00 
6.00000e+00 9.99963e-02 0 0E+00 2.22214E+04 0E+00 
8.00000e+00 9.99964e-02 0 0E+00 2.222142E+04 0E+00 
1.00000e+01 9.99965e-02 0 0E+00 2.222144E+04 0E+00 
1.00000e+01 9.99962e-02 0 0E+00 2.222138E+04 0E+00 
8.00000e+00 9.99962e-02 0 0E+00 2.222138E+04 0E+00 
6.00000e+00 9.99961e-02 0 0E+00 2.222136E+04 0E+00 
4.00000e+00 9.99962e-02 0 0E+00 2.222138E+04 0E+00 
2.00000e+00 9.99964e-02 0 0E+00 2.222142E+04 0E+00 
0.00000e+00 -1.47621e-04 0 -0E+00 -3.280467E+01 0E+00 
