V(__) I(__) lux CurrC oeff. CurrA/m^-2. lux/m^-1
1.00000e-01 2.23517e-14 0 0E+00 4.967044E-09 0E+00 
2.00000e-01 8.41141e-14 0 0E+00 1.869202E-08 0E+00 
3.00000e-01 1.38545e-13 0 0E+00 3.078778E-08 0E+00 
4.00000e-01 1.44041e-13 0 0E+00 3.200911E-08 0E+00 
5.00000e-01 1.35648e-13 0 0E+00 3.0144E-08 0E+00 
6.00000e-01 5.21898e-13 0 0E+00 1.159773E-07 0E+00 
7.00000e-01 3.40223e-14 0 0E+00 7.560511E-09 0E+00 
8.00000e-01 4.78506e-14 0 0E+00 1.063347E-08 0E+00 
9.00000e-01 2.22802e-13 0 0E+00 4.951156E-08 0E+00 
1.00000e+00 8.75473e-14 0 0E+00 1.945496E-08 0E+00 
1.10000e+00 7.66516e-13 0 0E+00 1.703369E-07 0E+00 
1.00000e+00 -9.82046e-14 0 -0E+00 -2.182324E-08 0E+00 
9.00000e-01 1.09029e-13 0 0E+00 2.422867E-08 0E+00 
8.00000e-01 -5.45335e-13 0 -0E+00 -1.211856E-07 0E+00 
7.00000e-01 -1.67525e-13 0 -0E+00 -3.722778E-08 0E+00 
6.00000e-01 7.60460e-13 0 0E+00 1.689911E-07 0E+00 
5.00000e-01 1.82700e-13 0 0E+00 4.06E-08 0E+00 
4.00000e-01 1.16587e-14 0 0E+00 2.590822E-09 0E+00 
3.00000e-01 7.55191e-14 0 0E+00 1.678202E-08 0E+00 
2.00000e-01 1.79613e-13 0 0E+00 3.9914E-08 0E+00 
1.00000e-01 -1.01006e-13 0 -0E+00 -2.244578E-08 0E+00 
2.77556e-17 3.21865e-14 0 0E+00 7.152556E-09 0E+00 
-1.00000e-01 8.50439e-14 0 0E+00 1.889864E-08 0E+00 
-2.00000e-01 9.52125e-14 0 0E+00 2.115833E-08 0E+00 
