>>head<<dt(__) 	 I(__) 	 lux 	 CurrCoeff. 	 CurrA/m^-2. 	 lux/m^-1
4.40000e-05	-6.27243e-04 	 0 	 -0E+00 	 -1.393873E+02	0E+00
2.05780e-02	-6.28246e-04 	 0 	 -0E+00 	 -1.396102E+02	0E+00
4.10470e-02	-6.19332e-04 	 0 	 -0E+00 	 -1.376293E+02	0E+00
6.14910e-02	-6.24217e-04 	 0 	 -0E+00 	 -1.387149E+02	0E+00
8.19410e-02	-6.29700e-04 	 0 	 -0E+00 	 -1.399333E+02	0E+00
1.02372e-01	-6.23128e-04 	 0 	 -0E+00 	 -1.384729E+02	0E+00
1.22790e-01	-6.30282e-04 	 0 	 -0E+00 	 -1.400627E+02	0E+00
1.43306e-01	-6.40669e-04 	 0 	 -0E+00 	 -1.423709E+02	0E+00
1.63740e-01	-6.27858e-04 	 0 	 -0E+00 	 -1.39524E+02	0E+00
1.84168e-01	-6.24393e-04 	 0 	 -0E+00 	 -1.38754E+02	0E+00
2.04606e-01	-6.25152e-04 	 0 	 -0E+00 	 -1.389227E+02	0E+00
2.25037e-01	-6.23576e-04 	 0 	 -0E+00 	 -1.385724E+02	0E+00
2.45460e-01	-6.17061e-04 	 0 	 -0E+00 	 -1.371247E+02	0E+00
2.65921e-01	-6.26617e-04 	 0 	 -0E+00 	 -1.392482E+02	0E+00
2.86371e-01	-6.20857e-04 	 0 	 -0E+00 	 -1.379682E+02	0E+00
3.06798e-01	-6.28554e-04 	 0 	 -0E+00 	 -1.396787E+02	0E+00
3.27239e-01	-6.27198e-04 	 0 	 -0E+00 	 -1.393773E+02	0E+00
3.47658e-01	-6.36295e-04 	 0 	 -0E+00 	 -1.413989E+02	0E+00
3.68177e-01	-6.25871e-04 	 0 	 -0E+00 	 -1.390824E+02	0E+00
3.88631e-01	-6.27661e-04 	 0 	 -0E+00 	 -1.394802E+02	0E+00
4.09067e-01	-6.27102e-04 	 0 	 -0E+00 	 -1.39356E+02	0E+00
4.29492e-01	-6.27153e-04 	 0 	 -0E+00 	 -1.393673E+02	0E+00
4.49928e-01	-6.26421e-04 	 0 	 -0E+00 	 -1.392047E+02	0E+00
4.70357e-01	-6.22329e-04 	 0 	 -0E+00 	 -1.382953E+02	0E+00
4.90781e-01	-6.21858e-04 	 0 	 -0E+00 	 -1.381907E+02	0E+00
5.11236e-01	-6.18677e-04 	 0 	 -0E+00 	 -1.374838E+02	0E+00
5.31673e-01	-6.12685e-04 	 0 	 -0E+00 	 -1.361522E+02	0E+00
5.52102e-01	-6.10600e-04 	 0 	 -0E+00 	 -1.356889E+02	0E+00
5.72539e-01	-6.15322e-04 	 0 	 -0E+00 	 -1.367382E+02	0E+00
5.92965e-01	-6.20881e-04 	 0 	 -0E+00 	 -1.379736E+02	0E+00
6.13392e-01	-6.21810e-04 	 0 	 -0E+00 	 -1.3818E+02	0E+00
6.33843e-01	-6.20688e-04 	 0 	 -0E+00 	 -1.379307E+02	0E+00
6.54272e-01	-6.24349e-04 	 0 	 -0E+00 	 -1.387442E+02	0E+00
6.74696e-01	-6.19043e-04 	 0 	 -0E+00 	 -1.375651E+02	0E+00
6.95131e-01	-6.18230e-04 	 0 	 -0E+00 	 -1.373844E+02	0E+00
7.15557e-01	-6.22167e-04 	 0 	 -0E+00 	 -1.382593E+02	0E+00
7.35983e-01	-6.19159e-04 	 0 	 -0E+00 	 -1.375909E+02	0E+00
7.56431e-01	-6.19370e-04 	 0 	 -0E+00 	 -1.376378E+02	0E+00
7.76868e-01	-6.09146e-04 	 0 	 -0E+00 	 -1.353658E+02	0E+00
7.97287e-01	-6.20344e-04 	 0 	 -0E+00 	 -1.378542E+02	0E+00
8.17724e-01	-6.17786e-04 	 0 	 -0E+00 	 -1.372858E+02	0E+00
8.38147e-01	-6.22820e-04 	 0 	 -0E+00 	 -1.384044E+02	0E+00
8.58570e-01	-6.12031e-04 	 0 	 -0E+00 	 -1.360069E+02	0E+00
8.79025e-01	-6.09843e-04 	 0 	 -0E+00 	 -1.355207E+02	0E+00
8.99456e-01	-6.12976e-04 	 0 	 -0E+00 	 -1.362169E+02	0E+00
9.19896e-01	-6.20981e-04 	 0 	 -0E+00 	 -1.379958E+02	0E+00
9.40321e-01	-6.07425e-04 	 0 	 -0E+00 	 -1.349833E+02	0E+00
9.60745e-01	-6.12206e-04 	 0 	 -0E+00 	 -1.360458E+02	0E+00
9.81185e-01	-6.07995e-04 	 0 	 -0E+00 	 -1.3511E+02	0E+00
1.00164e+00	-6.12391e-04 	 0 	 -0E+00 	 -1.360869E+02	0E+00
1.02207e+00	-6.09656e-04 	 0 	 -0E+00 	 -1.354791E+02	0E+00
1.04251e+00	-6.10488e-04 	 0 	 -0E+00 	 -1.35664E+02	0E+00
1.06294e+00	-6.05691e-04 	 0 	 -0E+00 	 -1.34598E+02	0E+00
1.08336e+00	-6.11072e-04 	 0 	 -0E+00 	 -1.357938E+02	0E+00
1.10379e+00	-6.10321e-04 	 0 	 -0E+00 	 -1.356269E+02	0E+00
1.12424e+00	-6.06756e-04 	 0 	 -0E+00 	 -1.348347E+02	0E+00
1.14467e+00	-6.10308e-04 	 0 	 -0E+00 	 -1.35624E+02	0E+00
1.16511e+00	-6.09202e-04 	 0 	 -0E+00 	 -1.353782E+02	0E+00
1.18553e+00	-6.09173e-04 	 0 	 -0E+00 	 -1.353718E+02	0E+00
1.20596e+00	-6.00932e-04 	 0 	 -0E+00 	 -1.335404E+02	0E+00
1.22639e+00	-6.09480e-04 	 0 	 -0E+00 	 -1.3544E+02	0E+00
1.24682e+00	-6.12088e-04 	 0 	 -0E+00 	 -1.360196E+02	0E+00
1.26727e+00	-6.10286e-04 	 0 	 -0E+00 	 -1.356191E+02	0E+00
1.28771e+00	-6.15429e-04 	 0 	 -0E+00 	 -1.36762E+02	0E+00
1.30814e+00	-6.05941e-04 	 0 	 -0E+00 	 -1.346536E+02	0E+00
1.32856e+00	-6.06722e-04 	 0 	 -0E+00 	 -1.348271E+02	0E+00
1.34899e+00	-6.06542e-04 	 0 	 -0E+00 	 -1.347871E+02	0E+00
1.36942e+00	-6.11576e-04 	 0 	 -0E+00 	 -1.359058E+02	0E+00
1.38986e+00	-6.06709e-04 	 0 	 -0E+00 	 -1.348242E+02	0E+00
1.41031e+00	-6.06417e-04 	 0 	 -0E+00 	 -1.347593E+02	0E+00
1.43073e+00	-6.13194e-04 	 0 	 -0E+00 	 -1.362653E+02	0E+00
1.45115e+00	-6.12285e-04 	 0 	 -0E+00 	 -1.360633E+02	0E+00
1.47158e+00	-6.06686e-04 	 0 	 -0E+00 	 -1.348191E+02	0E+00
1.49202e+00	-6.05182e-04 	 0 	 -0E+00 	 -1.344849E+02	0E+00
1.51245e+00	-6.04958e-04 	 0 	 -0E+00 	 -1.344351E+02	0E+00
1.53289e+00	-6.04691e-04 	 0 	 -0E+00 	 -1.343758E+02	0E+00
1.55333e+00	-6.05474e-04 	 0 	 -0E+00 	 -1.345498E+02	0E+00
1.57375e+00	-6.05403e-04 	 0 	 -0E+00 	 -1.34534E+02	0E+00
1.59418e+00	-6.05737e-04 	 0 	 -0E+00 	 -1.346082E+02	0E+00
1.61462e+00	-6.07428e-04 	 0 	 -0E+00 	 -1.34984E+02	0E+00
1.63506e+00	-6.02624e-04 	 0 	 -0E+00 	 -1.339164E+02	0E+00
1.65550e+00	-5.99659e-04 	 0 	 -0E+00 	 -1.332576E+02	0E+00
1.67592e+00	-6.00064e-04 	 0 	 -0E+00 	 -1.333476E+02	0E+00
1.69635e+00	-5.97200e-04 	 0 	 -0E+00 	 -1.327111E+02	0E+00
1.71678e+00	-6.00266e-04 	 0 	 -0E+00 	 -1.333924E+02	0E+00
1.73721e+00	-5.99701e-04 	 0 	 -0E+00 	 -1.332669E+02	0E+00
1.75766e+00	-6.05433e-04 	 0 	 -0E+00 	 -1.345407E+02	0E+00
1.77811e+00	-5.97298e-04 	 0 	 -0E+00 	 -1.327329E+02	0E+00
1.79854e+00	-6.03579e-04 	 0 	 -0E+00 	 -1.341287E+02	0E+00
1.81897e+00	-6.02295e-04 	 0 	 -0E+00 	 -1.338433E+02	0E+00
1.83941e+00	-5.98697e-04 	 0 	 -0E+00 	 -1.330438E+02	0E+00
1.85984e+00	-5.90497e-04 	 0 	 -0E+00 	 -1.312216E+02	0E+00
1.88029e+00	-5.96495e-04 	 0 	 -0E+00 	 -1.325544E+02	0E+00
1.90073e+00	-5.98603e-04 	 0 	 -0E+00 	 -1.330229E+02	0E+00
1.92114e+00	-5.99678e-04 	 0 	 -0E+00 	 -1.332618E+02	0E+00
1.94158e+00	-5.98295e-04 	 0 	 -0E+00 	 -1.329544E+02	0E+00
1.96201e+00	-5.92461e-04 	 0 	 -0E+00 	 -1.31658E+02	0E+00
1.98245e+00	-5.95789e-04 	 0 	 -0E+00 	 -1.323976E+02	0E+00
2.00295e+00	-5.93581e-04 	 0 	 -0E+00 	 -1.319069E+02	0E+00
2.02340e+00	-5.84887e-04 	 0 	 -0E+00 	 -1.299749E+02	0E+00
2.04384e+00	-5.87973e-04 	 0 	 -0E+00 	 -1.306607E+02	0E+00
2.06428e+00	-6.00984e-04 	 0 	 -0E+00 	 -1.33552E+02	0E+00
2.08472e+00	-6.00953e-04 	 0 	 -0E+00 	 -1.335451E+02	0E+00
2.10513e+00	-5.95969e-04 	 0 	 -0E+00 	 -1.324376E+02	0E+00
2.12558e+00	-6.02480e-04 	 0 	 -0E+00 	 -1.338844E+02	0E+00
2.14601e+00	-5.93281e-04 	 0 	 -0E+00 	 -1.318402E+02	0E+00
2.16643e+00	-5.93004e-04 	 0 	 -0E+00 	 -1.317787E+02	0E+00
2.18688e+00	-5.96959e-04 	 0 	 -0E+00 	 -1.326576E+02	0E+00
2.20731e+00	-5.91353e-04 	 0 	 -0E+00 	 -1.314118E+02	0E+00
2.22772e+00	-5.89293e-04 	 0 	 -0E+00 	 -1.30954E+02	0E+00
2.24816e+00	-5.97095e-04 	 0 	 -0E+00 	 -1.326878E+02	0E+00
2.26861e+00	-6.02016e-04 	 0 	 -0E+00 	 -1.337813E+02	0E+00
2.28904e+00	-6.07641e-04 	 0 	 -0E+00 	 -1.350313E+02	0E+00
2.30948e+00	-6.09012e-04 	 0 	 -0E+00 	 -1.35336E+02	0E+00
2.32991e+00	-6.03043e-04 	 0 	 -0E+00 	 -1.340096E+02	0E+00
2.35033e+00	-6.02127e-04 	 0 	 -0E+00 	 -1.33806E+02	0E+00
2.37077e+00	-6.04766e-04 	 0 	 -0E+00 	 -1.343924E+02	0E+00
2.39121e+00	-6.01814e-04 	 0 	 -0E+00 	 -1.337364E+02	0E+00
2.41164e+00	-6.12558e-04 	 0 	 -0E+00 	 -1.36124E+02	0E+00
2.43208e+00	-6.06899e-04 	 0 	 -0E+00 	 -1.348664E+02	0E+00
2.45249e+00	-6.08787e-04 	 0 	 -0E+00 	 -1.35286E+02	0E+00
2.47292e+00	-6.07978e-04 	 0 	 -0E+00 	 -1.351062E+02	0E+00
2.49336e+00	-6.09511e-04 	 0 	 -0E+00 	 -1.354469E+02	0E+00
2.51380e+00	-6.12117e-04 	 0 	 -0E+00 	 -1.36026E+02	0E+00
2.53423e+00	-6.12806e-04 	 0 	 -0E+00 	 -1.361791E+02	0E+00
2.55467e+00	-6.16874e-04 	 0 	 -0E+00 	 -1.370831E+02	0E+00
2.57510e+00	-6.15195e-04 	 0 	 -0E+00 	 -1.3671E+02	0E+00
2.59552e+00	-6.14204e-04 	 0 	 -0E+00 	 -1.364898E+02	0E+00
2.61596e+00	-6.04938e-04 	 0 	 -0E+00 	 -1.344307E+02	0E+00
2.63640e+00	-6.06027e-04 	 0 	 -0E+00 	 -1.346727E+02	0E+00
2.65682e+00	-6.02771e-04 	 0 	 -0E+00 	 -1.339491E+02	0E+00
2.67726e+00	-6.02535e-04 	 0 	 -0E+00 	 -1.338967E+02	0E+00
2.69769e+00	-6.03393e-04 	 0 	 -0E+00 	 -1.340873E+02	0E+00
2.71810e+00	-6.05623e-04 	 0 	 -0E+00 	 -1.345829E+02	0E+00
2.73854e+00	-6.08779e-04 	 0 	 -0E+00 	 -1.352842E+02	0E+00
2.75899e+00	-6.13550e-04 	 0 	 -0E+00 	 -1.363444E+02	0E+00
2.77942e+00	-6.16741e-04 	 0 	 -0E+00 	 -1.370536E+02	0E+00
2.79986e+00	-6.10932e-04 	 0 	 -0E+00 	 -1.357627E+02	0E+00
2.82029e+00	-6.18886e-04 	 0 	 -0E+00 	 -1.375302E+02	0E+00
2.84073e+00	-6.19121e-04 	 0 	 -0E+00 	 -1.375824E+02	0E+00
2.86115e+00	-6.12968e-04 	 0 	 -0E+00 	 -1.362151E+02	0E+00
2.88159e+00	-6.06527e-04 	 0 	 -0E+00 	 -1.347838E+02	0E+00
2.90203e+00	-6.12956e-04 	 0 	 -0E+00 	 -1.362124E+02	0E+00
2.92246e+00	-6.05852e-04 	 0 	 -0E+00 	 -1.346338E+02	0E+00
2.94289e+00	-6.06405e-04 	 0 	 -0E+00 	 -1.347567E+02	0E+00
2.96332e+00	-6.08870e-04 	 0 	 -0E+00 	 -1.353044E+02	0E+00
2.98376e+00	-6.00555e-04 	 0 	 -0E+00 	 -1.334567E+02	0E+00
3.00420e+00	-6.05765e-04 	 0 	 -0E+00 	 -1.346144E+02	0E+00
3.02463e+00	-6.09994e-04 	 0 	 -0E+00 	 -1.355542E+02	0E+00
3.04506e+00	-5.99795e-04 	 0 	 -0E+00 	 -1.332878E+02	0E+00
3.06548e+00	-6.03660e-04 	 0 	 -0E+00 	 -1.341467E+02	0E+00
3.08592e+00	-6.07093e-04 	 0 	 -0E+00 	 -1.349096E+02	0E+00
3.10635e+00	-5.97255e-04 	 0 	 -0E+00 	 -1.327233E+02	0E+00
3.12679e+00	-6.01723e-04 	 0 	 -0E+00 	 -1.337162E+02	0E+00
3.14724e+00	-6.02883e-04 	 0 	 -0E+00 	 -1.33974E+02	0E+00
3.16767e+00	-6.00104e-04 	 0 	 -0E+00 	 -1.333564E+02	0E+00
3.18822e+00	-5.95546e-04 	 0 	 -0E+00 	 -1.323436E+02	0E+00
3.20866e+00	-6.04519e-04 	 0 	 -0E+00 	 -1.343376E+02	0E+00
3.22909e+00	-5.94209e-04 	 0 	 -0E+00 	 -1.320464E+02	0E+00
3.24958e+00	-5.93776e-04 	 0 	 -0E+00 	 -1.319502E+02	0E+00
3.27003e+00	-5.97891e-04 	 0 	 -0E+00 	 -1.328647E+02	0E+00
3.29046e+00	-5.92953e-04 	 0 	 -0E+00 	 -1.317673E+02	0E+00
3.31088e+00	-5.93330e-04 	 0 	 -0E+00 	 -1.318511E+02	0E+00
3.33132e+00	-5.95338e-04 	 0 	 -0E+00 	 -1.322973E+02	0E+00
3.35174e+00	-5.95555e-04 	 0 	 -0E+00 	 -1.323456E+02	0E+00
3.37216e+00	-5.93149e-04 	 0 	 -0E+00 	 -1.318109E+02	0E+00
3.39262e+00	-6.02272e-04 	 0 	 -0E+00 	 -1.338382E+02	0E+00
3.41306e+00	-5.95887e-04 	 0 	 -0E+00 	 -1.324193E+02	0E+00
3.43348e+00	-6.04679e-04 	 0 	 -0E+00 	 -1.343731E+02	0E+00
3.45393e+00	-6.05700e-04 	 0 	 -0E+00 	 -1.346E+02	0E+00
3.47436e+00	-6.10552e-04 	 0 	 -0E+00 	 -1.356782E+02	0E+00
3.49478e+00	-6.11784e-04 	 0 	 -0E+00 	 -1.35952E+02	0E+00
3.51524e+00	-6.16077e-04 	 0 	 -0E+00 	 -1.36906E+02	0E+00
3.53567e+00	-6.09291e-04 	 0 	 -0E+00 	 -1.35398E+02	0E+00
3.55610e+00	-6.04139e-04 	 0 	 -0E+00 	 -1.342531E+02	0E+00
3.57653e+00	-5.99710e-04 	 0 	 -0E+00 	 -1.332689E+02	0E+00
3.59695e+00	-6.06252e-04 	 0 	 -0E+00 	 -1.347227E+02	0E+00
3.61737e+00	-6.13088e-04 	 0 	 -0E+00 	 -1.362418E+02	0E+00
3.63782e+00	-6.02804e-04 	 0 	 -0E+00 	 -1.339564E+02	0E+00
3.65826e+00	-6.04856e-04 	 0 	 -0E+00 	 -1.344124E+02	0E+00
3.67868e+00	-6.06461e-04 	 0 	 -0E+00 	 -1.347691E+02	0E+00
3.69911e+00	-6.05873e-04 	 0 	 -0E+00 	 -1.346384E+02	0E+00
3.71955e+00	-6.05297e-04 	 0 	 -0E+00 	 -1.345104E+02	0E+00
3.73997e+00	-5.99726e-04 	 0 	 -0E+00 	 -1.332724E+02	0E+00
3.76042e+00	-5.98860e-04 	 0 	 -0E+00 	 -1.3308E+02	0E+00
3.78086e+00	-6.01854e-04 	 0 	 -0E+00 	 -1.337453E+02	0E+00
3.80129e+00	-6.02116e-04 	 0 	 -0E+00 	 -1.338036E+02	0E+00
3.82172e+00	-5.99880e-04 	 0 	 -0E+00 	 -1.333067E+02	0E+00
3.84214e+00	-5.98818e-04 	 0 	 -0E+00 	 -1.330707E+02	0E+00
3.86257e+00	-6.04777e-04 	 0 	 -0E+00 	 -1.343949E+02	0E+00
3.88302e+00	-6.00056e-04 	 0 	 -0E+00 	 -1.333458E+02	0E+00
3.90345e+00	-6.06087e-04 	 0 	 -0E+00 	 -1.34686E+02	0E+00
3.92389e+00	-6.11277e-04 	 0 	 -0E+00 	 -1.358393E+02	0E+00
3.94432e+00	-6.06422e-04 	 0 	 -0E+00 	 -1.347604E+02	0E+00
3.96474e+00	-6.06221e-04 	 0 	 -0E+00 	 -1.347158E+02	0E+00
3.98518e+00	-6.06743e-04 	 0 	 -0E+00 	 -1.348318E+02	0E+00
4.00569e+00	-5.95706e-04 	 0 	 -0E+00 	 -1.323791E+02	0E+00
4.02614e+00	-5.99336e-04 	 0 	 -0E+00 	 -1.331858E+02	0E+00
4.04660e+00	-6.10835e-04 	 0 	 -0E+00 	 -1.357411E+02	0E+00
4.06707e+00	-6.08745e-04 	 0 	 -0E+00 	 -1.352767E+02	0E+00
4.08751e+00	-6.15797e-04 	 0 	 -0E+00 	 -1.368438E+02	0E+00
4.10795e+00	-6.14175e-04 	 0 	 -0E+00 	 -1.364833E+02	0E+00
4.12837e+00	-6.14863e-04 	 0 	 -0E+00 	 -1.366362E+02	0E+00
4.14879e+00	-6.16303e-04 	 0 	 -0E+00 	 -1.369562E+02	0E+00
4.16923e+00	-6.18166e-04 	 0 	 -0E+00 	 -1.373702E+02	0E+00
4.18968e+00	-6.08724e-04 	 0 	 -0E+00 	 -1.35272E+02	0E+00
4.21011e+00	-6.06919e-04 	 0 	 -0E+00 	 -1.348709E+02	0E+00
4.23055e+00	-6.07343e-04 	 0 	 -0E+00 	 -1.349651E+02	0E+00
4.25098e+00	-6.07170e-04 	 0 	 -0E+00 	 -1.349267E+02	0E+00
4.27140e+00	-6.07488e-04 	 0 	 -0E+00 	 -1.349973E+02	0E+00
4.29184e+00	-6.12310e-04 	 0 	 -0E+00 	 -1.360689E+02	0E+00
4.31229e+00	-6.11214e-04 	 0 	 -0E+00 	 -1.358253E+02	0E+00
4.33271e+00	-6.11067e-04 	 0 	 -0E+00 	 -1.357927E+02	0E+00
4.35314e+00	-6.12539e-04 	 0 	 -0E+00 	 -1.361198E+02	0E+00
4.37356e+00	-5.99942e-04 	 0 	 -0E+00 	 -1.333204E+02	0E+00
4.39398e+00	-5.93151e-04 	 0 	 -0E+00 	 -1.318113E+02	0E+00
4.41442e+00	-5.96407e-04 	 0 	 -0E+00 	 -1.325349E+02	0E+00
4.43488e+00	-5.97073e-04 	 0 	 -0E+00 	 -1.326829E+02	0E+00
4.45531e+00	-5.96686e-04 	 0 	 -0E+00 	 -1.325969E+02	0E+00
4.47574e+00	-6.01600e-04 	 0 	 -0E+00 	 -1.336889E+02	0E+00
4.49617e+00	-6.01673e-04 	 0 	 -0E+00 	 -1.337051E+02	0E+00
4.51660e+00	-5.98588e-04 	 0 	 -0E+00 	 -1.330196E+02	0E+00
4.53703e+00	-5.96705e-04 	 0 	 -0E+00 	 -1.326011E+02	0E+00
4.55752e+00	-5.99906e-04 	 0 	 -0E+00 	 -1.333124E+02	0E+00
4.57796e+00	-5.94387e-04 	 0 	 -0E+00 	 -1.32086E+02	0E+00
4.59840e+00	-5.98844e-04 	 0 	 -0E+00 	 -1.330764E+02	0E+00
4.61883e+00	-6.04528e-04 	 0 	 -0E+00 	 -1.343396E+02	0E+00
4.63926e+00	-5.99012e-04 	 0 	 -0E+00 	 -1.331138E+02	0E+00
4.65969e+00	-6.05756e-04 	 0 	 -0E+00 	 -1.346124E+02	0E+00
4.68012e+00	-5.99471e-04 	 0 	 -0E+00 	 -1.332158E+02	0E+00
4.70055e+00	-6.00826e-04 	 0 	 -0E+00 	 -1.335169E+02	0E+00
4.72100e+00	-5.97369e-04 	 0 	 -0E+00 	 -1.327487E+02	0E+00
4.74143e+00	-6.01508e-04 	 0 	 -0E+00 	 -1.336684E+02	0E+00
4.76186e+00	-6.02283e-04 	 0 	 -0E+00 	 -1.338407E+02	0E+00
4.78229e+00	-5.96422e-04 	 0 	 -0E+00 	 -1.325382E+02	0E+00
4.80271e+00	-6.00140e-04 	 0 	 -0E+00 	 -1.333644E+02	0E+00
4.82315e+00	-6.01523e-04 	 0 	 -0E+00 	 -1.336718E+02	0E+00
4.84358e+00	-5.92807e-04 	 0 	 -0E+00 	 -1.317349E+02	0E+00
4.86401e+00	-5.93526e-04 	 0 	 -0E+00 	 -1.318947E+02	0E+00
4.88444e+00	-5.99537e-04 	 0 	 -0E+00 	 -1.332304E+02	0E+00
4.90488e+00	-5.87385e-04 	 0 	 -0E+00 	 -1.3053E+02	0E+00
4.92530e+00	-5.90885e-04 	 0 	 -0E+00 	 -1.313078E+02	0E+00
4.94575e+00	-5.90624e-04 	 0 	 -0E+00 	 -1.312498E+02	0E+00
4.96618e+00	-5.88268e-04 	 0 	 -0E+00 	 -1.307262E+02	0E+00
4.98662e+00	-5.91748e-04 	 0 	 -0E+00 	 -1.314996E+02	0E+00
5.00706e+00	-5.93590e-04 	 0 	 -0E+00 	 -1.319089E+02	0E+00
5.02748e+00	-5.85385e-04 	 0 	 -0E+00 	 -1.300856E+02	0E+00
5.04791e+00	-5.93448e-04 	 0 	 -0E+00 	 -1.318773E+02	0E+00
5.06837e+00	-5.94365e-04 	 0 	 -0E+00 	 -1.320811E+02	0E+00
5.08880e+00	-5.86079e-04 	 0 	 -0E+00 	 -1.302398E+02	0E+00
5.10922e+00	-5.87447e-04 	 0 	 -0E+00 	 -1.305438E+02	0E+00
5.12965e+00	-5.88220e-04 	 0 	 -0E+00 	 -1.307156E+02	0E+00
5.15008e+00	-5.86276e-04 	 0 	 -0E+00 	 -1.302836E+02	0E+00
5.17049e+00	-5.87052e-04 	 0 	 -0E+00 	 -1.30456E+02	0E+00
5.19095e+00	-6.01311e-04 	 0 	 -0E+00 	 -1.336247E+02	0E+00
5.21138e+00	-5.94171e-04 	 0 	 -0E+00 	 -1.32038E+02	0E+00
5.23180e+00	-5.98584e-04 	 0 	 -0E+00 	 -1.330187E+02	0E+00
5.25225e+00	-6.00532e-04 	 0 	 -0E+00 	 -1.334516E+02	0E+00
5.27267e+00	-6.01003e-04 	 0 	 -0E+00 	 -1.335562E+02	0E+00
5.29309e+00	-6.00886e-04 	 0 	 -0E+00 	 -1.335302E+02	0E+00
5.31355e+00	-6.04244e-04 	 0 	 -0E+00 	 -1.342764E+02	0E+00
5.33399e+00	-5.98926e-04 	 0 	 -0E+00 	 -1.330947E+02	0E+00
5.35441e+00	-6.03819e-04 	 0 	 -0E+00 	 -1.34182E+02	0E+00
5.37485e+00	-6.04400e-04 	 0 	 -0E+00 	 -1.343111E+02	0E+00
5.39528e+00	-6.01731e-04 	 0 	 -0E+00 	 -1.33718E+02	0E+00
5.41570e+00	-5.97809e-04 	 0 	 -0E+00 	 -1.328464E+02	0E+00
5.43616e+00	-5.91190e-04 	 0 	 -0E+00 	 -1.313756E+02	0E+00
5.45658e+00	-6.02087e-04 	 0 	 -0E+00 	 -1.337971E+02	0E+00
5.47701e+00	-5.96472e-04 	 0 	 -0E+00 	 -1.325493E+02	0E+00
5.49745e+00	-5.95201e-04 	 0 	 -0E+00 	 -1.322669E+02	0E+00
5.51789e+00	-5.97980e-04 	 0 	 -0E+00 	 -1.328844E+02	0E+00
5.53831e+00	-5.97266e-04 	 0 	 -0E+00 	 -1.327258E+02	0E+00
5.55876e+00	-5.95372e-04 	 0 	 -0E+00 	 -1.323049E+02	0E+00
5.57919e+00	-6.00637e-04 	 0 	 -0E+00 	 -1.334749E+02	0E+00
5.59962e+00	-6.03325e-04 	 0 	 -0E+00 	 -1.340722E+02	0E+00
5.62006e+00	-6.00082e-04 	 0 	 -0E+00 	 -1.333516E+02	0E+00
5.64048e+00	-6.05502e-04 	 0 	 -0E+00 	 -1.34556E+02	0E+00
5.66091e+00	-5.96803e-04 	 0 	 -0E+00 	 -1.326229E+02	0E+00
5.68134e+00	-5.91843e-04 	 0 	 -0E+00 	 -1.315207E+02	0E+00
5.70178e+00	-5.95474e-04 	 0 	 -0E+00 	 -1.323276E+02	0E+00
5.72226e+00	-6.02366e-04 	 0 	 -0E+00 	 -1.338591E+02	0E+00
5.74269e+00	-5.97771e-04 	 0 	 -0E+00 	 -1.32838E+02	0E+00
5.76312e+00	-6.04741e-04 	 0 	 -0E+00 	 -1.343869E+02	0E+00
5.78355e+00	-6.01810e-04 	 0 	 -0E+00 	 -1.337356E+02	0E+00
5.80398e+00	-5.91644e-04 	 0 	 -0E+00 	 -1.314764E+02	0E+00
5.82442e+00	-5.95563e-04 	 0 	 -0E+00 	 -1.323473E+02	0E+00
5.84487e+00	-5.96812e-04 	 0 	 -0E+00 	 -1.326249E+02	0E+00
5.86530e+00	-5.91858e-04 	 0 	 -0E+00 	 -1.31524E+02	0E+00
5.88572e+00	-5.98061e-04 	 0 	 -0E+00 	 -1.329024E+02	0E+00
5.90615e+00	-6.00278e-04 	 0 	 -0E+00 	 -1.333951E+02	0E+00
5.92657e+00	-5.96982e-04 	 0 	 -0E+00 	 -1.326627E+02	0E+00
5.94702e+00	-5.98122e-04 	 0 	 -0E+00 	 -1.32916E+02	0E+00
5.96746e+00	-5.92768e-04 	 0 	 -0E+00 	 -1.317262E+02	0E+00
5.98790e+00	-5.98197e-04 	 0 	 -0E+00 	 -1.329327E+02	0E+00
6.00832e+00	-5.98769e-04 	 0 	 -0E+00 	 -1.330598E+02	0E+00
6.02875e+00	-6.02498e-04 	 0 	 -0E+00 	 -1.338884E+02	0E+00
6.04917e+00	-5.95565e-04 	 0 	 -0E+00 	 -1.323478E+02	0E+00
6.06967e+00	-6.10024e-04 	 0 	 -0E+00 	 -1.355609E+02	0E+00
6.09016e+00	-6.08475e-04 	 0 	 -0E+00 	 -1.352167E+02	0E+00
6.11060e+00	-6.07133e-04 	 0 	 -0E+00 	 -1.349184E+02	0E+00
6.13106e+00	-6.05945e-04 	 0 	 -0E+00 	 -1.346544E+02	0E+00
6.15150e+00	-6.11959e-04 	 0 	 -0E+00 	 -1.359909E+02	0E+00
6.17194e+00	-6.03074e-04 	 0 	 -0E+00 	 -1.340164E+02	0E+00
6.19237e+00	-5.88915e-04 	 0 	 -0E+00 	 -1.3087E+02	0E+00
6.21280e+00	-5.98746e-04 	 0 	 -0E+00 	 -1.330547E+02	0E+00
6.23324e+00	-5.93503e-04 	 0 	 -0E+00 	 -1.318896E+02	0E+00
6.25368e+00	-5.94029e-04 	 0 	 -0E+00 	 -1.320064E+02	0E+00
6.27412e+00	-5.94710e-04 	 0 	 -0E+00 	 -1.321578E+02	0E+00
6.29456e+00	-5.92388e-04 	 0 	 -0E+00 	 -1.316418E+02	0E+00
6.31499e+00	-5.87897e-04 	 0 	 -0E+00 	 -1.306438E+02	0E+00
6.33543e+00	-5.95474e-04 	 0 	 -0E+00 	 -1.323276E+02	0E+00
6.35587e+00	-5.88115e-04 	 0 	 -0E+00 	 -1.306922E+02	0E+00
6.37631e+00	-5.89822e-04 	 0 	 -0E+00 	 -1.310716E+02	0E+00
6.39675e+00	-5.86866e-04 	 0 	 -0E+00 	 -1.304147E+02	0E+00
6.41717e+00	-5.88697e-04 	 0 	 -0E+00 	 -1.308216E+02	0E+00
6.43759e+00	-5.82285e-04 	 0 	 -0E+00 	 -1.293967E+02	0E+00
6.45803e+00	-5.88749e-04 	 0 	 -0E+00 	 -1.308331E+02	0E+00
6.47845e+00	-5.99590e-04 	 0 	 -0E+00 	 -1.332422E+02	0E+00
6.49890e+00	-5.92852e-04 	 0 	 -0E+00 	 -1.317449E+02	0E+00
6.51934e+00	-5.99454e-04 	 0 	 -0E+00 	 -1.33212E+02	0E+00
6.53977e+00	-6.01816e-04 	 0 	 -0E+00 	 -1.337369E+02	0E+00
6.56019e+00	-6.00762e-04 	 0 	 -0E+00 	 -1.335027E+02	0E+00
6.58062e+00	-5.99853e-04 	 0 	 -0E+00 	 -1.333007E+02	0E+00
6.60105e+00	-5.99771e-04 	 0 	 -0E+00 	 -1.332824E+02	0E+00
6.62149e+00	-6.03284e-04 	 0 	 -0E+00 	 -1.340631E+02	0E+00
6.64194e+00	-6.03150e-04 	 0 	 -0E+00 	 -1.340333E+02	0E+00
6.66237e+00	-5.94788e-04 	 0 	 -0E+00 	 -1.321751E+02	0E+00
6.68283e+00	-5.87344e-04 	 0 	 -0E+00 	 -1.305209E+02	0E+00
6.70327e+00	-5.91353e-04 	 0 	 -0E+00 	 -1.314118E+02	0E+00
6.72369e+00	-5.86953e-04 	 0 	 -0E+00 	 -1.30434E+02	0E+00
6.74415e+00	-5.89203e-04 	 0 	 -0E+00 	 -1.30934E+02	0E+00
6.76459e+00	-5.80661e-04 	 0 	 -0E+00 	 -1.290358E+02	0E+00
6.78501e+00	-5.85151e-04 	 0 	 -0E+00 	 -1.300336E+02	0E+00
6.80545e+00	-5.87349e-04 	 0 	 -0E+00 	 -1.30522E+02	0E+00
6.82587e+00	-5.84159e-04 	 0 	 -0E+00 	 -1.298131E+02	0E+00
6.84629e+00	-5.89101e-04 	 0 	 -0E+00 	 -1.309113E+02	0E+00
6.86674e+00	-5.89334e-04 	 0 	 -0E+00 	 -1.309631E+02	0E+00
6.88718e+00	-5.81513e-04 	 0 	 -0E+00 	 -1.292251E+02	0E+00
6.90761e+00	-5.84984e-04 	 0 	 -0E+00 	 -1.299964E+02	0E+00
6.92804e+00	-5.89338e-04 	 0 	 -0E+00 	 -1.30964E+02	0E+00
6.94847e+00	-5.87566e-04 	 0 	 -0E+00 	 -1.305702E+02	0E+00
6.96891e+00	-5.92501e-04 	 0 	 -0E+00 	 -1.316669E+02	0E+00
6.98934e+00	-5.94534e-04 	 0 	 -0E+00 	 -1.321187E+02	0E+00
7.00979e+00	-5.81273e-04 	 0 	 -0E+00 	 -1.291718E+02	0E+00
7.03022e+00	-5.89961e-04 	 0 	 -0E+00 	 -1.311024E+02	0E+00
7.05066e+00	-5.92391e-04 	 0 	 -0E+00 	 -1.316424E+02	0E+00
7.07109e+00	-5.87637e-04 	 0 	 -0E+00 	 -1.30586E+02	0E+00
7.09151e+00	-5.88784e-04 	 0 	 -0E+00 	 -1.308409E+02	0E+00
7.11195e+00	-5.86615e-04 	 0 	 -0E+00 	 -1.303589E+02	0E+00
7.13239e+00	-5.82614e-04 	 0 	 -0E+00 	 -1.294698E+02	0E+00
7.15282e+00	-5.80398e-04 	 0 	 -0E+00 	 -1.289773E+02	0E+00
7.17326e+00	-5.90392e-04 	 0 	 -0E+00 	 -1.311982E+02	0E+00
7.19369e+00	-5.88921e-04 	 0 	 -0E+00 	 -1.308713E+02	0E+00
7.21411e+00	-5.90977e-04 	 0 	 -0E+00 	 -1.313282E+02	0E+00
7.23455e+00	-5.95177e-04 	 0 	 -0E+00 	 -1.322616E+02	0E+00
7.25500e+00	-5.88695e-04 	 0 	 -0E+00 	 -1.308211E+02	0E+00
7.27542e+00	-5.91105e-04 	 0 	 -0E+00 	 -1.313567E+02	0E+00
7.29587e+00	-5.98235e-04 	 0 	 -0E+00 	 -1.329411E+02	0E+00
7.31629e+00	-5.91140e-04 	 0 	 -0E+00 	 -1.313644E+02	0E+00
7.33671e+00	-5.93979e-04 	 0 	 -0E+00 	 -1.319953E+02	0E+00
7.35714e+00	-6.01929e-04 	 0 	 -0E+00 	 -1.33762E+02	0E+00
7.37759e+00	-5.96137e-04 	 0 	 -0E+00 	 -1.324749E+02	0E+00
7.39802e+00	-6.02686e-04 	 0 	 -0E+00 	 -1.339302E+02	0E+00
7.41845e+00	-6.06035e-04 	 0 	 -0E+00 	 -1.346744E+02	0E+00
7.43889e+00	-6.06578e-04 	 0 	 -0E+00 	 -1.347951E+02	0E+00
7.45931e+00	-5.99988e-04 	 0 	 -0E+00 	 -1.333307E+02	0E+00
7.47975e+00	-6.03681e-04 	 0 	 -0E+00 	 -1.341513E+02	0E+00
7.50019e+00	-5.94456e-04 	 0 	 -0E+00 	 -1.321013E+02	0E+00
7.52063e+00	-6.00324e-04 	 0 	 -0E+00 	 -1.334053E+02	0E+00
7.54107e+00	-6.10115e-04 	 0 	 -0E+00 	 -1.355811E+02	0E+00
7.56150e+00	-6.04863e-04 	 0 	 -0E+00 	 -1.34414E+02	0E+00
7.58192e+00	-6.04679e-04 	 0 	 -0E+00 	 -1.343731E+02	0E+00
7.60235e+00	-6.00431e-04 	 0 	 -0E+00 	 -1.334291E+02	0E+00
7.62280e+00	-5.98028e-04 	 0 	 -0E+00 	 -1.328951E+02	0E+00
7.64328e+00	-5.96388e-04 	 0 	 -0E+00 	 -1.325307E+02	0E+00
7.66370e+00	-5.96390e-04 	 0 	 -0E+00 	 -1.325311E+02	0E+00
7.68413e+00	-6.05158e-04 	 0 	 -0E+00 	 -1.344796E+02	0E+00
7.70456e+00	-6.11659e-04 	 0 	 -0E+00 	 -1.359242E+02	0E+00
7.72499e+00	-6.05625e-04 	 0 	 -0E+00 	 -1.345833E+02	0E+00
7.74543e+00	-6.11021e-04 	 0 	 -0E+00 	 -1.357824E+02	0E+00
7.76588e+00	-6.10348e-04 	 0 	 -0E+00 	 -1.356329E+02	0E+00
7.78632e+00	-6.07172e-04 	 0 	 -0E+00 	 -1.349271E+02	0E+00
7.80676e+00	-6.03803e-04 	 0 	 -0E+00 	 -1.341784E+02	0E+00
7.82719e+00	-6.05134e-04 	 0 	 -0E+00 	 -1.344742E+02	0E+00
7.84762e+00	-6.07939e-04 	 0 	 -0E+00 	 -1.350976E+02	0E+00
7.86818e+00	-6.04163e-04 	 0 	 -0E+00 	 -1.342584E+02	0E+00
7.88863e+00	-6.08796e-04 	 0 	 -0E+00 	 -1.35288E+02	0E+00
7.90906e+00	-6.02654e-04 	 0 	 -0E+00 	 -1.339231E+02	0E+00
7.92948e+00	-6.09493e-04 	 0 	 -0E+00 	 -1.354429E+02	0E+00
7.94991e+00	-6.08770e-04 	 0 	 -0E+00 	 -1.352822E+02	0E+00
7.97034e+00	-6.03786e-04 	 0 	 -0E+00 	 -1.341747E+02	0E+00
7.99077e+00	-6.08416e-04 	 0 	 -0E+00 	 -1.352036E+02	0E+00
8.01121e+00	-6.06801e-04 	 0 	 -0E+00 	 -1.348447E+02	0E+00
8.03163e+00	-5.95734e-04 	 0 	 -0E+00 	 -1.323853E+02	0E+00
8.05206e+00	-5.99797e-04 	 0 	 -0E+00 	 -1.332882E+02	0E+00
8.07249e+00	-5.99730e-04 	 0 	 -0E+00 	 -1.332733E+02	0E+00
8.09292e+00	-5.93269e-04 	 0 	 -0E+00 	 -1.318376E+02	0E+00
8.11334e+00	-5.93730e-04 	 0 	 -0E+00 	 -1.3194E+02	0E+00
8.13383e+00	-5.95562e-04 	 0 	 -0E+00 	 -1.323471E+02	0E+00
8.15428e+00	-5.90129e-04 	 0 	 -0E+00 	 -1.311398E+02	0E+00
8.17471e+00	-5.92385e-04 	 0 	 -0E+00 	 -1.316411E+02	0E+00
8.19515e+00	-5.97939e-04 	 0 	 -0E+00 	 -1.328753E+02	0E+00
8.21558e+00	-5.92536e-04 	 0 	 -0E+00 	 -1.316747E+02	0E+00
8.23602e+00	-6.01401e-04 	 0 	 -0E+00 	 -1.336447E+02	0E+00
8.25647e+00	-6.04154e-04 	 0 	 -0E+00 	 -1.342564E+02	0E+00
8.27692e+00	-5.98668e-04 	 0 	 -0E+00 	 -1.330373E+02	0E+00
8.29734e+00	-6.01911e-04 	 0 	 -0E+00 	 -1.33758E+02	0E+00
8.31777e+00	-6.10379e-04 	 0 	 -0E+00 	 -1.356398E+02	0E+00
8.33820e+00	-5.94706e-04 	 0 	 -0E+00 	 -1.321569E+02	0E+00
8.35862e+00	-5.98597e-04 	 0 	 -0E+00 	 -1.330216E+02	0E+00
8.37907e+00	-6.03161e-04 	 0 	 -0E+00 	 -1.340358E+02	0E+00
8.39949e+00	-5.99457e-04 	 0 	 -0E+00 	 -1.332127E+02	0E+00
8.41992e+00	-5.98763e-04 	 0 	 -0E+00 	 -1.330584E+02	0E+00
8.44035e+00	-6.06652e-04 	 0 	 -0E+00 	 -1.348116E+02	0E+00
8.46078e+00	-6.03184e-04 	 0 	 -0E+00 	 -1.340409E+02	0E+00
8.48120e+00	-6.04378e-04 	 0 	 -0E+00 	 -1.343062E+02	0E+00
8.50164e+00	-6.07375e-04 	 0 	 -0E+00 	 -1.349722E+02	0E+00
8.52207e+00	-6.02274e-04 	 0 	 -0E+00 	 -1.338387E+02	0E+00
8.54250e+00	-6.11588e-04 	 0 	 -0E+00 	 -1.359084E+02	0E+00
8.56293e+00	-6.05556e-04 	 0 	 -0E+00 	 -1.34568E+02	0E+00
8.58336e+00	-6.05995e-04 	 0 	 -0E+00 	 -1.346656E+02	0E+00
8.60382e+00	-5.96701e-04 	 0 	 -0E+00 	 -1.326002E+02	0E+00
8.62427e+00	-6.02286e-04 	 0 	 -0E+00 	 -1.338413E+02	0E+00
8.64471e+00	-6.05219e-04 	 0 	 -0E+00 	 -1.344931E+02	0E+00
8.66514e+00	-6.01875e-04 	 0 	 -0E+00 	 -1.3375E+02	0E+00
8.68557e+00	-6.04115e-04 	 0 	 -0E+00 	 -1.342478E+02	0E+00
8.70599e+00	-6.05125e-04 	 0 	 -0E+00 	 -1.344722E+02	0E+00
8.72642e+00	-6.00472e-04 	 0 	 -0E+00 	 -1.334382E+02	0E+00
8.74687e+00	-6.07012e-04 	 0 	 -0E+00 	 -1.348916E+02	0E+00
8.76730e+00	-6.06100e-04 	 0 	 -0E+00 	 -1.346889E+02	0E+00
8.78774e+00	-6.09370e-04 	 0 	 -0E+00 	 -1.354156E+02	0E+00
8.80817e+00	-6.10997e-04 	 0 	 -0E+00 	 -1.357771E+02	0E+00
8.82858e+00	-6.14511e-04 	 0 	 -0E+00 	 -1.36558E+02	0E+00
8.84902e+00	-6.15532e-04 	 0 	 -0E+00 	 -1.367849E+02	0E+00
8.86946e+00	-6.11627e-04 	 0 	 -0E+00 	 -1.359171E+02	0E+00
8.88990e+00	-6.14364e-04 	 0 	 -0E+00 	 -1.365253E+02	0E+00
8.91033e+00	-6.22152e-04 	 0 	 -0E+00 	 -1.38256E+02	0E+00
8.93075e+00	-6.24978e-04 	 0 	 -0E+00 	 -1.38884E+02	0E+00
8.95117e+00	-6.24045e-04 	 0 	 -0E+00 	 -1.386767E+02	0E+00
8.97161e+00	-6.28662e-04 	 0 	 -0E+00 	 -1.397027E+02	0E+00
8.99209e+00	-6.21740e-04 	 0 	 -0E+00 	 -1.381644E+02	0E+00
9.01253e+00	-6.28280e-04 	 0 	 -0E+00 	 -1.396178E+02	0E+00
9.03298e+00	-6.26490e-04 	 0 	 -0E+00 	 -1.3922E+02	0E+00
9.05340e+00	-6.25536e-04 	 0 	 -0E+00 	 -1.39008E+02	0E+00
9.07382e+00	-6.24262e-04 	 0 	 -0E+00 	 -1.387249E+02	0E+00
9.09426e+00	-6.24065e-04 	 0 	 -0E+00 	 -1.386811E+02	0E+00
9.11469e+00	-6.15106e-04 	 0 	 -0E+00 	 -1.366902E+02	0E+00
9.13514e+00	-6.22790e-04 	 0 	 -0E+00 	 -1.383978E+02	0E+00
9.15558e+00	-6.30865e-04 	 0 	 -0E+00 	 -1.401922E+02	0E+00
9.17602e+00	-6.20718e-04 	 0 	 -0E+00 	 -1.379373E+02	0E+00
9.19643e+00	-6.29885e-04 	 0 	 -0E+00 	 -1.399744E+02	0E+00
9.21688e+00	-6.26105e-04 	 0 	 -0E+00 	 -1.391344E+02	0E+00
9.23730e+00	-6.15443e-04 	 0 	 -0E+00 	 -1.367651E+02	0E+00
9.25775e+00	-6.09153e-04 	 0 	 -0E+00 	 -1.353673E+02	0E+00
9.27819e+00	-6.15505e-04 	 0 	 -0E+00 	 -1.367789E+02	0E+00
9.29862e+00	-6.12242e-04 	 0 	 -0E+00 	 -1.360538E+02	0E+00
9.31904e+00	-6.12325e-04 	 0 	 -0E+00 	 -1.360722E+02	0E+00
9.33948e+00	-6.10605e-04 	 0 	 -0E+00 	 -1.3569E+02	0E+00
9.35990e+00	-6.07781e-04 	 0 	 -0E+00 	 -1.350624E+02	0E+00
9.38033e+00	-6.01555e-04 	 0 	 -0E+00 	 -1.336789E+02	0E+00
9.40078e+00	-6.08103e-04 	 0 	 -0E+00 	 -1.35134E+02	0E+00
9.42121e+00	-6.11888e-04 	 0 	 -0E+00 	 -1.359751E+02	0E+00
9.44163e+00	-6.14620e-04 	 0 	 -0E+00 	 -1.365822E+02	0E+00
9.46207e+00	-6.23732e-04 	 0 	 -0E+00 	 -1.386071E+02	0E+00
9.48249e+00	-6.17289e-04 	 0 	 -0E+00 	 -1.371753E+02	0E+00
9.50294e+00	-6.24023e-04 	 0 	 -0E+00 	 -1.386718E+02	0E+00
9.52337e+00	-6.18236e-04 	 0 	 -0E+00 	 -1.373858E+02	0E+00
9.54380e+00	-6.17668e-04 	 0 	 -0E+00 	 -1.372596E+02	0E+00
9.56423e+00	-6.06776e-04 	 0 	 -0E+00 	 -1.348391E+02	0E+00
9.58465e+00	-6.14679e-04 	 0 	 -0E+00 	 -1.365953E+02	0E+00
9.60507e+00	-6.11271e-04 	 0 	 -0E+00 	 -1.35838E+02	0E+00
9.62552e+00	-6.11553e-04 	 0 	 -0E+00 	 -1.359007E+02	0E+00
9.64596e+00	-6.16577e-04 	 0 	 -0E+00 	 -1.370171E+02	0E+00
9.66638e+00	-6.13287e-04 	 0 	 -0E+00 	 -1.36286E+02	0E+00
9.68681e+00	-6.11411e-04 	 0 	 -0E+00 	 -1.358691E+02	0E+00
9.70724e+00	-6.06989e-04 	 0 	 -0E+00 	 -1.348864E+02	0E+00
9.72766e+00	-6.11883e-04 	 0 	 -0E+00 	 -1.35974E+02	0E+00
9.74811e+00	-6.03076e-04 	 0 	 -0E+00 	 -1.340169E+02	0E+00
9.76854e+00	-6.11929e-04 	 0 	 -0E+00 	 -1.359842E+02	0E+00
9.78897e+00	-6.08163e-04 	 0 	 -0E+00 	 -1.351473E+02	0E+00
9.80940e+00	-6.14766e-04 	 0 	 -0E+00 	 -1.366147E+02	0E+00
9.82983e+00	-6.15993e-04 	 0 	 -0E+00 	 -1.368873E+02	0E+00
9.85025e+00	-6.19461e-04 	 0 	 -0E+00 	 -1.37658E+02	0E+00
9.87070e+00	-6.13161e-04 	 0 	 -0E+00 	 -1.36258E+02	0E+00
9.89114e+00	-6.12384e-04 	 0 	 -0E+00 	 -1.360853E+02	0E+00
9.91157e+00	-6.13975e-04 	 0 	 -0E+00 	 -1.364389E+02	0E+00
9.93200e+00	-6.15257e-04 	 0 	 -0E+00 	 -1.367238E+02	0E+00
9.95242e+00	-6.15286e-04 	 0 	 -0E+00 	 -1.367302E+02	0E+00
9.97284e+00	-6.21995e-04 	 0 	 -0E+00 	 -1.382211E+02	0E+00
9.99330e+00	-6.20784e-04 	 0 	 -0E+00 	 -1.37952E+02	0E+00
1.00137e+01	-6.17150e-04 	 0 	 -0E+00 	 -1.371444E+02	0E+00
1.00342e+01	-6.23751e-04 	 0 	 -0E+00 	 -1.386113E+02	0E+00
1.00546e+01	-6.20719e-04 	 0 	 -0E+00 	 -1.379376E+02	0E+00
1.00750e+01	-6.15606e-04 	 0 	 -0E+00 	 -1.368013E+02	0E+00
1.00954e+01	-6.13823e-04 	 0 	 -0E+00 	 -1.364051E+02	0E+00
1.01159e+01	-6.19944e-04 	 0 	 -0E+00 	 -1.377653E+02	0E+00
1.01364e+01	-6.12847e-04 	 0 	 -0E+00 	 -1.361882E+02	0E+00
1.01569e+01	-6.14353e-04 	 0 	 -0E+00 	 -1.365229E+02	0E+00
1.01774e+01	-6.13676e-04 	 0 	 -0E+00 	 -1.363724E+02	0E+00
1.01978e+01	-6.09835e-04 	 0 	 -0E+00 	 -1.355189E+02	0E+00
1.02184e+01	-6.11070e-04 	 0 	 -0E+00 	 -1.357933E+02	0E+00
1.02389e+01	-6.12784e-04 	 0 	 -0E+00 	 -1.361742E+02	0E+00
1.02593e+01	-6.13492e-04 	 0 	 -0E+00 	 -1.363316E+02	0E+00
1.02798e+01	-6.15617e-04 	 0 	 -0E+00 	 -1.368038E+02	0E+00
1.03003e+01	-6.17670e-04 	 0 	 -0E+00 	 -1.3726E+02	0E+00
1.03208e+01	-6.21518e-04 	 0 	 -0E+00 	 -1.381151E+02	0E+00
1.03412e+01	-6.23662e-04 	 0 	 -0E+00 	 -1.385916E+02	0E+00
1.03617e+01	-6.25662e-04 	 0 	 -0E+00 	 -1.39036E+02	0E+00
1.03821e+01	-6.25736e-04 	 0 	 -0E+00 	 -1.390524E+02	0E+00
1.04027e+01	-6.21877e-04 	 0 	 -0E+00 	 -1.381949E+02	0E+00
1.04231e+01	-6.15197e-04 	 0 	 -0E+00 	 -1.367104E+02	0E+00
1.04436e+01	-6.13595e-04 	 0 	 -0E+00 	 -1.363544E+02	0E+00
1.04640e+01	-6.21103e-04 	 0 	 -0E+00 	 -1.380229E+02	0E+00
1.04846e+01	-6.23580e-04 	 0 	 -0E+00 	 -1.385733E+02	0E+00
1.05051e+01	-6.22755e-04 	 0 	 -0E+00 	 -1.3839E+02	0E+00
1.05256e+01	-6.17355e-04 	 0 	 -0E+00 	 -1.3719E+02	0E+00
1.05460e+01	-6.23493e-04 	 0 	 -0E+00 	 -1.38554E+02	0E+00
1.05665e+01	-6.19575e-04 	 0 	 -0E+00 	 -1.376833E+02	0E+00
1.05870e+01	-6.23522e-04 	 0 	 -0E+00 	 -1.385604E+02	0E+00
1.06075e+01	-6.20079e-04 	 0 	 -0E+00 	 -1.377953E+02	0E+00
1.06279e+01	-6.19878e-04 	 0 	 -0E+00 	 -1.377507E+02	0E+00
1.06485e+01	-6.19304e-04 	 0 	 -0E+00 	 -1.376231E+02	0E+00
1.06689e+01	-6.27109e-04 	 0 	 -0E+00 	 -1.393576E+02	0E+00
1.06894e+01	-6.26926e-04 	 0 	 -0E+00 	 -1.393169E+02	0E+00
1.07098e+01	-6.19853e-04 	 0 	 -0E+00 	 -1.377451E+02	0E+00
1.07304e+01	-6.34581e-04 	 0 	 -0E+00 	 -1.41018E+02	0E+00
1.07509e+01	-6.31743e-04 	 0 	 -0E+00 	 -1.403873E+02	0E+00
1.07713e+01	-6.32319e-04 	 0 	 -0E+00 	 -1.405153E+02	0E+00
1.07918e+01	-6.33656e-04 	 0 	 -0E+00 	 -1.408124E+02	0E+00
1.08123e+01	-6.37632e-04 	 0 	 -0E+00 	 -1.41696E+02	0E+00
1.08328e+01	-6.36988e-04 	 0 	 -0E+00 	 -1.415529E+02	0E+00
1.08532e+01	-6.34963e-04 	 0 	 -0E+00 	 -1.411029E+02	0E+00
1.08737e+01	-6.34084e-04 	 0 	 -0E+00 	 -1.409076E+02	0E+00
1.08942e+01	-6.30797e-04 	 0 	 -0E+00 	 -1.401771E+02	0E+00
1.09147e+01	-6.31525e-04 	 0 	 -0E+00 	 -1.403389E+02	0E+00
1.09351e+01	-6.36703e-04 	 0 	 -0E+00 	 -1.414896E+02	0E+00
1.09556e+01	-6.32053e-04 	 0 	 -0E+00 	 -1.404562E+02	0E+00
1.09761e+01	-6.25994e-04 	 0 	 -0E+00 	 -1.391098E+02	0E+00
1.09966e+01	-6.29394e-04 	 0 	 -0E+00 	 -1.398653E+02	0E+00
1.10170e+01	-6.36040e-04 	 0 	 -0E+00 	 -1.413422E+02	0E+00
1.10375e+01	-6.38879e-04 	 0 	 -0E+00 	 -1.419731E+02	0E+00
1.10580e+01	-6.33146e-04 	 0 	 -0E+00 	 -1.406991E+02	0E+00
1.10785e+01	-6.27450e-04 	 0 	 -0E+00 	 -1.394333E+02	0E+00
1.10990e+01	-6.21235e-04 	 0 	 -0E+00 	 -1.380522E+02	0E+00
1.11194e+01	-6.25257e-04 	 0 	 -0E+00 	 -1.38946E+02	0E+00
1.11400e+01	-6.27355e-04 	 0 	 -0E+00 	 -1.394122E+02	0E+00
1.11604e+01	-6.23413e-04 	 0 	 -0E+00 	 -1.385362E+02	0E+00
1.11809e+01	-6.27399e-04 	 0 	 -0E+00 	 -1.39422E+02	0E+00
1.12013e+01	-6.28809e-04 	 0 	 -0E+00 	 -1.397353E+02	0E+00
1.12219e+01	-6.18318e-04 	 0 	 -0E+00 	 -1.37404E+02	0E+00
1.12424e+01	-6.20531e-04 	 0 	 -0E+00 	 -1.378958E+02	0E+00
1.12628e+01	-6.26602e-04 	 0 	 -0E+00 	 -1.392449E+02	0E+00
1.12833e+01	-6.12084e-04 	 0 	 -0E+00 	 -1.360187E+02	0E+00
1.13038e+01	-6.15639e-04 	 0 	 -0E+00 	 -1.368087E+02	0E+00
1.13243e+01	-6.17823e-04 	 0 	 -0E+00 	 -1.37294E+02	0E+00
1.13447e+01	-6.18562e-04 	 0 	 -0E+00 	 -1.374582E+02	0E+00
1.13652e+01	-6.16169e-04 	 0 	 -0E+00 	 -1.369264E+02	0E+00
1.13857e+01	-6.22721e-04 	 0 	 -0E+00 	 -1.383824E+02	0E+00
1.14062e+01	-6.16035e-04 	 0 	 -0E+00 	 -1.368967E+02	0E+00
1.14266e+01	-6.19744e-04 	 0 	 -0E+00 	 -1.377209E+02	0E+00
1.14471e+01	-6.23086e-04 	 0 	 -0E+00 	 -1.384636E+02	0E+00
1.14676e+01	-6.14457e-04 	 0 	 -0E+00 	 -1.36546E+02	0E+00
1.14881e+01	-6.12149e-04 	 0 	 -0E+00 	 -1.360331E+02	0E+00
1.15086e+01	-6.18505e-04 	 0 	 -0E+00 	 -1.374456E+02	0E+00
1.15290e+01	-6.19249e-04 	 0 	 -0E+00 	 -1.376109E+02	0E+00
1.15496e+01	-6.16884e-04 	 0 	 -0E+00 	 -1.370853E+02	0E+00
1.15700e+01	-6.30761e-04 	 0 	 -0E+00 	 -1.401691E+02	0E+00
1.15905e+01	-6.17260e-04 	 0 	 -0E+00 	 -1.371689E+02	0E+00
1.16109e+01	-6.15817e-04 	 0 	 -0E+00 	 -1.368482E+02	0E+00
1.16315e+01	-6.19423e-04 	 0 	 -0E+00 	 -1.376496E+02	0E+00
1.16519e+01	-6.13332e-04 	 0 	 -0E+00 	 -1.36296E+02	0E+00
1.16724e+01	-6.09380e-04 	 0 	 -0E+00 	 -1.354178E+02	0E+00
1.16929e+01	-6.23965e-04 	 0 	 -0E+00 	 -1.386589E+02	0E+00
1.17134e+01	-6.20100e-04 	 0 	 -0E+00 	 -1.378E+02	0E+00
1.17339e+01	-6.16753e-04 	 0 	 -0E+00 	 -1.370562E+02	0E+00
1.17543e+01	-6.18584e-04 	 0 	 -0E+00 	 -1.374631E+02	0E+00
1.17748e+01	-6.19591e-04 	 0 	 -0E+00 	 -1.376869E+02	0E+00
1.17953e+01	-6.18826e-04 	 0 	 -0E+00 	 -1.375169E+02	0E+00
1.18158e+01	-6.14945e-04 	 0 	 -0E+00 	 -1.366544E+02	0E+00
1.18363e+01	-6.18251e-04 	 0 	 -0E+00 	 -1.373891E+02	0E+00
1.18567e+01	-6.20979e-04 	 0 	 -0E+00 	 -1.379953E+02	0E+00
1.18773e+01	-6.20573e-04 	 0 	 -0E+00 	 -1.379051E+02	0E+00
1.18978e+01	-6.16972e-04 	 0 	 -0E+00 	 -1.371049E+02	0E+00
1.19182e+01	-6.19718e-04 	 0 	 -0E+00 	 -1.377151E+02	0E+00
1.19387e+01	-6.15839e-04 	 0 	 -0E+00 	 -1.368531E+02	0E+00
1.19592e+01	-6.23686e-04 	 0 	 -0E+00 	 -1.385969E+02	0E+00
1.19797e+01	-6.21885e-04 	 0 	 -0E+00 	 -1.381967E+02	0E+00
1.20001e+01	-6.14724e-04 	 0 	 -0E+00 	 -1.366053E+02	0E+00
1.20206e+01	-6.13943e-04 	 0 	 -0E+00 	 -1.364318E+02	0E+00
1.20411e+01	-6.17337e-04 	 0 	 -0E+00 	 -1.37186E+02	0E+00
1.20616e+01	-6.12187e-04 	 0 	 -0E+00 	 -1.360416E+02	0E+00
1.20820e+01	-6.18545e-04 	 0 	 -0E+00 	 -1.374544E+02	0E+00
1.21025e+01	-6.21634e-04 	 0 	 -0E+00 	 -1.381409E+02	0E+00
1.21230e+01	-6.23569e-04 	 0 	 -0E+00 	 -1.385709E+02	0E+00
1.21435e+01	-6.28971e-04 	 0 	 -0E+00 	 -1.397713E+02	0E+00
1.21640e+01	-6.23783e-04 	 0 	 -0E+00 	 -1.386184E+02	0E+00
1.21844e+01	-6.30406e-04 	 0 	 -0E+00 	 -1.400902E+02	0E+00
1.22049e+01	-6.30281e-04 	 0 	 -0E+00 	 -1.400624E+02	0E+00
1.22254e+01	-6.27837e-04 	 0 	 -0E+00 	 -1.395193E+02	0E+00
1.22459e+01	-6.25288e-04 	 0 	 -0E+00 	 -1.389529E+02	0E+00
1.22664e+01	-6.25459e-04 	 0 	 -0E+00 	 -1.389909E+02	0E+00
1.22869e+01	-6.22011e-04 	 0 	 -0E+00 	 -1.382247E+02	0E+00
1.23074e+01	-6.20141e-04 	 0 	 -0E+00 	 -1.378091E+02	0E+00
1.23279e+01	-6.23607e-04 	 0 	 -0E+00 	 -1.385793E+02	0E+00
1.23483e+01	-6.26344e-04 	 0 	 -0E+00 	 -1.391876E+02	0E+00
1.23688e+01	-6.18592e-04 	 0 	 -0E+00 	 -1.374649E+02	0E+00
1.23893e+01	-6.16217e-04 	 0 	 -0E+00 	 -1.369371E+02	0E+00
1.24098e+01	-6.27973e-04 	 0 	 -0E+00 	 -1.395496E+02	0E+00
1.24302e+01	-6.15298e-04 	 0 	 -0E+00 	 -1.367329E+02	0E+00
1.24507e+01	-6.21642e-04 	 0 	 -0E+00 	 -1.381427E+02	0E+00
1.24712e+01	-6.21581e-04 	 0 	 -0E+00 	 -1.381291E+02	0E+00
1.24917e+01	-6.18038e-04 	 0 	 -0E+00 	 -1.373418E+02	0E+00
1.25122e+01	-6.16548e-04 	 0 	 -0E+00 	 -1.370107E+02	0E+00
1.25326e+01	-6.23730e-04 	 0 	 -0E+00 	 -1.386067E+02	0E+00
1.25532e+01	-6.20887e-04 	 0 	 -0E+00 	 -1.379749E+02	0E+00
1.25736e+01	-6.20507e-04 	 0 	 -0E+00 	 -1.378904E+02	0E+00
1.25941e+01	-6.20808e-04 	 0 	 -0E+00 	 -1.379573E+02	0E+00
1.26145e+01	-6.17905e-04 	 0 	 -0E+00 	 -1.373122E+02	0E+00
1.26351e+01	-6.18799e-04 	 0 	 -0E+00 	 -1.375109E+02	0E+00
1.26556e+01	-6.19760e-04 	 0 	 -0E+00 	 -1.377244E+02	0E+00
1.26760e+01	-6.18045e-04 	 0 	 -0E+00 	 -1.373433E+02	0E+00
1.26965e+01	-6.13234e-04 	 0 	 -0E+00 	 -1.362742E+02	0E+00
1.27170e+01	-6.11762e-04 	 0 	 -0E+00 	 -1.359471E+02	0E+00
1.27375e+01	-6.08924e-04 	 0 	 -0E+00 	 -1.353164E+02	0E+00
1.27579e+01	-6.14500e-04 	 0 	 -0E+00 	 -1.365556E+02	0E+00
1.27784e+01	-6.10159e-04 	 0 	 -0E+00 	 -1.355909E+02	0E+00
1.27989e+01	-6.12627e-04 	 0 	 -0E+00 	 -1.361393E+02	0E+00
1.28194e+01	-6.16963e-04 	 0 	 -0E+00 	 -1.371029E+02	0E+00
1.28399e+01	-6.20667e-04 	 0 	 -0E+00 	 -1.37926E+02	0E+00
1.28603e+01	-6.21007e-04 	 0 	 -0E+00 	 -1.380016E+02	0E+00
1.28809e+01	-6.22143e-04 	 0 	 -0E+00 	 -1.38254E+02	0E+00
1.29014e+01	-6.23660e-04 	 0 	 -0E+00 	 -1.385911E+02	0E+00
1.29218e+01	-6.28520e-04 	 0 	 -0E+00 	 -1.396711E+02	0E+00
1.29422e+01	-6.18213e-04 	 0 	 -0E+00 	 -1.373807E+02	0E+00
1.29628e+01	-6.17686e-04 	 0 	 -0E+00 	 -1.372636E+02	0E+00
1.29832e+01	-6.19824e-04 	 0 	 -0E+00 	 -1.377387E+02	0E+00
1.30037e+01	-6.18981e-04 	 0 	 -0E+00 	 -1.375513E+02	0E+00
1.30242e+01	-6.19162e-04 	 0 	 -0E+00 	 -1.375916E+02	0E+00
1.30447e+01	-6.19041e-04 	 0 	 -0E+00 	 -1.375647E+02	0E+00
1.30652e+01	-6.21186e-04 	 0 	 -0E+00 	 -1.380413E+02	0E+00
1.30856e+01	-6.13013e-04 	 0 	 -0E+00 	 -1.362251E+02	0E+00
1.31061e+01	-6.21894e-04 	 0 	 -0E+00 	 -1.381987E+02	0E+00
1.31266e+01	-6.22793e-04 	 0 	 -0E+00 	 -1.383984E+02	0E+00
1.31471e+01	-6.16456e-04 	 0 	 -0E+00 	 -1.369902E+02	0E+00
1.31675e+01	-6.16395e-04 	 0 	 -0E+00 	 -1.369767E+02	0E+00
1.31880e+01	-6.18549e-04 	 0 	 -0E+00 	 -1.374553E+02	0E+00
1.32085e+01	-6.11544e-04 	 0 	 -0E+00 	 -1.358987E+02	0E+00
1.32290e+01	-6.20088e-04 	 0 	 -0E+00 	 -1.377973E+02	0E+00
1.32495e+01	-6.19629e-04 	 0 	 -0E+00 	 -1.376953E+02	0E+00
1.32699e+01	-6.19868e-04 	 0 	 -0E+00 	 -1.377484E+02	0E+00
1.32905e+01	-6.24926e-04 	 0 	 -0E+00 	 -1.388724E+02	0E+00
1.33109e+01	-6.13672e-04 	 0 	 -0E+00 	 -1.363716E+02	0E+00
1.33314e+01	-6.11358e-04 	 0 	 -0E+00 	 -1.358573E+02	0E+00
1.33518e+01	-6.15328e-04 	 0 	 -0E+00 	 -1.367396E+02	0E+00
1.33724e+01	-6.21681e-04 	 0 	 -0E+00 	 -1.381513E+02	0E+00
1.33928e+01	-6.13557e-04 	 0 	 -0E+00 	 -1.36346E+02	0E+00
1.34133e+01	-6.18502e-04 	 0 	 -0E+00 	 -1.374449E+02	0E+00
1.34337e+01	-6.19268e-04 	 0 	 -0E+00 	 -1.376151E+02	0E+00
1.34543e+01	-6.27853e-04 	 0 	 -0E+00 	 -1.395229E+02	0E+00
1.34748e+01	-6.17061e-04 	 0 	 -0E+00 	 -1.371247E+02	0E+00
1.34952e+01	-6.13773e-04 	 0 	 -0E+00 	 -1.36394E+02	0E+00
1.35157e+01	-6.13112e-04 	 0 	 -0E+00 	 -1.362471E+02	0E+00
1.35362e+01	-6.16323e-04 	 0 	 -0E+00 	 -1.369607E+02	0E+00
1.35567e+01	-6.16937e-04 	 0 	 -0E+00 	 -1.370971E+02	0E+00
1.35771e+01	-6.11691e-04 	 0 	 -0E+00 	 -1.359313E+02	0E+00
1.35976e+01	-6.12468e-04 	 0 	 -0E+00 	 -1.36104E+02	0E+00
1.36182e+01	-6.13485e-04 	 0 	 -0E+00 	 -1.3633E+02	0E+00
1.36386e+01	-6.15389e-04 	 0 	 -0E+00 	 -1.367531E+02	0E+00
1.36591e+01	-6.12056e-04 	 0 	 -0E+00 	 -1.360124E+02	0E+00
1.36795e+01	-6.19585e-04 	 0 	 -0E+00 	 -1.376856E+02	0E+00
1.37001e+01	-6.16528e-04 	 0 	 -0E+00 	 -1.370062E+02	0E+00
1.37205e+01	-6.19805e-04 	 0 	 -0E+00 	 -1.377344E+02	0E+00
1.37410e+01	-6.22749e-04 	 0 	 -0E+00 	 -1.383887E+02	0E+00
1.37614e+01	-6.22889e-04 	 0 	 -0E+00 	 -1.384198E+02	0E+00
1.37820e+01	-6.19416e-04 	 0 	 -0E+00 	 -1.37648E+02	0E+00
1.38025e+01	-6.22142e-04 	 0 	 -0E+00 	 -1.382538E+02	0E+00
1.38229e+01	-6.22677e-04 	 0 	 -0E+00 	 -1.383727E+02	0E+00
1.38434e+01	-6.32778e-04 	 0 	 -0E+00 	 -1.406173E+02	0E+00
1.38639e+01	-6.31949e-04 	 0 	 -0E+00 	 -1.404331E+02	0E+00
1.38844e+01	-6.32765e-04 	 0 	 -0E+00 	 -1.406144E+02	0E+00
1.39049e+01	-6.26012e-04 	 0 	 -0E+00 	 -1.391138E+02	0E+00
1.39253e+01	-6.22344e-04 	 0 	 -0E+00 	 -1.382987E+02	0E+00
1.39458e+01	-6.25710e-04 	 0 	 -0E+00 	 -1.390467E+02	0E+00
1.39663e+01	-6.26227e-04 	 0 	 -0E+00 	 -1.391616E+02	0E+00
1.39868e+01	-6.28956e-04 	 0 	 -0E+00 	 -1.39768E+02	0E+00
1.40072e+01	-6.28189e-04 	 0 	 -0E+00 	 -1.395976E+02	0E+00
1.40277e+01	-6.26919e-04 	 0 	 -0E+00 	 -1.393153E+02	0E+00
1.40482e+01	-6.26842e-04 	 0 	 -0E+00 	 -1.392982E+02	0E+00
1.40687e+01	-6.26031e-04 	 0 	 -0E+00 	 -1.39118E+02	0E+00
1.40892e+01	-6.25005e-04 	 0 	 -0E+00 	 -1.3889E+02	0E+00
1.41096e+01	-6.21124e-04 	 0 	 -0E+00 	 -1.380276E+02	0E+00
1.41302e+01	-6.28576e-04 	 0 	 -0E+00 	 -1.396836E+02	0E+00
1.41506e+01	-6.30637e-04 	 0 	 -0E+00 	 -1.401416E+02	0E+00
1.41711e+01	-6.29977e-04 	 0 	 -0E+00 	 -1.399949E+02	0E+00
1.41915e+01	-6.29469e-04 	 0 	 -0E+00 	 -1.39882E+02	0E+00
1.42121e+01	-6.37742e-04 	 0 	 -0E+00 	 -1.417204E+02	0E+00
1.42325e+01	-6.25136e-04 	 0 	 -0E+00 	 -1.389191E+02	0E+00
1.42530e+01	-6.31728e-04 	 0 	 -0E+00 	 -1.40384E+02	0E+00
1.42735e+01	-6.34167e-04 	 0 	 -0E+00 	 -1.40926E+02	0E+00
1.42940e+01	-6.32769e-04 	 0 	 -0E+00 	 -1.406153E+02	0E+00
1.43145e+01	-6.34545e-04 	 0 	 -0E+00 	 -1.4101E+02	0E+00
1.43350e+01	-6.40131e-04 	 0 	 -0E+00 	 -1.422513E+02	0E+00
1.43554e+01	-6.25591e-04 	 0 	 -0E+00 	 -1.390202E+02	0E+00
1.43759e+01	-6.39393e-04 	 0 	 -0E+00 	 -1.420873E+02	0E+00
1.43964e+01	-6.41024e-04 	 0 	 -0E+00 	 -1.424498E+02	0E+00
1.44169e+01	-6.36606e-04 	 0 	 -0E+00 	 -1.41468E+02	0E+00
1.44373e+01	-6.30720e-04 	 0 	 -0E+00 	 -1.4016E+02	0E+00
1.44579e+01	-6.28990e-04 	 0 	 -0E+00 	 -1.397756E+02	0E+00
1.44783e+01	-6.25557e-04 	 0 	 -0E+00 	 -1.390127E+02	0E+00
1.44988e+01	-6.27290e-04 	 0 	 -0E+00 	 -1.393978E+02	0E+00
1.45193e+01	-6.34554e-04 	 0 	 -0E+00 	 -1.41012E+02	0E+00
1.45398e+01	-6.33462e-04 	 0 	 -0E+00 	 -1.407693E+02	0E+00
1.45603e+01	-6.36249e-04 	 0 	 -0E+00 	 -1.413887E+02	0E+00
1.45807e+01	-6.43582e-04 	 0 	 -0E+00 	 -1.430182E+02	0E+00
1.46011e+01	-6.45267e-04 	 0 	 -0E+00 	 -1.433927E+02	0E+00
1.46217e+01	-6.41743e-04 	 0 	 -0E+00 	 -1.426096E+02	0E+00
1.46422e+01	-6.41891e-04 	 0 	 -0E+00 	 -1.426424E+02	0E+00
1.46626e+01	-6.37888e-04 	 0 	 -0E+00 	 -1.417529E+02	0E+00
1.46830e+01	-6.44314e-04 	 0 	 -0E+00 	 -1.431809E+02	0E+00
1.47036e+01	-6.39663e-04 	 0 	 -0E+00 	 -1.421473E+02	0E+00
1.47241e+01	-6.36668e-04 	 0 	 -0E+00 	 -1.414818E+02	0E+00
1.47445e+01	-6.34981e-04 	 0 	 -0E+00 	 -1.411069E+02	0E+00
1.47650e+01	-6.36793e-04 	 0 	 -0E+00 	 -1.415096E+02	0E+00
1.47855e+01	-6.38022e-04 	 0 	 -0E+00 	 -1.417827E+02	0E+00
1.48060e+01	-6.35504e-04 	 0 	 -0E+00 	 -1.412231E+02	0E+00
1.48264e+01	-6.34640e-04 	 0 	 -0E+00 	 -1.410311E+02	0E+00
1.48469e+01	-6.28403e-04 	 0 	 -0E+00 	 -1.396451E+02	0E+00
1.48674e+01	-6.32011e-04 	 0 	 -0E+00 	 -1.404469E+02	0E+00
1.48879e+01	-6.25745e-04 	 0 	 -0E+00 	 -1.390544E+02	0E+00
1.49084e+01	-6.23632e-04 	 0 	 -0E+00 	 -1.385849E+02	0E+00
1.49288e+01	-6.24480e-04 	 0 	 -0E+00 	 -1.387733E+02	0E+00
1.49494e+01	-6.30425e-04 	 0 	 -0E+00 	 -1.400944E+02	0E+00
1.49698e+01	-6.33387e-04 	 0 	 -0E+00 	 -1.407527E+02	0E+00
1.50307e+01	-6.27149e-04 	 0 	 -0E+00 	 -1.393664E+02	0E+00
1.50512e+01	-6.21742e-04 	 0 	 -0E+00 	 -1.381649E+02	0E+00
1.50716e+01	-6.21506e-04 	 0 	 -0E+00 	 -1.381124E+02	0E+00
1.50921e+01	-6.25216e-04 	 0 	 -0E+00 	 -1.389369E+02	0E+00
1.51126e+01	-6.24040e-04 	 0 	 -0E+00 	 -1.386756E+02	0E+00
1.51331e+01	-6.21689e-04 	 0 	 -0E+00 	 -1.381531E+02	0E+00
1.51535e+01	-6.22297e-04 	 0 	 -0E+00 	 -1.382882E+02	0E+00
1.51740e+01	-6.23296e-04 	 0 	 -0E+00 	 -1.385102E+02	0E+00
1.51945e+01	-6.17750e-04 	 0 	 -0E+00 	 -1.372778E+02	0E+00
1.52150e+01	-6.23150e-04 	 0 	 -0E+00 	 -1.384778E+02	0E+00
1.52355e+01	-6.21835e-04 	 0 	 -0E+00 	 -1.381856E+02	0E+00
1.52559e+01	-6.18523e-04 	 0 	 -0E+00 	 -1.374496E+02	0E+00
1.52765e+01	-6.18691e-04 	 0 	 -0E+00 	 -1.374869E+02	0E+00
1.52970e+01	-6.13466e-04 	 0 	 -0E+00 	 -1.363258E+02	0E+00
1.53174e+01	-6.08555e-04 	 0 	 -0E+00 	 -1.352344E+02	0E+00
1.53379e+01	-6.10323e-04 	 0 	 -0E+00 	 -1.356273E+02	0E+00
1.53584e+01	-6.18282e-04 	 0 	 -0E+00 	 -1.37396E+02	0E+00
1.53789e+01	-6.13727e-04 	 0 	 -0E+00 	 -1.363838E+02	0E+00
1.53993e+01	-6.12867e-04 	 0 	 -0E+00 	 -1.361927E+02	0E+00
1.54198e+01	-6.11879e-04 	 0 	 -0E+00 	 -1.359731E+02	0E+00
1.54403e+01	-6.16121e-04 	 0 	 -0E+00 	 -1.369158E+02	0E+00
1.54608e+01	-6.14656e-04 	 0 	 -0E+00 	 -1.365902E+02	0E+00
1.54812e+01	-6.28594e-04 	 0 	 -0E+00 	 -1.396876E+02	0E+00
1.55017e+01	-6.04972e-04 	 0 	 -0E+00 	 -1.344382E+02	0E+00
1.55222e+01	-6.14036e-04 	 0 	 -0E+00 	 -1.364524E+02	0E+00
1.55427e+01	-6.15802e-04 	 0 	 -0E+00 	 -1.368449E+02	0E+00
1.55631e+01	-6.12897e-04 	 0 	 -0E+00 	 -1.361993E+02	0E+00
1.55836e+01	-6.11151e-04 	 0 	 -0E+00 	 -1.358113E+02	0E+00
1.56041e+01	-6.13130e-04 	 0 	 -0E+00 	 -1.362511E+02	0E+00
1.56246e+01	-6.08384e-04 	 0 	 -0E+00 	 -1.351964E+02	0E+00
1.56451e+01	-6.08651e-04 	 0 	 -0E+00 	 -1.352558E+02	0E+00
1.56655e+01	-6.16579e-04 	 0 	 -0E+00 	 -1.370176E+02	0E+00
1.56861e+01	-6.10365e-04 	 0 	 -0E+00 	 -1.356367E+02	0E+00
1.57066e+01	-6.15685e-04 	 0 	 -0E+00 	 -1.368189E+02	0E+00
1.57270e+01	-6.18552e-04 	 0 	 -0E+00 	 -1.37456E+02	0E+00
1.57475e+01	-6.11210e-04 	 0 	 -0E+00 	 -1.358244E+02	0E+00
1.57682e+01	-6.17307e-04 	 0 	 -0E+00 	 -1.371793E+02	0E+00
1.57886e+01	-6.15745e-04 	 0 	 -0E+00 	 -1.368322E+02	0E+00
1.58091e+01	-6.08482e-04 	 0 	 -0E+00 	 -1.352182E+02	0E+00
1.58296e+01	-6.08886e-04 	 0 	 -0E+00 	 -1.35308E+02	0E+00
1.58501e+01	-6.03154e-04 	 0 	 -0E+00 	 -1.340342E+02	0E+00
1.58706e+01	-6.09904e-04 	 0 	 -0E+00 	 -1.355342E+02	0E+00
1.58911e+01	-6.08193e-04 	 0 	 -0E+00 	 -1.35154E+02	0E+00
1.59115e+01	-6.01507e-04 	 0 	 -0E+00 	 -1.336682E+02	0E+00
1.59320e+01	-6.03066e-04 	 0 	 -0E+00 	 -1.340147E+02	0E+00
1.59525e+01	-6.02534e-04 	 0 	 -0E+00 	 -1.338964E+02	0E+00
1.59730e+01	-6.07778e-04 	 0 	 -0E+00 	 -1.350618E+02	0E+00
1.59935e+01	-6.06884e-04 	 0 	 -0E+00 	 -1.348631E+02	0E+00
1.60139e+01	-6.05623e-04 	 0 	 -0E+00 	 -1.345829E+02	0E+00
1.60345e+01	-6.05081e-04 	 0 	 -0E+00 	 -1.344624E+02	0E+00
1.60550e+01	-6.11788e-04 	 0 	 -0E+00 	 -1.359529E+02	0E+00
1.60754e+01	-6.10785e-04 	 0 	 -0E+00 	 -1.3573E+02	0E+00
1.60959e+01	-6.06014e-04 	 0 	 -0E+00 	 -1.346698E+02	0E+00
1.61164e+01	-6.05415e-04 	 0 	 -0E+00 	 -1.345367E+02	0E+00
1.61369e+01	-6.01550e-04 	 0 	 -0E+00 	 -1.336778E+02	0E+00
1.61573e+01	-5.89335e-04 	 0 	 -0E+00 	 -1.309633E+02	0E+00
1.61778e+01	-5.98488e-04 	 0 	 -0E+00 	 -1.329973E+02	0E+00
1.61983e+01	-6.05292e-04 	 0 	 -0E+00 	 -1.345093E+02	0E+00
1.62188e+01	-5.99637e-04 	 0 	 -0E+00 	 -1.332527E+02	0E+00
1.62392e+01	-6.08684e-04 	 0 	 -0E+00 	 -1.352631E+02	0E+00
1.62597e+01	-6.08971e-04 	 0 	 -0E+00 	 -1.353269E+02	0E+00
1.62802e+01	-6.07844e-04 	 0 	 -0E+00 	 -1.350764E+02	0E+00
1.63007e+01	-6.08568e-04 	 0 	 -0E+00 	 -1.352373E+02	0E+00
1.63212e+01	-6.10728e-04 	 0 	 -0E+00 	 -1.357173E+02	0E+00
1.63416e+01	-6.11493e-04 	 0 	 -0E+00 	 -1.358873E+02	0E+00
1.63621e+01	-6.16493e-04 	 0 	 -0E+00 	 -1.369984E+02	0E+00
1.63826e+01	-6.10374e-04 	 0 	 -0E+00 	 -1.356387E+02	0E+00
1.64031e+01	-6.08631e-04 	 0 	 -0E+00 	 -1.352513E+02	0E+00
1.64235e+01	-6.02732e-04 	 0 	 -0E+00 	 -1.339404E+02	0E+00
1.64440e+01	-6.12898e-04 	 0 	 -0E+00 	 -1.361996E+02	0E+00
1.64645e+01	-6.10500e-04 	 0 	 -0E+00 	 -1.356667E+02	0E+00
1.64849e+01	-6.13971e-04 	 0 	 -0E+00 	 -1.36438E+02	0E+00
1.65054e+01	-6.22529e-04 	 0 	 -0E+00 	 -1.383398E+02	0E+00
1.65259e+01	-6.16206e-04 	 0 	 -0E+00 	 -1.369347E+02	0E+00
1.65464e+01	-6.18063e-04 	 0 	 -0E+00 	 -1.373473E+02	0E+00
1.65669e+01	-6.21715e-04 	 0 	 -0E+00 	 -1.381589E+02	0E+00
1.65873e+01	-6.19262e-04 	 0 	 -0E+00 	 -1.376138E+02	0E+00
1.66079e+01	-6.12299e-04 	 0 	 -0E+00 	 -1.360664E+02	0E+00
1.66284e+01	-6.19310e-04 	 0 	 -0E+00 	 -1.376244E+02	0E+00
1.66488e+01	-6.16732e-04 	 0 	 -0E+00 	 -1.370516E+02	0E+00
1.66693e+01	-6.24733e-04 	 0 	 -0E+00 	 -1.388296E+02	0E+00
1.66898e+01	-6.22507e-04 	 0 	 -0E+00 	 -1.383349E+02	0E+00
1.67103e+01	-6.17457e-04 	 0 	 -0E+00 	 -1.372127E+02	0E+00
1.67307e+01	-6.21452e-04 	 0 	 -0E+00 	 -1.381004E+02	0E+00
1.67512e+01	-6.28387e-04 	 0 	 -0E+00 	 -1.396416E+02	0E+00
1.67717e+01	-6.21651e-04 	 0 	 -0E+00 	 -1.381447E+02	0E+00
1.67922e+01	-6.22933e-04 	 0 	 -0E+00 	 -1.384296E+02	0E+00
1.68126e+01	-6.18081e-04 	 0 	 -0E+00 	 -1.373513E+02	0E+00
1.68331e+01	-6.19413e-04 	 0 	 -0E+00 	 -1.376473E+02	0E+00
1.68536e+01	-6.17138e-04 	 0 	 -0E+00 	 -1.371418E+02	0E+00
1.68741e+01	-6.22068e-04 	 0 	 -0E+00 	 -1.382373E+02	0E+00
1.68945e+01	-6.20796e-04 	 0 	 -0E+00 	 -1.379547E+02	0E+00
1.69150e+01	-6.19069e-04 	 0 	 -0E+00 	 -1.375709E+02	0E+00
1.69355e+01	-6.13655e-04 	 0 	 -0E+00 	 -1.363678E+02	0E+00
1.69560e+01	-6.19896e-04 	 0 	 -0E+00 	 -1.377547E+02	0E+00
1.69765e+01	-6.19413e-04 	 0 	 -0E+00 	 -1.376473E+02	0E+00
1.69969e+01	-6.13995e-04 	 0 	 -0E+00 	 -1.364433E+02	0E+00
1.70175e+01	-6.17217e-04 	 0 	 -0E+00 	 -1.371593E+02	0E+00
1.70380e+01	-6.14577e-04 	 0 	 -0E+00 	 -1.365727E+02	0E+00
1.70584e+01	-6.14506e-04 	 0 	 -0E+00 	 -1.365569E+02	0E+00
1.70789e+01	-6.15047e-04 	 0 	 -0E+00 	 -1.366771E+02	0E+00
1.70994e+01	-6.15535e-04 	 0 	 -0E+00 	 -1.367856E+02	0E+00
1.71199e+01	-6.17344e-04 	 0 	 -0E+00 	 -1.371876E+02	0E+00
1.71403e+01	-6.20000e-04 	 0 	 -0E+00 	 -1.377778E+02	0E+00
1.71608e+01	-6.25060e-04 	 0 	 -0E+00 	 -1.389022E+02	0E+00
1.71813e+01	-6.11344e-04 	 0 	 -0E+00 	 -1.358542E+02	0E+00
1.72018e+01	-6.13407e-04 	 0 	 -0E+00 	 -1.363127E+02	0E+00
1.72222e+01	-6.10384e-04 	 0 	 -0E+00 	 -1.356409E+02	0E+00
1.72427e+01	-6.07981e-04 	 0 	 -0E+00 	 -1.351069E+02	0E+00
1.72632e+01	-6.19948e-04 	 0 	 -0E+00 	 -1.377662E+02	0E+00
1.72837e+01	-6.20037e-04 	 0 	 -0E+00 	 -1.37786E+02	0E+00
1.73041e+01	-6.09146e-04 	 0 	 -0E+00 	 -1.353658E+02	0E+00
1.73246e+01	-6.14542e-04 	 0 	 -0E+00 	 -1.365649E+02	0E+00
1.73451e+01	-6.18336e-04 	 0 	 -0E+00 	 -1.37408E+02	0E+00
1.73656e+01	-6.10720e-04 	 0 	 -0E+00 	 -1.357156E+02	0E+00
1.73861e+01	-6.16153e-04 	 0 	 -0E+00 	 -1.369229E+02	0E+00
1.74065e+01	-6.21222e-04 	 0 	 -0E+00 	 -1.380493E+02	0E+00
1.74271e+01	-6.19248e-04 	 0 	 -0E+00 	 -1.376107E+02	0E+00
1.74475e+01	-6.30827e-04 	 0 	 -0E+00 	 -1.401838E+02	0E+00
1.74681e+01	-6.26124e-04 	 0 	 -0E+00 	 -1.391387E+02	0E+00
1.74886e+01	-6.21544e-04 	 0 	 -0E+00 	 -1.381209E+02	0E+00
1.75091e+01	-6.20405e-04 	 0 	 -0E+00 	 -1.378678E+02	0E+00
1.75296e+01	-6.22530e-04 	 0 	 -0E+00 	 -1.3834E+02	0E+00
1.75500e+01	-6.15846e-04 	 0 	 -0E+00 	 -1.368547E+02	0E+00
1.75705e+01	-6.12118e-04 	 0 	 -0E+00 	 -1.360262E+02	0E+00
1.75911e+01	-6.22485e-04 	 0 	 -0E+00 	 -1.3833E+02	0E+00
1.76116e+01	-6.15138e-04 	 0 	 -0E+00 	 -1.366973E+02	0E+00
1.76320e+01	-6.20713e-04 	 0 	 -0E+00 	 -1.379362E+02	0E+00
1.76524e+01	-6.12981e-04 	 0 	 -0E+00 	 -1.36218E+02	0E+00
1.76729e+01	-6.09107e-04 	 0 	 -0E+00 	 -1.353571E+02	0E+00
1.76934e+01	-6.08773e-04 	 0 	 -0E+00 	 -1.352829E+02	0E+00
1.77139e+01	-6.10129e-04 	 0 	 -0E+00 	 -1.355842E+02	0E+00
1.77344e+01	-6.12996e-04 	 0 	 -0E+00 	 -1.362213E+02	0E+00
1.77548e+01	-6.02639e-04 	 0 	 -0E+00 	 -1.339198E+02	0E+00
1.77753e+01	-6.08154e-04 	 0 	 -0E+00 	 -1.351453E+02	0E+00
1.77959e+01	-6.08601e-04 	 0 	 -0E+00 	 -1.352447E+02	0E+00
1.78164e+01	-6.17561e-04 	 0 	 -0E+00 	 -1.372358E+02	0E+00
1.78368e+01	-6.11887e-04 	 0 	 -0E+00 	 -1.359749E+02	0E+00
1.78572e+01	-6.14245e-04 	 0 	 -0E+00 	 -1.364989E+02	0E+00
1.78778e+01	-6.05709e-04 	 0 	 -0E+00 	 -1.34602E+02	0E+00
1.78983e+01	-6.19644e-04 	 0 	 -0E+00 	 -1.376987E+02	0E+00
1.79187e+01	-6.18034e-04 	 0 	 -0E+00 	 -1.373409E+02	0E+00
1.79392e+01	-6.10926e-04 	 0 	 -0E+00 	 -1.357613E+02	0E+00
1.79597e+01	-6.10211e-04 	 0 	 -0E+00 	 -1.356024E+02	0E+00
1.79802e+01	-6.15181e-04 	 0 	 -0E+00 	 -1.367069E+02	0E+00
1.80006e+01	-6.15118e-04 	 0 	 -0E+00 	 -1.366929E+02	0E+00
1.80211e+01	-6.20103e-04 	 0 	 -0E+00 	 -1.378007E+02	0E+00
1.80416e+01	-6.19795e-04 	 0 	 -0E+00 	 -1.377322E+02	0E+00
1.80621e+01	-6.14369e-04 	 0 	 -0E+00 	 -1.365264E+02	0E+00
1.80825e+01	-6.14470e-04 	 0 	 -0E+00 	 -1.365489E+02	0E+00
1.81030e+01	-6.11328e-04 	 0 	 -0E+00 	 -1.358507E+02	0E+00
1.81236e+01	-6.13643e-04 	 0 	 -0E+00 	 -1.363651E+02	0E+00
1.81440e+01	-6.12799e-04 	 0 	 -0E+00 	 -1.361776E+02	0E+00
1.81645e+01	-6.21093e-04 	 0 	 -0E+00 	 -1.380207E+02	0E+00
1.81849e+01	-6.16449e-04 	 0 	 -0E+00 	 -1.369887E+02	0E+00
1.82055e+01	-6.18258e-04 	 0 	 -0E+00 	 -1.373907E+02	0E+00
1.82260e+01	-6.16790e-04 	 0 	 -0E+00 	 -1.370644E+02	0E+00
1.82464e+01	-6.19338e-04 	 0 	 -0E+00 	 -1.376307E+02	0E+00
1.82669e+01	-6.21218e-04 	 0 	 -0E+00 	 -1.380484E+02	0E+00
1.82874e+01	-6.20812e-04 	 0 	 -0E+00 	 -1.379582E+02	0E+00
1.83079e+01	-6.25043e-04 	 0 	 -0E+00 	 -1.388984E+02	0E+00
1.83283e+01	-6.16831e-04 	 0 	 -0E+00 	 -1.370736E+02	0E+00
1.83488e+01	-6.20766e-04 	 0 	 -0E+00 	 -1.37948E+02	0E+00
1.83693e+01	-6.21770e-04 	 0 	 -0E+00 	 -1.381711E+02	0E+00
1.83898e+01	-6.26740e-04 	 0 	 -0E+00 	 -1.392756E+02	0E+00
1.84102e+01	-6.26443e-04 	 0 	 -0E+00 	 -1.392096E+02	0E+00
1.84307e+01	-6.27947e-04 	 0 	 -0E+00 	 -1.395438E+02	0E+00
1.84513e+01	-6.20498e-04 	 0 	 -0E+00 	 -1.378884E+02	0E+00
1.84718e+01	-6.24157e-04 	 0 	 -0E+00 	 -1.387016E+02	0E+00
1.84922e+01	-6.31672e-04 	 0 	 -0E+00 	 -1.403716E+02	0E+00
1.85127e+01	-6.28960e-04 	 0 	 -0E+00 	 -1.397689E+02	0E+00
1.85332e+01	-6.23390e-04 	 0 	 -0E+00 	 -1.385311E+02	0E+00
1.85537e+01	-6.29151e-04 	 0 	 -0E+00 	 -1.398113E+02	0E+00
1.85741e+01	-6.26562e-04 	 0 	 -0E+00 	 -1.39236E+02	0E+00
1.85946e+01	-6.32335e-04 	 0 	 -0E+00 	 -1.405189E+02	0E+00
1.86151e+01	-6.31799e-04 	 0 	 -0E+00 	 -1.403998E+02	0E+00
1.86356e+01	-6.24877e-04 	 0 	 -0E+00 	 -1.388616E+02	0E+00
1.86561e+01	-6.29197e-04 	 0 	 -0E+00 	 -1.398216E+02	0E+00
1.86765e+01	-6.25870e-04 	 0 	 -0E+00 	 -1.390822E+02	0E+00
1.86971e+01	-6.28220e-04 	 0 	 -0E+00 	 -1.396044E+02	0E+00
1.87175e+01	-6.26553e-04 	 0 	 -0E+00 	 -1.39234E+02	0E+00
1.87380e+01	-6.29698e-04 	 0 	 -0E+00 	 -1.399329E+02	0E+00
1.87585e+01	-6.25521e-04 	 0 	 -0E+00 	 -1.390047E+02	0E+00
1.87790e+01	-6.22807e-04 	 0 	 -0E+00 	 -1.384016E+02	0E+00
1.87995e+01	-6.29559e-04 	 0 	 -0E+00 	 -1.39902E+02	0E+00
1.88199e+01	-6.23677e-04 	 0 	 -0E+00 	 -1.385949E+02	0E+00
1.88404e+01	-6.21599e-04 	 0 	 -0E+00 	 -1.381331E+02	0E+00
1.88609e+01	-6.25025e-04 	 0 	 -0E+00 	 -1.388944E+02	0E+00
1.88814e+01	-6.21691e-04 	 0 	 -0E+00 	 -1.381536E+02	0E+00
1.89018e+01	-6.28041e-04 	 0 	 -0E+00 	 -1.395647E+02	0E+00
1.89223e+01	-6.19814e-04 	 0 	 -0E+00 	 -1.377364E+02	0E+00
1.89428e+01	-6.27008e-04 	 0 	 -0E+00 	 -1.393351E+02	0E+00
1.89633e+01	-6.22208e-04 	 0 	 -0E+00 	 -1.382684E+02	0E+00
1.89838e+01	-6.15088e-04 	 0 	 -0E+00 	 -1.366862E+02	0E+00
1.90042e+01	-6.20057e-04 	 0 	 -0E+00 	 -1.377904E+02	0E+00
1.90248e+01	-6.14557e-04 	 0 	 -0E+00 	 -1.365682E+02	0E+00
1.90452e+01	-6.13498e-04 	 0 	 -0E+00 	 -1.363329E+02	0E+00
1.90657e+01	-6.21688e-04 	 0 	 -0E+00 	 -1.381529E+02	0E+00
1.90861e+01	-6.26929e-04 	 0 	 -0E+00 	 -1.393176E+02	0E+00
1.91066e+01	-6.23182e-04 	 0 	 -0E+00 	 -1.384849E+02	0E+00
1.91271e+01	-6.21477e-04 	 0 	 -0E+00 	 -1.38106E+02	0E+00
1.91476e+01	-6.20369e-04 	 0 	 -0E+00 	 -1.378598E+02	0E+00
1.91682e+01	-6.19249e-04 	 0 	 -0E+00 	 -1.376109E+02	0E+00
1.91886e+01	-6.15373e-04 	 0 	 -0E+00 	 -1.367496E+02	0E+00
1.92092e+01	-6.15425e-04 	 0 	 -0E+00 	 -1.367611E+02	0E+00
1.92297e+01	-6.20538e-04 	 0 	 -0E+00 	 -1.378973E+02	0E+00
1.92501e+01	-6.29668e-04 	 0 	 -0E+00 	 -1.399262E+02	0E+00
1.92706e+01	-6.26746e-04 	 0 	 -0E+00 	 -1.392769E+02	0E+00
1.92911e+01	-6.23233e-04 	 0 	 -0E+00 	 -1.384962E+02	0E+00
1.93116e+01	-6.29434e-04 	 0 	 -0E+00 	 -1.398742E+02	0E+00
1.93321e+01	-6.29379e-04 	 0 	 -0E+00 	 -1.39862E+02	0E+00
1.93525e+01	-6.25654e-04 	 0 	 -0E+00 	 -1.390342E+02	0E+00
1.93730e+01	-6.31979e-04 	 0 	 -0E+00 	 -1.404398E+02	0E+00
1.93935e+01	-6.38995e-04 	 0 	 -0E+00 	 -1.419989E+02	0E+00
1.94140e+01	-6.30548e-04 	 0 	 -0E+00 	 -1.401218E+02	0E+00
1.94344e+01	-6.30429e-04 	 0 	 -0E+00 	 -1.400953E+02	0E+00
1.94550e+01	-6.34936e-04 	 0 	 -0E+00 	 -1.410969E+02	0E+00
1.94755e+01	-6.27970e-04 	 0 	 -0E+00 	 -1.395489E+02	0E+00
1.94959e+01	-6.27906e-04 	 0 	 -0E+00 	 -1.395347E+02	0E+00
1.95164e+01	-6.30306e-04 	 0 	 -0E+00 	 -1.40068E+02	0E+00
1.95369e+01	-6.27520e-04 	 0 	 -0E+00 	 -1.394489E+02	0E+00
1.95574e+01	-6.24813e-04 	 0 	 -0E+00 	 -1.388473E+02	0E+00
1.95778e+01	-6.27529e-04 	 0 	 -0E+00 	 -1.394509E+02	0E+00
1.95983e+01	-6.23560e-04 	 0 	 -0E+00 	 -1.385689E+02	0E+00
1.96188e+01	-6.19591e-04 	 0 	 -0E+00 	 -1.376869E+02	0E+00
1.96393e+01	-6.26215e-04 	 0 	 -0E+00 	 -1.391589E+02	0E+00
1.96598e+01	-6.21442e-04 	 0 	 -0E+00 	 -1.380982E+02	0E+00
1.96802e+01	-6.18196e-04 	 0 	 -0E+00 	 -1.373769E+02	0E+00
1.97008e+01	-6.30306e-04 	 0 	 -0E+00 	 -1.40068E+02	0E+00
1.97212e+01	-6.22737e-04 	 0 	 -0E+00 	 -1.38386E+02	0E+00
1.97417e+01	-6.22583e-04 	 0 	 -0E+00 	 -1.383518E+02	0E+00
1.97621e+01	-6.20407e-04 	 0 	 -0E+00 	 -1.378682E+02	0E+00
1.97827e+01	-6.28817e-04 	 0 	 -0E+00 	 -1.397371E+02	0E+00
1.98031e+01	-6.23551e-04 	 0 	 -0E+00 	 -1.385669E+02	0E+00
1.98236e+01	-6.24464e-04 	 0 	 -0E+00 	 -1.387698E+02	0E+00
1.98440e+01	-6.15183e-04 	 0 	 -0E+00 	 -1.367073E+02	0E+00
1.98646e+01	-6.14798e-04 	 0 	 -0E+00 	 -1.366218E+02	0E+00
1.98851e+01	-6.17215e-04 	 0 	 -0E+00 	 -1.371589E+02	0E+00
1.99055e+01	-6.22924e-04 	 0 	 -0E+00 	 -1.384276E+02	0E+00
1.99260e+01	-6.24142e-04 	 0 	 -0E+00 	 -1.386982E+02	0E+00
1.99465e+01	-6.24519e-04 	 0 	 -0E+00 	 -1.38782E+02	0E+00
1.99670e+01	-6.30462e-04 	 0 	 -0E+00 	 -1.401027E+02	0E+00
1.99874e+01	-6.27614e-04 	 0 	 -0E+00 	 -1.394698E+02	0E+00
2.00079e+01	-6.27792e-04 	 0 	 -0E+00 	 -1.395093E+02	0E+00
2.00285e+01	-6.28169e-04 	 0 	 -0E+00 	 -1.395931E+02	0E+00
2.00489e+01	-6.31171e-04 	 0 	 -0E+00 	 -1.402602E+02	0E+00
2.00694e+01	-6.27787e-04 	 0 	 -0E+00 	 -1.395082E+02	0E+00
2.00898e+01	-6.28605e-04 	 0 	 -0E+00 	 -1.3969E+02	0E+00
2.01104e+01	-6.30519e-04 	 0 	 -0E+00 	 -1.401153E+02	0E+00
2.01308e+01	-6.20490e-04 	 0 	 -0E+00 	 -1.378867E+02	0E+00
2.01513e+01	-6.31405e-04 	 0 	 -0E+00 	 -1.403122E+02	0E+00
2.01717e+01	-6.32573e-04 	 0 	 -0E+00 	 -1.405718E+02	0E+00
2.01923e+01	-6.28058e-04 	 0 	 -0E+00 	 -1.395684E+02	0E+00
2.02128e+01	-6.32134e-04 	 0 	 -0E+00 	 -1.404742E+02	0E+00
2.02332e+01	-6.40553e-04 	 0 	 -0E+00 	 -1.423451E+02	0E+00
2.02537e+01	-6.29703e-04 	 0 	 -0E+00 	 -1.39934E+02	0E+00
2.02742e+01	-6.36057e-04 	 0 	 -0E+00 	 -1.41346E+02	0E+00
2.02947e+01	-6.33325e-04 	 0 	 -0E+00 	 -1.407389E+02	0E+00
2.03151e+01	-6.32671e-04 	 0 	 -0E+00 	 -1.405936E+02	0E+00
2.03356e+01	-6.32202e-04 	 0 	 -0E+00 	 -1.404893E+02	0E+00
2.03561e+01	-6.34648e-04 	 0 	 -0E+00 	 -1.410329E+02	0E+00
2.03766e+01	-6.20446e-04 	 0 	 -0E+00 	 -1.378769E+02	0E+00
2.03971e+01	-6.28885e-04 	 0 	 -0E+00 	 -1.397522E+02	0E+00
2.04175e+01	-6.28825e-04 	 0 	 -0E+00 	 -1.397389E+02	0E+00
2.04381e+01	-6.20259e-04 	 0 	 -0E+00 	 -1.378353E+02	0E+00
2.04585e+01	-6.17889e-04 	 0 	 -0E+00 	 -1.373087E+02	0E+00
2.04790e+01	-6.22797e-04 	 0 	 -0E+00 	 -1.383993E+02	0E+00
2.04994e+01	-6.15562e-04 	 0 	 -0E+00 	 -1.367916E+02	0E+00
2.05200e+01	-6.21799e-04 	 0 	 -0E+00 	 -1.381776E+02	0E+00
2.05404e+01	-6.19384e-04 	 0 	 -0E+00 	 -1.376409E+02	0E+00
2.05609e+01	-6.19688e-04 	 0 	 -0E+00 	 -1.377084E+02	0E+00
2.05814e+01	-6.17788e-04 	 0 	 -0E+00 	 -1.372862E+02	0E+00
2.06019e+01	-6.24183e-04 	 0 	 -0E+00 	 -1.387073E+02	0E+00
2.06224e+01	-6.32948e-04 	 0 	 -0E+00 	 -1.406551E+02	0E+00
2.06428e+01	-6.25700e-04 	 0 	 -0E+00 	 -1.390444E+02	0E+00
2.06633e+01	-6.27159e-04 	 0 	 -0E+00 	 -1.393687E+02	0E+00
2.06838e+01	-6.26181e-04 	 0 	 -0E+00 	 -1.391513E+02	0E+00
2.07043e+01	-6.28657e-04 	 0 	 -0E+00 	 -1.397016E+02	0E+00
2.07247e+01	-6.31979e-04 	 0 	 -0E+00 	 -1.404398E+02	0E+00
2.07452e+01	-6.30164e-04 	 0 	 -0E+00 	 -1.400364E+02	0E+00
2.07657e+01	-6.34868e-04 	 0 	 -0E+00 	 -1.410818E+02	0E+00
2.07862e+01	-6.31108e-04 	 0 	 -0E+00 	 -1.402462E+02	0E+00
2.08067e+01	-6.29727e-04 	 0 	 -0E+00 	 -1.399393E+02	0E+00
2.08271e+01	-6.35843e-04 	 0 	 -0E+00 	 -1.412984E+02	0E+00
2.08477e+01	-6.42560e-04 	 0 	 -0E+00 	 -1.427911E+02	0E+00
2.08683e+01	-6.50320e-04 	 0 	 -0E+00 	 -1.445156E+02	0E+00
2.08887e+01	-6.41615e-04 	 0 	 -0E+00 	 -1.425811E+02	0E+00
2.09092e+01	-6.38061e-04 	 0 	 -0E+00 	 -1.417913E+02	0E+00
2.09297e+01	-6.32907e-04 	 0 	 -0E+00 	 -1.40646E+02	0E+00
2.09502e+01	-6.28870e-04 	 0 	 -0E+00 	 -1.397489E+02	0E+00
2.09707e+01	-6.27771e-04 	 0 	 -0E+00 	 -1.395047E+02	0E+00
2.09911e+01	-6.18509e-04 	 0 	 -0E+00 	 -1.374464E+02	0E+00
2.10116e+01	-6.16396e-04 	 0 	 -0E+00 	 -1.369769E+02	0E+00
2.10321e+01	-6.18233e-04 	 0 	 -0E+00 	 -1.373851E+02	0E+00
2.10526e+01	-6.20655e-04 	 0 	 -0E+00 	 -1.379233E+02	0E+00
2.10731e+01	-6.22604e-04 	 0 	 -0E+00 	 -1.383564E+02	0E+00
2.10935e+01	-6.16430e-04 	 0 	 -0E+00 	 -1.369844E+02	0E+00
2.11141e+01	-6.16689e-04 	 0 	 -0E+00 	 -1.37042E+02	0E+00
2.11345e+01	-6.15454e-04 	 0 	 -0E+00 	 -1.367676E+02	0E+00
2.11550e+01	-6.23714e-04 	 0 	 -0E+00 	 -1.386031E+02	0E+00
2.11755e+01	-6.16179e-04 	 0 	 -0E+00 	 -1.369287E+02	0E+00
2.11960e+01	-6.13708e-04 	 0 	 -0E+00 	 -1.363796E+02	0E+00
2.12165e+01	-6.12895e-04 	 0 	 -0E+00 	 -1.361989E+02	0E+00
2.12369e+01	-6.10474e-04 	 0 	 -0E+00 	 -1.356609E+02	0E+00
2.12574e+01	-6.13407e-04 	 0 	 -0E+00 	 -1.363127E+02	0E+00
2.12779e+01	-6.07425e-04 	 0 	 -0E+00 	 -1.349833E+02	0E+00
2.12984e+01	-6.04677e-04 	 0 	 -0E+00 	 -1.343727E+02	0E+00
2.13188e+01	-6.05292e-04 	 0 	 -0E+00 	 -1.345093E+02	0E+00
2.13393e+01	-6.04460e-04 	 0 	 -0E+00 	 -1.343244E+02	0E+00
2.13598e+01	-6.04596e-04 	 0 	 -0E+00 	 -1.343547E+02	0E+00
2.13803e+01	-6.06063e-04 	 0 	 -0E+00 	 -1.346807E+02	0E+00
2.14008e+01	-6.04334e-04 	 0 	 -0E+00 	 -1.342964E+02	0E+00
2.14212e+01	-6.07167e-04 	 0 	 -0E+00 	 -1.34926E+02	0E+00
2.14417e+01	-6.10679e-04 	 0 	 -0E+00 	 -1.357064E+02	0E+00
2.14622e+01	-6.10713e-04 	 0 	 -0E+00 	 -1.35714E+02	0E+00
2.14827e+01	-6.10567e-04 	 0 	 -0E+00 	 -1.356816E+02	0E+00
2.15031e+01	-6.15495e-04 	 0 	 -0E+00 	 -1.367767E+02	0E+00
2.15237e+01	-6.02984e-04 	 0 	 -0E+00 	 -1.339964E+02	0E+00
2.15441e+01	-6.15613e-04 	 0 	 -0E+00 	 -1.368029E+02	0E+00
2.15646e+01	-6.19443e-04 	 0 	 -0E+00 	 -1.37654E+02	0E+00
2.15850e+01	-6.11158e-04 	 0 	 -0E+00 	 -1.358129E+02	0E+00
2.16056e+01	-6.17190e-04 	 0 	 -0E+00 	 -1.371533E+02	0E+00
2.16260e+01	-6.13648e-04 	 0 	 -0E+00 	 -1.363662E+02	0E+00
2.16465e+01	-6.05422e-04 	 0 	 -0E+00 	 -1.345382E+02	0E+00
2.16670e+01	-6.07841e-04 	 0 	 -0E+00 	 -1.350758E+02	0E+00
2.16875e+01	-6.11674e-04 	 0 	 -0E+00 	 -1.359276E+02	0E+00
2.17080e+01	-6.06312e-04 	 0 	 -0E+00 	 -1.34736E+02	0E+00
2.17285e+01	-6.03089e-04 	 0 	 -0E+00 	 -1.340198E+02	0E+00
2.17489e+01	-6.03562e-04 	 0 	 -0E+00 	 -1.341249E+02	0E+00
2.17694e+01	-6.04106e-04 	 0 	 -0E+00 	 -1.342458E+02	0E+00
2.17899e+01	-6.02351e-04 	 0 	 -0E+00 	 -1.338558E+02	0E+00
2.18103e+01	-6.05919e-04 	 0 	 -0E+00 	 -1.346487E+02	0E+00
2.18308e+01	-6.07283e-04 	 0 	 -0E+00 	 -1.349518E+02	0E+00
2.18513e+01	-6.07011e-04 	 0 	 -0E+00 	 -1.348913E+02	0E+00
2.18718e+01	-6.03167e-04 	 0 	 -0E+00 	 -1.340371E+02	0E+00
2.18923e+01	-6.14984e-04 	 0 	 -0E+00 	 -1.366631E+02	0E+00
2.19127e+01	-6.10011e-04 	 0 	 -0E+00 	 -1.35558E+02	0E+00
2.19333e+01	-6.13351e-04 	 0 	 -0E+00 	 -1.363002E+02	0E+00
2.19538e+01	-6.16926e-04 	 0 	 -0E+00 	 -1.370947E+02	0E+00
2.19742e+01	-6.13739e-04 	 0 	 -0E+00 	 -1.363864E+02	0E+00
2.19947e+01	-6.10727e-04 	 0 	 -0E+00 	 -1.357171E+02	0E+00
2.20152e+01	-6.18455e-04 	 0 	 -0E+00 	 -1.374344E+02	0E+00
2.20357e+01	-6.12352e-04 	 0 	 -0E+00 	 -1.360782E+02	0E+00
2.20561e+01	-6.08973e-04 	 0 	 -0E+00 	 -1.353273E+02	0E+00
2.20766e+01	-6.20098e-04 	 0 	 -0E+00 	 -1.377996E+02	0E+00
2.20971e+01	-6.19761e-04 	 0 	 -0E+00 	 -1.377247E+02	0E+00
2.21176e+01	-6.17114e-04 	 0 	 -0E+00 	 -1.371364E+02	0E+00
2.21381e+01	-6.17750e-04 	 0 	 -0E+00 	 -1.372778E+02	0E+00
2.21585e+01	-6.19225e-04 	 0 	 -0E+00 	 -1.376056E+02	0E+00
2.21791e+01	-6.12485e-04 	 0 	 -0E+00 	 -1.361078E+02	0E+00
2.21995e+01	-6.15210e-04 	 0 	 -0E+00 	 -1.367133E+02	0E+00
2.22200e+01	-6.17353e-04 	 0 	 -0E+00 	 -1.371896E+02	0E+00
2.22404e+01	-6.17557e-04 	 0 	 -0E+00 	 -1.372349E+02	0E+00
2.22610e+01	-6.17455e-04 	 0 	 -0E+00 	 -1.372122E+02	0E+00
2.22815e+01	-6.12119e-04 	 0 	 -0E+00 	 -1.360264E+02	0E+00
2.23019e+01	-6.15785e-04 	 0 	 -0E+00 	 -1.368411E+02	0E+00
2.23224e+01	-6.12630e-04 	 0 	 -0E+00 	 -1.3614E+02	0E+00
2.23429e+01	-6.15541e-04 	 0 	 -0E+00 	 -1.367869E+02	0E+00
2.23634e+01	-6.08201e-04 	 0 	 -0E+00 	 -1.351558E+02	0E+00
2.23839e+01	-6.14845e-04 	 0 	 -0E+00 	 -1.366322E+02	0E+00
2.24043e+01	-6.15702e-04 	 0 	 -0E+00 	 -1.368227E+02	0E+00
2.24249e+01	-6.12341e-04 	 0 	 -0E+00 	 -1.360758E+02	0E+00
2.24453e+01	-6.09591e-04 	 0 	 -0E+00 	 -1.354647E+02	0E+00
2.24658e+01	-6.15465e-04 	 0 	 -0E+00 	 -1.3677E+02	0E+00
2.24862e+01	-6.07757e-04 	 0 	 -0E+00 	 -1.350571E+02	0E+00
2.25068e+01	-6.14661e-04 	 0 	 -0E+00 	 -1.365913E+02	0E+00
2.25272e+01	-6.22806e-04 	 0 	 -0E+00 	 -1.384013E+02	0E+00
2.25477e+01	-6.14061e-04 	 0 	 -0E+00 	 -1.36458E+02	0E+00
2.25683e+01	-6.09302e-04 	 0 	 -0E+00 	 -1.354004E+02	0E+00
2.25888e+01	-6.18932e-04 	 0 	 -0E+00 	 -1.375404E+02	0E+00
2.26093e+01	-6.09492e-04 	 0 	 -0E+00 	 -1.354427E+02	0E+00
2.26298e+01	-6.06811e-04 	 0 	 -0E+00 	 -1.348469E+02	0E+00
2.26502e+01	-6.12781e-04 	 0 	 -0E+00 	 -1.361736E+02	0E+00
2.26708e+01	-5.98772e-04 	 0 	 -0E+00 	 -1.330604E+02	0E+00
2.26913e+01	-6.07613e-04 	 0 	 -0E+00 	 -1.350251E+02	0E+00
2.27117e+01	-6.04169e-04 	 0 	 -0E+00 	 -1.342598E+02	0E+00
2.27322e+01	-6.00411e-04 	 0 	 -0E+00 	 -1.334247E+02	0E+00
2.27527e+01	-6.00154e-04 	 0 	 -0E+00 	 -1.333676E+02	0E+00
DATA: /home/user/PycharmProjects/OFET_K2636B_2019.10.15/data/OLED_00_oled_ltp_002.txt
