V(__) I(__) lux CurrC oeff. CurrA/m^-2. lux/m^-1
1.00000e+01 6.00269e-05 59.3 9.878904E+05 1.333931E+01 1.317778E+07 
1.00000e+01 5.75018e-05 58.3 1.013881E+06 1.277818E+01 1.295556E+07 
1.00000e+01 6.61829e-05 57.3 8.657826E+05 1.470731E+01 1.273333E+07 
1.00000e+01 6.14721e-05 56.3 9.158626E+05 1.366047E+01 1.251111E+07 
1.00000e+01 6.99127e-05 55.3 7.909865E+05 1.553616E+01 1.228889E+07 
1.00000e+01 6.52364e-05 55.3 8.476863E+05 1.449698E+01 1.228889E+07 
1.00000e+01 7.11632e-05 54.3 7.630348E+05 1.581404E+01 1.206667E+07 
1.00000e+01 5.91128e-05 54.3 9.185828E+05 1.313618E+01 1.206667E+07 
1.00000e+01 7.04899e-05 54.3 7.703231E+05 1.566442E+01 1.206667E+07 
1.00000e+01 6.20943e-05 53.3 8.583719E+05 1.379873E+01 1.184444E+07 
1.00000e+01 5.50667e-05 53.3 9.679171E+05 1.223704E+01 1.184444E+07 
1.00000e+01 4.99798e-05 53.3 1.066431E+06 1.110662E+01 1.184444E+07 
1.00000e+01 5.92562e-05 52.3 8.826081E+05 1.316804E+01 1.162222E+07 
1.00000e+01 5.21346e-05 52.3 1.003173E+06 1.158547E+01 1.162222E+07 
1.00000e+01 5.90816e-05 52.3 8.852164E+05 1.312924E+01 1.162222E+07 
1.00000e+01 5.93040e-05 51.3 8.650344E+05 1.317867E+01 1.14E+07 
1.00000e+01 6.62840e-05 51.3 7.739424E+05 1.472978E+01 1.14E+07 
1.00000e+01 6.70169e-05 51.3 7.654786E+05 1.489264E+01 1.14E+07 
1.00000e+01 6.37218e-05 51.3 8.05062E+05 1.41604E+01 1.14E+07 
1.00000e+01 5.79605e-05 50.2 8.661071E+05 1.288011E+01 1.115556E+07 
1.00000e+01 7.05265e-05 50.2 7.117892E+05 1.567256E+01 1.115556E+07 
1.00000e+01 7.65653e-05 50.2 6.556495E+05 1.701451E+01 1.115556E+07 
1.00000e+01 7.06549e-05 50.2 7.104957E+05 1.570109E+01 1.115556E+07 
1.00000e+01 7.55800e-05 49.2 6.509659E+05 1.679556E+01 1.093333E+07 
1.00000e+01 7.82709e-05 49.2 6.285861E+05 1.739353E+01 1.093333E+07 
1.00000e+01 8.25563e-05 49.2 5.959569E+05 1.834584E+01 1.093333E+07 
1.00000e+01 7.43659e-05 49.2 6.615936E+05 1.652576E+01 1.093333E+07 
1.00000e+01 6.83369e-05 48.2 7.05329E+05 1.518598E+01 1.071111E+07 
1.00000e+01 7.92314e-05 48.2 6.083447E+05 1.760698E+01 1.071111E+07 
1.00000e+01 6.95176e-05 48.2 6.933496E+05 1.544836E+01 1.071111E+07 
1.00000e+01 7.01489e-05 48.2 6.871098E+05 1.558864E+01 1.071111E+07 
1.00000e+01 6.98844e-05 48.2 6.897104E+05 1.552987E+01 1.071111E+07 
1.00000e+01 6.77206e-05 47.2 6.969814E+05 1.504902E+01 1.048889E+07 
1.00000e+01 8.03962e-05 47.2 5.870924E+05 1.786582E+01 1.048889E+07 
1.00000e+01 9.23945e-05 47.2 5.108529E+05 2.053211E+01 1.048889E+07 
1.00000e+01 8.85328e-05 47.2 5.331357E+05 1.967396E+01 1.048889E+07 
1.00000e+01 8.58034e-05 47.2 5.500948E+05 1.906742E+01 1.048889E+07 
1.00000e+01 6.39721e-05 47.2 7.378216E+05 1.421602E+01 1.048889E+07 
1.00000e+01 6.86441e-05 46.2 6.730367E+05 1.525424E+01 1.026667E+07 
1.00000e+01 6.81053e-05 46.2 6.783613E+05 1.513451E+01 1.026667E+07 
1.00000e+01 6.84179e-05 46.2 6.752619E+05 1.520398E+01 1.026667E+07 
1.00000e+01 7.69153e-05 46.2 6.006607E+05 1.709229E+01 1.026667E+07 
1.00000e+01 8.01762e-05 46.2 5.762309E+05 1.781693E+01 1.026667E+07 
1.00000e+01 6.96576e-05 46.2 6.632442E+05 1.547947E+01 1.026667E+07 
1.00000e+01 7.72524e-05 45.2 5.850951E+05 1.71672E+01 1.004444E+07 
1.00000e+01 8.97329e-05 45.2 5.037171E+05 1.994064E+01 1.004444E+07 
1.00000e+01 9.37666e-05 45.2 4.82048E+05 2.083702E+01 1.004444E+07 
1.00000e+01 9.33734e-05 45.2 4.840779E+05 2.074964E+01 1.004444E+07 
1.00000e+01 7.27322e-05 45.2 6.214579E+05 1.616271E+01 1.004444E+07 
1.00000e+01 7.84530e-05 45.2 5.761411E+05 1.7434E+01 1.004444E+07 
1.00000e+01 7.40077e-05 45.2 6.107473E+05 1.644616E+01 1.004444E+07 
1.00000e+01 7.18858e-05 44.2 6.148641E+05 1.597462E+01 9.822222E+06 
1.00000e+01 7.61564e-05 44.2 5.803846E+05 1.692364E+01 9.822222E+06 
1.00000e+01 7.31382e-05 44.2 6.043354E+05 1.625293E+01 9.822222E+06 
1.00000e+01 6.70752e-05 44.2 6.589619E+05 1.49056E+01 9.822222E+06 
1.00000e+01 7.06732e-05 44.2 6.254139E+05 1.570516E+01 9.822222E+06 
1.00000e+01 7.33141e-05 44.2 6.028854E+05 1.629202E+01 9.822222E+06 
1.00000e+01 7.37009e-05 43.2 5.86153E+05 1.637798E+01 9.6E+06 
1.00000e+01 7.33627e-05 43.2 5.888551E+05 1.630282E+01 9.6E+06 
1.00000e+01 7.81856e-05 43.2 5.525314E+05 1.737458E+01 9.6E+06 
1.00000e+01 7.40029e-05 43.2 5.837609E+05 1.644509E+01 9.6E+06 
1.00000e+01 7.50965e-05 43.2 5.752598E+05 1.668811E+01 9.6E+06 
1.00000e+01 9.18729e-05 43.2 4.702148E+05 2.04162E+01 9.6E+06 
1.00000e+01 7.79078e-05 43.2 5.545016E+05 1.731284E+01 9.6E+06 
1.00000e+01 7.30053e-05 43.2 5.917379E+05 1.62234E+01 9.6E+06 
1.00000e+01 7.65367e-05 43.2 5.644351E+05 1.700816E+01 9.6E+06 
1.00000e+01 7.31915e-05 42.2 5.765697E+05 1.626478E+01 9.377778E+06 
1.00000e+01 6.99430e-05 42.2 6.033484E+05 1.554289E+01 9.377778E+06 
1.00000e+01 7.66682e-05 42.2 5.504238E+05 1.703738E+01 9.377778E+06 
1.00000e+01 7.79577e-05 42.2 5.413192E+05 1.732393E+01 9.377778E+06 
1.00000e+01 8.90999e-05 42.2 4.736257E+05 1.979998E+01 9.377778E+06 
1.00000e+01 8.68521e-05 42.2 4.858835E+05 1.930047E+01 9.377778E+06 
1.00000e+01 8.79423e-05 42.2 4.798601E+05 1.954273E+01 9.377778E+06 
1.00000e+01 9.03047e-05 42.2 4.673068E+05 2.006771E+01 9.377778E+06 
1.00000e+01 8.93924e-05 41.2 4.608893E+05 1.986498E+01 9.155556E+06 
1.00000e+01 8.56725e-05 41.2 4.809011E+05 1.903833E+01 9.155556E+06 
1.00000e+01 9.96060e-05 41.2 4.136297E+05 2.213467E+01 9.155556E+06 
1.00000e+01 9.50333e-05 41.2 4.335322E+05 2.111851E+01 9.155556E+06 
1.00000e+01 9.97006e-05 41.2 4.132372E+05 2.215569E+01 9.155556E+06 
1.00000e+01 9.87219e-05 41.2 4.173339E+05 2.19382E+01 9.155556E+06 
1.00000e+01 8.90859e-05 41.2 4.62475E+05 1.979687E+01 9.155556E+06 
1.00000e+01 7.63598e-05 41.2 5.395509E+05 1.696884E+01 9.155556E+06 
1.00000e+01 7.45818e-05 41.2 5.524136E+05 1.657373E+01 9.155556E+06 
1.00000e+01 8.07346e-05 40.2 4.979278E+05 1.794102E+01 8.933333E+06 
1.00000e+01 7.71614e-05 40.2 5.209859E+05 1.714698E+01 8.933333E+06 
1.00000e+01 7.49342e-05 40.2 5.364707E+05 1.665204E+01 8.933333E+06 
1.00000e+01 7.74413e-05 40.2 5.191029E+05 1.720918E+01 8.933333E+06 
1.00000e+01 7.53546e-05 40.2 5.334777E+05 1.674547E+01 8.933333E+06 
1.00000e+01 7.30687e-05 40.2 5.501672E+05 1.623749E+01 8.933333E+06 
1.00000e+01 7.50554e-05 40.2 5.356044E+05 1.667898E+01 8.933333E+06 
1.00000e+01 7.11402e-05 40.2 5.650813E+05 1.580893E+01 8.933333E+06 
1.00000e+01 6.85813e-05 40.2 5.861656E+05 1.524029E+01 8.933333E+06 
1.00000e+01 7.09626e-05 40.2 5.664956E+05 1.576947E+01 8.933333E+06 
1.00000e+01 6.60464e-05 39.2 5.935221E+05 1.467698E+01 8.711111E+06 
1.00000e+01 7.52547e-05 39.2 5.208977E+05 1.672327E+01 8.711111E+06 
1.00000e+01 6.60792e-05 39.2 5.932275E+05 1.468427E+01 8.711111E+06 
1.00000e+01 6.64249e-05 39.2 5.901401E+05 1.476109E+01 8.711111E+06 
1.00000e+01 6.36094e-05 39.2 6.162611E+05 1.413542E+01 8.711111E+06 
1.00000e+01 6.28753e-05 39.2 6.234563E+05 1.397229E+01 8.711111E+06 
1.00000e+01 6.45836e-05 39.2 6.069652E+05 1.435191E+01 8.711111E+06 
1.00000e+01 6.37493e-05 39.2 6.149087E+05 1.416651E+01 8.711111E+06 
1.00000e+01 6.50262e-05 39.2 6.028339E+05 1.445027E+01 8.711111E+06 
1.00000e+01 6.65795e-05 39.2 5.887698E+05 1.479544E+01 8.711111E+06 
1.00000e+01 7.53561e-05 39.2 5.201968E+05 1.67458E+01 8.711111E+06 
1.00000e+01 7.99093e-05 38.2 4.78042E+05 1.775762E+01 8.488889E+06 
1.00000e+01 7.68107e-05 38.2 4.973265E+05 1.706904E+01 8.488889E+06 
1.00000e+01 6.28263e-05 38.2 6.080256E+05 1.39614E+01 8.488889E+06 
1.00000e+01 6.25597e-05 38.2 6.106167E+05 1.390216E+01 8.488889E+06 
1.00000e+01 6.23256e-05 38.2 6.129103E+05 1.385013E+01 8.488889E+06 
1.00000e+01 6.78298e-05 38.2 5.631743E+05 1.507329E+01 8.488889E+06 
1.00000e+01 6.85337e-05 38.2 5.5739E+05 1.522971E+01 8.488889E+06 
1.00000e+01 6.94019e-05 38.2 5.504172E+05 1.542264E+01 8.488889E+06 
1.00000e+01 6.84608e-05 38.2 5.579835E+05 1.521351E+01 8.488889E+06 
1.00000e+01 6.31046e-05 38.2 6.053441E+05 1.402324E+01 8.488889E+06 
1.00000e+01 6.74715e-05 38.2 5.66165E+05 1.499367E+01 8.488889E+06 
1.00000e+01 6.03822e-05 38.2 6.326368E+05 1.341827E+01 8.488889E+06 
1.00000e+01 6.10997e-05 37.2 6.08841E+05 1.357771E+01 8.266667E+06 
1.00000e+01 6.18670e-05 37.2 6.012899E+05 1.374822E+01 8.266667E+06 
1.00000e+01 6.55224e-05 37.2 5.677448E+05 1.456053E+01 8.266667E+06 
1.00000e+01 7.27311e-05 37.2 5.114731E+05 1.616247E+01 8.266667E+06 
1.00000e+01 5.81104e-05 37.2 6.401608E+05 1.291342E+01 8.266667E+06 
1.00000e+01 5.85258e-05 37.2 6.356171E+05 1.300573E+01 8.266667E+06 
1.00000e+01 6.17190e-05 37.2 6.027317E+05 1.371533E+01 8.266667E+06 
1.00000e+01 6.60150e-05 37.2 5.635083E+05 1.467E+01 8.266667E+06 
1.00000e+01 6.55069e-05 37.2 5.678791E+05 1.455709E+01 8.266667E+06 
1.00000e+01 6.35603e-05 37.2 5.85271E+05 1.412451E+01 8.266667E+06 
1.00000e+01 6.16682e-05 37.2 6.032282E+05 1.370404E+01 8.266667E+06 
1.00000e+01 6.07462e-05 37.2 6.12384E+05 1.349916E+01 8.266667E+06 
1.00000e+01 6.56051e-05 37.2 5.670291E+05 1.457891E+01 8.266667E+06 
1.00000e+01 6.14345e-05 36.2 5.892455E+05 1.365211E+01 8.044444E+06 
1.00000e+01 6.14610e-05 36.2 5.889914E+05 1.3658E+01 8.044444E+06 
1.00000e+01 6.65326e-05 36.2 5.440942E+05 1.478502E+01 8.044444E+06 
1.00000e+01 6.50130e-05 36.2 5.568117E+05 1.444733E+01 8.044444E+06 
1.00000e+01 6.80323e-05 36.2 5.321002E+05 1.511829E+01 8.044444E+06 
1.00000e+01 7.27664e-05 36.2 4.974824E+05 1.617031E+01 8.044444E+06 
1.00000e+01 7.69016e-05 36.2 4.707314E+05 1.708924E+01 8.044444E+06 
1.00000e+01 6.74520e-05 36.2 5.366779E+05 1.498933E+01 8.044444E+06 
1.00000e+01 7.83465e-05 36.2 4.6205E+05 1.741033E+01 8.044444E+06 
1.00000e+01 7.42895e-05 36.2 4.872829E+05 1.650878E+01 8.044444E+06 
1.00000e+01 7.20389e-05 36.2 5.025063E+05 1.600864E+01 8.044444E+06 
1.00000e+01 7.06559e-05 36.2 5.123422E+05 1.570131E+01 8.044444E+06 
1.00000e+01 7.09651e-05 36.2 5.101099E+05 1.577002E+01 8.044444E+06 
1.00000e+01 8.42224e-05 35.2 4.179411E+05 1.871609E+01 7.822222E+06 
1.00000e+01 6.49388e-05 35.2 5.420488E+05 1.443084E+01 7.822222E+06 
1.00000e+01 6.54721e-05 35.2 5.376336E+05 1.454936E+01 7.822222E+06 
1.00000e+01 7.62105e-05 35.2 4.618786E+05 1.693567E+01 7.822222E+06 
1.00000e+01 6.98192e-05 35.2 5.041593E+05 1.551538E+01 7.822222E+06 
1.00000e+01 6.10816e-05 35.2 5.762783E+05 1.357369E+01 7.822222E+06 
1.00000e+01 6.19653e-05 35.2 5.680599E+05 1.377007E+01 7.822222E+06 
1.00000e+01 6.23394e-05 35.2 5.646509E+05 1.38532E+01 7.822222E+06 
1.00000e+01 6.01769e-05 35.2 5.849421E+05 1.337264E+01 7.822222E+06 
1.00000e+01 6.10726e-05 35.2 5.763632E+05 1.357169E+01 7.822222E+06 
1.00000e+01 6.30272e-05 35.2 5.58489E+05 1.400604E+01 7.822222E+06 
1.00000e+01 6.83581e-05 35.2 5.149353E+05 1.519069E+01 7.822222E+06 
1.00000e+01 8.74011e-05 35.2 4.027409E+05 1.942247E+01 7.822222E+06 
1.00000e+01 7.04816e-05 35.2 4.994211E+05 1.566258E+01 7.822222E+06 
1.00000e+01 6.56262e-05 35.2 5.363711E+05 1.45836E+01 7.822222E+06 
1.00000e+01 6.40378e-05 34.2 5.340596E+05 1.423062E+01 7.6E+06 
1.00000e+01 6.92705e-05 34.2 4.937167E+05 1.539344E+01 7.6E+06 
1.00000e+01 6.70570e-05 34.2 5.100139E+05 1.490156E+01 7.6E+06 
1.00000e+01 6.74171e-05 34.2 5.072897E+05 1.498158E+01 7.6E+06 
1.00000e+01 6.60663e-05 34.2 5.176618E+05 1.46814E+01 7.6E+06 
1.00000e+01 7.11008e-05 34.2 4.810072E+05 1.580018E+01 7.6E+06 
1.00000e+01 6.47291e-05 34.2 5.283559E+05 1.438424E+01 7.6E+06 
1.00000e+01 6.61486e-05 34.2 5.170177E+05 1.469969E+01 7.6E+06 
1.00000e+01 6.73513e-05 34.2 5.077853E+05 1.496696E+01 7.6E+06 
1.00000e+01 8.09476e-05 34.2 4.224955E+05 1.798836E+01 7.6E+06 
1.00000e+01 6.61233e-05 34.2 5.172156E+05 1.469407E+01 7.6E+06 
1.00000e+01 6.41795e-05 34.2 5.328804E+05 1.426211E+01 7.6E+06 
1.00000e+01 7.97300e-05 34.2 4.289477E+05 1.771778E+01 7.6E+06 
1.00000e+01 6.23526e-05 34.2 5.484936E+05 1.385613E+01 7.6E+06 
1.00000e+01 6.65825e-05 34.2 5.136485E+05 1.479611E+01 7.6E+06 
1.00000e+01 6.78576e-05 34.2 5.039966E+05 1.507947E+01 7.6E+06 
1.00000e+01 6.74141e-05 33.2 4.924786E+05 1.498091E+01 7.377778E+06 
1.00000e+01 7.16416e-05 33.2 4.634179E+05 1.592036E+01 7.377778E+06 
1.00000e+01 7.77001e-05 33.2 4.272839E+05 1.726669E+01 7.377778E+06 
1.00000e+01 7.95626e-05 33.2 4.172815E+05 1.768058E+01 7.377778E+06 
1.00000e+01 8.87904e-05 33.2 3.739143E+05 1.97312E+01 7.377778E+06 
1.00000e+01 7.49611e-05 33.2 4.428964E+05 1.665802E+01 7.377778E+06 
1.00000e+01 8.39017e-05 33.2 3.957012E+05 1.864482E+01 7.377778E+06 
1.00000e+01 8.06129e-05 33.2 4.118448E+05 1.791398E+01 7.377778E+06 
1.00000e+01 7.65799e-05 33.2 4.335341E+05 1.701776E+01 7.377778E+06 
1.00000e+01 7.27370e-05 33.2 4.56439E+05 1.616378E+01 7.377778E+06 
1.00000e+01 6.82674e-05 33.2 4.863229E+05 1.517053E+01 7.377778E+06 
1.00000e+01 6.52552e-05 33.2 5.087717E+05 1.450116E+01 7.377778E+06 
1.00000e+01 6.41046e-05 33.2 5.179036E+05 1.424547E+01 7.377778E+06 
1.00000e+01 6.73304e-05 33.2 4.930908E+05 1.496231E+01 7.377778E+06 
1.00000e+01 6.67161e-05 33.2 4.97631E+05 1.48258E+01 7.377778E+06 
1.00000e+01 6.83355e-05 33.2 4.858383E+05 1.518567E+01 7.377778E+06 
1.00000e+01 6.86685e-05 33.2 4.834822E+05 1.525967E+01 7.377778E+06 
1.00000e+01 6.81304e-05 32.2 4.726231E+05 1.514009E+01 7.155556E+06 
1.00000e+01 6.80720e-05 32.2 4.730286E+05 1.512711E+01 7.155556E+06 
1.00000e+01 6.49954e-05 32.2 4.954197E+05 1.444342E+01 7.155556E+06 
      
