V(__) I(__) lux CurrC oeff. CurrA/m^-2. lux/m^-1
0.00000e+00 -3.56248e-07 0 -0E+00 -7.916622E-02 0E+00 
2.50000e-01 1.60639e-03 0 0E+00 3.569756E+02 0E+00 
5.00000e-01 3.22872e-03 0 0E+00 7.174933E+02 0E+00 
7.50000e-01 4.87147e-03 0 0E+00 1.082549E+03 0E+00 
1.00000e+00 6.52089e-03 0 0E+00 1.449087E+03 0E+00 
1.25000e+00 8.23832e-03 0 0E+00 1.830738E+03 0E+00 
1.50000e+00 9.80588e-03 0 0E+00 2.179084E+03 0E+00 
1.75000e+00 1.16359e-02 0 0E+00 2.585756E+03 0E+00 
2.00000e+00 1.34355e-02 0 0E+00 2.985667E+03 0E+00 
2.25000e+00 1.53303e-02 0 0E+00 3.406733E+03 0E+00 
2.50000e+00 1.69792e-02 0 0E+00 3.773156E+03 0E+00 
2.75000e+00 1.88813e-02 0 0E+00 4.195844E+03 0E+00 
3.00000e+00 2.08182e-02 0 0E+00 4.626267E+03 0E+00 
3.25000e+00 2.27751e-02 0 0E+00 5.061133E+03 0E+00 
3.50000e+00 2.47659e-02 0 0E+00 5.503533E+03 0E+00 
3.75000e+00 2.67690e-02 0 0E+00 5.948667E+03 0E+00 
4.00000e+00 2.88031e-02 0 0E+00 6.400689E+03 0E+00 
4.25000e+00 3.08516e-02 0 0E+00 6.855911E+03 0E+00 
4.50000e+00 3.29317e-02 0 0E+00 7.318156E+03 0E+00 
4.75000e+00 3.50275e-02 0 0E+00 7.783889E+03 0E+00 
5.00000e+00 3.71514e-02 0 0E+00 8.255867E+03 0E+00 
5.25000e+00 3.93284e-02 0 0E+00 8.739644E+03 0E+00 
5.50000e+00 4.14663e-02 0 0E+00 9.214733E+03 0E+00 
5.75000e+00 4.36366e-02 0 0E+00 9.697022E+03 0E+00 
6.00000e+00 4.58336e-02 0 0E+00 1.018524E+04 0E+00 
6.25000e+00 4.80573e-02 0 0E+00 1.06794E+04 0E+00 
6.50000e+00 5.02837e-02 0 0E+00 1.117416E+04 0E+00 
6.75000e+00 5.25336e-02 0 0E+00 1.167413E+04 0E+00 
7.00000e+00 5.48059e-02 0 0E+00 1.217909E+04 0E+00 
7.25000e+00 5.71096e-02 0 0E+00 1.269102E+04 0E+00 
7.50000e+00 5.94030e-02 0 0E+00 1.320067E+04 0E+00 
7.75000e+00 6.17290e-02 0 0E+00 1.371756E+04 0E+00 
8.00000e+00 6.40763e-02 0 0E+00 1.423918E+04 0E+00 
8.25000e+00 6.64132e-02 0 0E+00 1.475849E+04 0E+00 
8.50000e+00 6.87631e-02 0 0E+00 1.528069E+04 0E+00 
8.75000e+00 7.11367e-02 0 0E+00 1.580816E+04 0E+00 
9.00000e+00 7.35501e-02 0 0E+00 1.634447E+04 0E+00 
9.25000e+00 7.59217e-02 0 0E+00 1.687149E+04 0E+00 
9.50000e+00 7.83140e-02 0 0E+00 1.740311E+04 0E+00 
9.75000e+00 8.06943e-02 0 0E+00 1.793207E+04 0E+00 
1.00000e+01 8.30614e-02 0 0E+00 1.845809E+04 0E+00 
1.02500e+01 8.54867e-02 0 0E+00 1.899704E+04 0E+00 
1.05000e+01 8.79328e-02 0 0E+00 1.954062E+04 0E+00 
1.07500e+01 9.03248e-02 0 0E+00 2.007218E+04 0E+00 
1.10000e+01 9.27733e-02 0 0E+00 2.061629E+04 0E+00 
1.12500e+01 9.52122e-02 0 0E+00 2.115827E+04 0E+00 
1.15000e+01 9.77284e-02 0 0E+00 2.171742E+04 0E+00 
1.17500e+01 9.99949e-02 0 0E+00 2.222109E+04 0E+00 
1.20000e+01 9.99947e-02 0 0E+00 2.222104E+04 0E+00 
1.22500e+01 9.99948e-02 0 0E+00 2.222107E+04 0E+00 
1.25000e+01 9.99948e-02 0 0E+00 2.222107E+04 0E+00 
1.27500e+01 9.99949e-02 0 0E+00 2.222109E+04 0E+00 
1.30000e+01 9.99948e-02 0 0E+00 2.222107E+04 0E+00 
1.32500e+01 9.99948e-02 0 0E+00 2.222107E+04 0E+00 
1.35000e+01 9.99948e-02 0 0E+00 2.222107E+04 0E+00 
1.37500e+01 9.99949e-02 0 0E+00 2.222109E+04 0E+00 
1.40000e+01 9.99947e-02 0 0E+00 2.222104E+04 0E+00 
1.42500e+01 9.99949e-02 0 0E+00 2.222109E+04 0E+00 
1.45000e+01 9.99950e-02 0 0E+00 2.222111E+04 0E+00 
1.47500e+01 9.99950e-02 0 0E+00 2.222111E+04 0E+00 
1.50000e+01 9.99950e-02 0 0E+00 2.222111E+04 0E+00 
