>>head<<V(__) 	 I(__) 	 lux 	 CurrC oeff. 	 CurrA/m^-2. 	 lux/m^-1
1.10010e+01	5.33029e-04 	 10.1 	 1.894831E+04 	 1.184509E+02 	 2.244444E+06
1.10020e+01	5.68664e-04 	 10.1 	 1.776093E+04 	 1.263698E+02 	 2.244444E+06
1.10030e+01	5.76291e-04 	 10.1 	 1.752587E+04 	 1.280647E+02 	 2.244444E+06
1.10040e+01	6.09237e-04 	 10.1 	 1.657811E+04 	 1.35386E+02 	 2.244444E+06
1.10050e+01	6.34351e-04 	 10.1 	 1.592178E+04 	 1.409669E+02 	 2.244444E+06
1.10060e+01	6.13758e-04 	 10.1 	 1.6456E+04 	 1.363907E+02 	 2.244444E+06
1.10070e+01	5.84641e-04 	 10.1 	 1.727556E+04 	 1.299202E+02 	 2.244444E+06
1.10080e+01	6.37264e-04 	 10.1 	 1.5849E+04 	 1.416142E+02 	 2.244444E+06
1.10090e+01	5.88543e-04 	 10.1 	 1.716102E+04 	 1.307873E+02 	 2.244444E+06
1.10100e+01	6.39363e-04 	 10.1 	 1.579697E+04 	 1.420807E+02 	 2.244444E+06
1.10110e+01	6.27446e-04 	 10.1 	 1.6097E+04 	 1.394324E+02 	 2.244444E+06
1.10120e+01	6.53480e-04 	 10.1 	 1.545571E+04 	 1.452178E+02 	 2.244444E+06
1.10130e+01	6.38720e-04 	 10.1 	 1.581288E+04 	 1.419378E+02 	 2.244444E+06
1.10140e+01	5.75009e-04 	 10.1 	 1.756494E+04 	 1.277798E+02 	 2.244444E+06
1.10150e+01	5.64233e-04 	 10.1 	 1.790041E+04 	 1.253851E+02 	 2.244444E+06
1.10160e+01	5.62238e-04 	 10.1 	 1.796392E+04 	 1.249418E+02 	 2.244444E+06
1.10170e+01	6.02232e-04 	 10.1 	 1.677095E+04 	 1.338293E+02 	 2.244444E+06
1.10180e+01	5.26125e-04 	 10.1 	 1.919696E+04 	 1.169167E+02 	 2.244444E+06
1.10190e+01	5.29887e-04 	 10.1 	 1.906067E+04 	 1.177527E+02 	 2.244444E+06
1.10200e+01	4.93367e-04 	 10.1 	 2.047158E+04 	 1.096371E+02 	 2.244444E+06
1.10210e+01	5.02689e-04 	 10.1 	 2.009195E+04 	 1.117087E+02 	 2.244444E+06
1.10220e+01	5.27096e-04 	 10.1 	 1.916159E+04 	 1.171324E+02 	 2.244444E+06
1.10230e+01	5.13193e-04 	 10.1 	 1.96807E+04 	 1.140429E+02 	 2.244444E+06
1.10240e+01	4.87744e-04 	 10.1 	 2.070758E+04 	 1.083876E+02 	 2.244444E+06
1.10250e+01	4.70956e-04 	 10.1 	 2.144574E+04 	 1.046569E+02 	 2.244444E+06
1.10260e+01	4.78760e-04 	 9.1 	 1.900744E+04 	 1.063911E+02 	 2.022222E+06
1.10270e+01	4.38490e-04 	 10.1 	 2.303359E+04 	 9.744222E+01 	 2.244444E+06
1.10280e+01	4.48676e-04 	 9.1 	 2.02819E+04 	 9.970578E+01 	 2.022222E+06
1.10290e+01	4.43547e-04 	 9.1 	 2.051643E+04 	 9.8566E+01 	 2.022222E+06
1.10300e+01	4.19348e-04 	 9.1 	 2.170035E+04 	 9.318844E+01 	 2.022222E+06
1.10310e+01	4.56919e-04 	 9.1 	 1.9916E+04 	 1.015376E+02 	 2.022222E+06
1.10320e+01	4.36591e-04 	 9.1 	 2.084331E+04 	 9.702022E+01 	 2.022222E+06
1.10330e+01	4.22613e-04 	 9.1 	 2.15327E+04 	 9.3914E+01 	 2.022222E+06
1.10340e+01	4.09654e-04 	 9.1 	 2.221387E+04 	 9.103422E+01 	 2.022222E+06
1.10350e+01	4.14483e-04 	 9.1 	 2.195506E+04 	 9.210733E+01 	 2.022222E+06
1.10360e+01	3.89160e-04 	 9.1 	 2.33837E+04 	 8.648E+01 	 2.022222E+06
1.10370e+01	3.82157e-04 	 9.1 	 2.38122E+04 	 8.492378E+01 	 2.022222E+06
1.10380e+01	4.43203e-04 	 9.1 	 2.053235E+04 	 9.848956E+01 	 2.022222E+06
1.10390e+01	4.11740e-04 	 9.1 	 2.210133E+04 	 9.149778E+01 	 2.022222E+06
1.10400e+01	4.00198e-04 	 9.1 	 2.273874E+04 	 8.893289E+01 	 2.022222E+06
1.10410e+01	4.05587e-04 	 9.1 	 2.243662E+04 	 9.013044E+01 	 2.022222E+06
1.10420e+01	3.76239e-04 	 9.1 	 2.418675E+04 	 8.360867E+01 	 2.022222E+06
1.10430e+01	3.99511e-04 	 9.1 	 2.277785E+04 	 8.878022E+01 	 2.022222E+06
1.10440e+01	4.38551e-04 	 9.1 	 2.075015E+04 	 9.745578E+01 	 2.022222E+06
1.10450e+01	3.83340e-04 	 9.1 	 2.373872E+04 	 8.518667E+01 	 2.022222E+06
1.10460e+01	3.91394e-04 	 9.1 	 2.325023E+04 	 8.697644E+01 	 2.022222E+06
1.10470e+01	3.74070e-04 	 9.1 	 2.4327E+04 	 8.312667E+01 	 2.022222E+06
1.10480e+01	3.70150e-04 	 9.1 	 2.458463E+04 	 8.225556E+01 	 2.022222E+06
1.10490e+01	3.88930e-04 	 9.1 	 2.339753E+04 	 8.642889E+01 	 2.022222E+06
1.10500e+01	3.98785e-04 	 9.1 	 2.281931E+04 	 8.861889E+01 	 2.022222E+06
1.10510e+01	4.06384e-04 	 9.1 	 2.239261E+04 	 9.030756E+01 	 2.022222E+06
1.10520e+01	3.64466e-04 	 9.1 	 2.496804E+04 	 8.099244E+01 	 2.022222E+06
1.10530e+01	4.14798e-04 	 9.1 	 2.193839E+04 	 9.217733E+01 	 2.022222E+06
1.10540e+01	4.10571e-04 	 9.1 	 2.216425E+04 	 9.1238E+01 	 2.022222E+06
1.10550e+01	4.29407e-04 	 9.1 	 2.119202E+04 	 9.542378E+01 	 2.022222E+06
1.10560e+01	4.23211e-04 	 9.1 	 2.150228E+04 	 9.404689E+01 	 2.022222E+06
1.10570e+01	4.22318e-04 	 9.1 	 2.154774E+04 	 9.384844E+01 	 2.022222E+06
1.10580e+01	4.43121e-04 	 9.1 	 2.053615E+04 	 9.847133E+01 	 2.022222E+06
1.10590e+01	4.56916e-04 	 9.1 	 1.991613E+04 	 1.015369E+02 	 2.022222E+06
1.10600e+01	4.39774e-04 	 9.1 	 2.069245E+04 	 9.772756E+01 	 2.022222E+06
1.10610e+01	4.66946e-04 	 9.1 	 1.948833E+04 	 1.037658E+02 	 2.022222E+06
1.10620e+01	4.76863e-04 	 9.1 	 1.908305E+04 	 1.059696E+02 	 2.022222E+06
1.10630e+01	4.93954e-04 	 9.1 	 1.842277E+04 	 1.097676E+02 	 2.022222E+06
1.10640e+01	4.83835e-04 	 9.1 	 1.880806E+04 	 1.075189E+02 	 2.022222E+06
1.10650e+01	4.86555e-04 	 9.1 	 1.870292E+04 	 1.081233E+02 	 2.022222E+06
1.10660e+01	5.62761e-04 	 9.1 	 1.617027E+04 	 1.25058E+02 	 2.022222E+06
1.10670e+01	5.56353e-04 	 9.1 	 1.635652E+04 	 1.23634E+02 	 2.022222E+06
1.10680e+01	5.12588e-04 	 9.1 	 1.775305E+04 	 1.139084E+02 	 2.022222E+06
1.10690e+01	5.52621e-04 	 9.1 	 1.646698E+04 	 1.228047E+02 	 2.022222E+06
1.10700e+01	5.46021e-04 	 9.1 	 1.666603E+04 	 1.21338E+02 	 2.022222E+06
1.10710e+01	5.34753e-04 	 9.1 	 1.70172E+04 	 1.18834E+02 	 2.022222E+06
1.10720e+01	5.05552e-04 	 9.1 	 1.800013E+04 	 1.123449E+02 	 2.022222E+06
1.10730e+01	4.99820e-04 	 9.1 	 1.820655E+04 	 1.110711E+02 	 2.022222E+06
1.10740e+01	5.14201e-04 	 9.1 	 1.769736E+04 	 1.142669E+02 	 2.022222E+06
1.10750e+01	5.18891e-04 	 9.1 	 1.75374E+04 	 1.153091E+02 	 2.022222E+06
1.10760e+01	5.25842e-04 	 9.1 	 1.730558E+04 	 1.168538E+02 	 2.022222E+06
1.10770e+01	5.78083e-04 	 9.1 	 1.574168E+04 	 1.284629E+02 	 2.022222E+06
1.10780e+01	5.67125e-04 	 9.1 	 1.604585E+04 	 1.260278E+02 	 2.022222E+06
1.10790e+01	5.27633e-04 	 9.1 	 1.724684E+04 	 1.172518E+02 	 2.022222E+06
1.10800e+01	4.81767e-04 	 9.1 	 1.88888E+04 	 1.070593E+02 	 2.022222E+06
1.10810e+01	4.87370e-04 	 9.1 	 1.867165E+04 	 1.083044E+02 	 2.022222E+06
1.10820e+01	4.69876e-04 	 9.1 	 1.936681E+04 	 1.044169E+02 	 2.022222E+06
1.10830e+01	4.82161e-04 	 9.1 	 1.887336E+04 	 1.071469E+02 	 2.022222E+06
1.10840e+01	4.82213e-04 	 9.1 	 1.887133E+04 	 1.071584E+02 	 2.022222E+06
1.10850e+01	5.35357e-04 	 9.1 	 1.6998E+04 	 1.189682E+02 	 2.022222E+06
1.10860e+01	5.16682e-04 	 9.1 	 1.761238E+04 	 1.148182E+02 	 2.022222E+06
1.10870e+01	5.73097e-04 	 9.1 	 1.587864E+04 	 1.273549E+02 	 2.022222E+06
1.10880e+01	5.02748e-04 	 9.1 	 1.810052E+04 	 1.117218E+02 	 2.022222E+06
1.10890e+01	5.55923e-04 	 9.1 	 1.636917E+04 	 1.235384E+02 	 2.022222E+06
1.10900e+01	4.89256e-04 	 9.1 	 1.859967E+04 	 1.087236E+02 	 2.022222E+06
1.10910e+01	5.20837e-04 	 9.1 	 1.747188E+04 	 1.157416E+02 	 2.022222E+06
1.10920e+01	4.97820e-04 	 9.1 	 1.82797E+04 	 1.106267E+02 	 2.022222E+06
1.10930e+01	5.65422e-04 	 9.1 	 1.609417E+04 	 1.256493E+02 	 2.022222E+06
1.10940e+01	5.54268e-04 	 9.1 	 1.641805E+04 	 1.231707E+02 	 2.022222E+06
1.10950e+01	5.56099e-04 	 9.1 	 1.636399E+04 	 1.235776E+02 	 2.022222E+06
1.10960e+01	3.85688e-04 	 9.1 	 2.35942E+04 	 8.570844E+01 	 2.022222E+06
1.10970e+01	4.01229e-04 	 9.1 	 2.268031E+04 	 8.9162E+01 	 2.022222E+06
1.10980e+01	4.04105e-04 	 9.1 	 2.25189E+04 	 8.980111E+01 	 2.022222E+06
1.10990e+01	3.90014e-04 	 9.1 	 2.33325E+04 	 8.666978E+01 	 2.022222E+06
1.11000e+01	4.18762e-04 	 9.1 	 2.173072E+04 	 9.305822E+01 	 2.022222E+06
1.11010e+01	4.36121e-04 	 9.1 	 2.086577E+04 	 9.691578E+01 	 2.022222E+06
1.11020e+01	4.36892e-04 	 9.1 	 2.082895E+04 	 9.708711E+01 	 2.022222E+06
1.11030e+01	4.84632e-04 	 9.1 	 1.877713E+04 	 1.07696E+02 	 2.022222E+06
1.11040e+01	4.73589e-04 	 9.1 	 1.921497E+04 	 1.05242E+02 	 2.022222E+06
1.11050e+01	5.19304e-04 	 9.1 	 1.752345E+04 	 1.154009E+02 	 2.022222E+06
1.11060e+01	4.97481e-04 	 9.1 	 1.829216E+04 	 1.105513E+02 	 2.022222E+06
1.11070e+01	5.00949e-04 	 9.1 	 1.816552E+04 	 1.11322E+02 	 2.022222E+06
1.11080e+01	5.20383e-04 	 9.1 	 1.748712E+04 	 1.156407E+02 	 2.022222E+06
1.11090e+01	5.03451e-04 	 9.1 	 1.807524E+04 	 1.11878E+02 	 2.022222E+06
1.11100e+01	5.45230e-04 	 9.1 	 1.66902E+04 	 1.211622E+02 	 2.022222E+06
1.11110e+01	4.93426e-04 	 9.1 	 1.844248E+04 	 1.096502E+02 	 2.022222E+06
1.11120e+01	4.58190e-04 	 9.1 	 1.986076E+04 	 1.0182E+02 	 2.022222E+06
1.11130e+01	4.72453e-04 	 9.1 	 1.926118E+04 	 1.049896E+02 	 2.022222E+06
1.11140e+01	4.99658e-04 	 9.1 	 1.821246E+04 	 1.110351E+02 	 2.022222E+06
1.11150e+01	4.63632e-04 	 9.1 	 1.962764E+04 	 1.030293E+02 	 2.022222E+06
1.11160e+01	4.57563e-04 	 9.1 	 1.988797E+04 	 1.016807E+02 	 2.022222E+06
1.11170e+01	4.80213e-04 	 9.1 	 1.894992E+04 	 1.06714E+02 	 2.022222E+06
1.11180e+01	4.56681e-04 	 9.1 	 1.992638E+04 	 1.014847E+02 	 2.022222E+06
1.11190e+01	4.45405e-04 	 9.1 	 2.043084E+04 	 9.897889E+01 	 2.022222E+06
1.11200e+01	4.61624e-04 	 9.1 	 1.971301E+04 	 1.025831E+02 	 2.022222E+06
1.11210e+01	4.76406e-04 	 9.1 	 1.910135E+04 	 1.05868E+02 	 2.022222E+06
1.11220e+01	4.60138e-04 	 9.1 	 1.977668E+04 	 1.022529E+02 	 2.022222E+06
1.11230e+01	4.94907e-04 	 9.1 	 1.838729E+04 	 1.099793E+02 	 2.022222E+06
1.11240e+01	4.69013e-04 	 9.1 	 1.940245E+04 	 1.042251E+02 	 2.022222E+06
1.11250e+01	4.62475e-04 	 9.1 	 1.967674E+04 	 1.027722E+02 	 2.022222E+06
1.11260e+01	4.38354e-04 	 9.1 	 2.075948E+04 	 9.7412E+01 	 2.022222E+06
1.11270e+01	4.51325e-04 	 9.1 	 2.016285E+04 	 1.002944E+02 	 2.022222E+06
1.11280e+01	4.47382e-04 	 9.1 	 2.034056E+04 	 9.941822E+01 	 2.022222E+06
1.11290e+01	4.25295e-04 	 9.1 	 2.139691E+04 	 9.451E+01 	 2.022222E+06
1.11300e+01	4.32866e-04 	 9.1 	 2.102267E+04 	 9.619244E+01 	 2.022222E+06
1.11310e+01	4.71249e-04 	 9.1 	 1.931039E+04 	 1.04722E+02 	 2.022222E+06
1.11320e+01	4.61515e-04 	 9.1 	 1.971767E+04 	 1.025589E+02 	 2.022222E+06
1.11330e+01	4.80905e-04 	 9.1 	 1.892266E+04 	 1.068678E+02 	 2.022222E+06
1.11340e+01	4.34798e-04 	 9.1 	 2.092926E+04 	 9.662178E+01 	 2.022222E+06
1.11350e+01	4.39445e-04 	 9.1 	 2.070794E+04 	 9.765444E+01 	 2.022222E+06
1.11360e+01	4.95761e-04 	 9.1 	 1.835562E+04 	 1.101691E+02 	 2.022222E+06
1.11370e+01	4.90580e-04 	 9.1 	 1.854947E+04 	 1.090178E+02 	 2.022222E+06
1.11380e+01	4.61375e-04 	 9.1 	 1.972365E+04 	 1.025278E+02 	 2.022222E+06
1.11390e+01	4.44431e-04 	 9.1 	 2.047562E+04 	 9.876244E+01 	 2.022222E+06
1.11400e+01	4.55678e-04 	 9.1 	 1.997024E+04 	 1.012618E+02 	 2.022222E+06
1.11410e+01	4.24123e-04 	 9.1 	 2.145604E+04 	 9.424956E+01 	 2.022222E+06
1.11420e+01	4.29406e-04 	 9.1 	 2.119207E+04 	 9.542356E+01 	 2.022222E+06
1.11430e+01	4.53766e-04 	 9.1 	 2.005439E+04 	 1.008369E+02 	 2.022222E+06
1.11440e+01	4.93924e-04 	 9.1 	 1.842389E+04 	 1.097609E+02 	 2.022222E+06
1.11450e+01	4.40331e-04 	 9.1 	 2.066627E+04 	 9.785133E+01 	 2.022222E+06
1.11460e+01	4.44387e-04 	 9.1 	 2.047765E+04 	 9.875267E+01 	 2.022222E+06
1.11470e+01	4.70566e-04 	 9.1 	 1.933841E+04 	 1.045702E+02 	 2.022222E+06
1.11480e+01	4.78009e-04 	 9.1 	 1.90373E+04 	 1.062242E+02 	 2.022222E+06
1.11490e+01	4.52576e-04 	 9.1 	 2.010712E+04 	 1.005724E+02 	 2.022222E+06
1.11500e+01	4.49756e-04 	 9.1 	 2.023319E+04 	 9.994578E+01 	 2.022222E+06
1.11510e+01	4.10732e-04 	 9.1 	 2.215557E+04 	 9.127378E+01 	 2.022222E+06
1.11520e+01	4.29780e-04 	 9.1 	 2.117362E+04 	 9.550667E+01 	 2.022222E+06
1.11530e+01	4.39361e-04 	 9.1 	 2.07119E+04 	 9.763578E+01 	 2.022222E+06
1.11540e+01	4.75859e-04 	 9.1 	 1.912331E+04 	 1.057464E+02 	 2.022222E+06
1.11550e+01	4.42715e-04 	 9.1 	 2.055498E+04 	 9.838111E+01 	 2.022222E+06
1.11560e+01	4.53143e-04 	 9.1 	 2.008196E+04 	 1.006984E+02 	 2.022222E+06
1.11570e+01	4.52102e-04 	 9.1 	 2.01282E+04 	 1.004671E+02 	 2.022222E+06
1.11580e+01	4.79569e-04 	 9.1 	 1.897537E+04 	 1.065709E+02 	 2.022222E+06
1.11590e+01	4.63653e-04 	 9.1 	 1.962675E+04 	 1.03034E+02 	 2.022222E+06
1.11600e+01	4.36636e-04 	 9.1 	 2.084116E+04 	 9.703022E+01 	 2.022222E+06
1.11610e+01	4.51787e-04 	 9.1 	 2.014224E+04 	 1.003971E+02 	 2.022222E+06
1.11620e+01	4.61700e-04 	 9.1 	 1.970977E+04 	 1.026E+02 	 2.022222E+06
1.11630e+01	4.72754e-04 	 9.1 	 1.924891E+04 	 1.050564E+02 	 2.022222E+06
1.11640e+01	4.61961e-04 	 9.1 	 1.969863E+04 	 1.02658E+02 	 2.022222E+06
1.11650e+01	4.07602e-04 	 9.1 	 2.23257E+04 	 9.057822E+01 	 2.022222E+06
1.11660e+01	4.40060e-04 	 9.1 	 2.0679E+04 	 9.779111E+01 	 2.022222E+06
1.11670e+01	4.09523e-04 	 9.1 	 2.222097E+04 	 9.100511E+01 	 2.022222E+06
1.11680e+01	4.09951e-04 	 9.1 	 2.219777E+04 	 9.110022E+01 	 2.022222E+06
1.11690e+01	3.83321e-04 	 9.1 	 2.373989E+04 	 8.518244E+01 	 2.022222E+06
1.11700e+01	4.02986e-04 	 9.1 	 2.258143E+04 	 8.955244E+01 	 2.022222E+06
1.11710e+01	3.91547e-04 	 9.1 	 2.324114E+04 	 8.701044E+01 	 2.022222E+06
1.11720e+01	4.83746e-04 	 9.1 	 1.881153E+04 	 1.074991E+02 	 2.022222E+06
1.11730e+01	4.24137e-04 	 9.1 	 2.145533E+04 	 9.425267E+01 	 2.022222E+06
1.11740e+01	4.04856e-04 	 9.1 	 2.247713E+04 	 8.9968E+01 	 2.022222E+06
1.11750e+01	4.03222e-04 	 9.1 	 2.256821E+04 	 8.960489E+01 	 2.022222E+06
1.11760e+01	4.09083e-04 	 9.1 	 2.224487E+04 	 9.090733E+01 	 2.022222E+06
1.11770e+01	3.87930e-04 	 9.1 	 2.345784E+04 	 8.620667E+01 	 2.022222E+06
1.11780e+01	4.00119e-04 	 9.1 	 2.274323E+04 	 8.891533E+01 	 2.022222E+06
1.11790e+01	4.03284e-04 	 9.1 	 2.256474E+04 	 8.961867E+01 	 2.022222E+06
1.11800e+01	4.59418e-04 	 9.1 	 1.980767E+04 	 1.020929E+02 	 2.022222E+06
1.11810e+01	4.53727e-04 	 9.1 	 2.005611E+04 	 1.008282E+02 	 2.022222E+06
1.11820e+01	4.36944e-04 	 9.1 	 2.082647E+04 	 9.709867E+01 	 2.022222E+06
1.11830e+01	3.78786e-04 	 9.1 	 2.402412E+04 	 8.417467E+01 	 2.022222E+06
1.11840e+01	4.31078e-04 	 9.1 	 2.110987E+04 	 9.579511E+01 	 2.022222E+06
1.11850e+01	4.50787e-04 	 9.1 	 2.018692E+04 	 1.001749E+02 	 2.022222E+06
1.11860e+01	4.50393e-04 	 9.1 	 2.020458E+04 	 1.000873E+02 	 2.022222E+06
1.11870e+01	4.68532e-04 	 9.1 	 1.942237E+04 	 1.041182E+02 	 2.022222E+06
1.11880e+01	5.07891e-04 	 9.1 	 1.791723E+04 	 1.128647E+02 	 2.022222E+06
1.11890e+01	4.70088e-04 	 9.1 	 1.935808E+04 	 1.04464E+02 	 2.022222E+06
1.11900e+01	4.88598e-04 	 9.1 	 1.862472E+04 	 1.085773E+02 	 2.022222E+06
1.11910e+01	4.76323e-04 	 9.1 	 1.910468E+04 	 1.058496E+02 	 2.022222E+06
1.11920e+01	4.86221e-04 	 9.1 	 1.871577E+04 	 1.080491E+02 	 2.022222E+06
1.11930e+01	5.05443e-04 	 9.1 	 1.800401E+04 	 1.123207E+02 	 2.022222E+06
1.11940e+01	4.96959e-04 	 9.1 	 1.831137E+04 	 1.104353E+02 	 2.022222E+06
1.11950e+01	5.34105e-04 	 9.1 	 1.703785E+04 	 1.1869E+02 	 2.022222E+06
1.11960e+01	5.10340e-04 	 9.1 	 1.783125E+04 	 1.134089E+02 	 2.022222E+06
1.11970e+01	5.19077e-04 	 9.1 	 1.753112E+04 	 1.153504E+02 	 2.022222E+06
1.11980e+01	5.14425e-04 	 9.1 	 1.768965E+04 	 1.143167E+02 	 2.022222E+06
1.11990e+01	5.28498e-04 	 9.1 	 1.721861E+04 	 1.17444E+02 	 2.022222E+06
1.12000e+01	4.97757e-04 	 9.1 	 1.828201E+04 	 1.106127E+02 	 2.022222E+06
1.12010e+01	4.82243e-04 	 9.1 	 1.887015E+04 	 1.071651E+02 	 2.022222E+06
1.12020e+01	4.60585e-04 	 9.1 	 1.975748E+04 	 1.023522E+02 	 2.022222E+06
1.12030e+01	4.77858e-04 	 9.1 	 1.904331E+04 	 1.061907E+02 	 2.022222E+06
1.12040e+01	4.90620e-04 	 9.1 	 1.854796E+04 	 1.090267E+02 	 2.022222E+06
1.12050e+01	4.53359e-04 	 9.1 	 2.007239E+04 	 1.007464E+02 	 2.022222E+06
1.12060e+01	4.69288e-04 	 9.1 	 1.939108E+04 	 1.042862E+02 	 2.022222E+06
1.12070e+01	4.73877e-04 	 9.1 	 1.92033E+04 	 1.05306E+02 	 2.022222E+06
1.12080e+01	4.37101e-04 	 9.1 	 2.081899E+04 	 9.713356E+01 	 2.022222E+06
1.12090e+01	4.12833e-04 	 9.1 	 2.204281E+04 	 9.174067E+01 	 2.022222E+06
1.12100e+01	4.13668e-04 	 9.1 	 2.199832E+04 	 9.192622E+01 	 2.022222E+06
1.12110e+01	4.32655e-04 	 9.1 	 2.103292E+04 	 9.614556E+01 	 2.022222E+06
1.12120e+01	4.71155e-04 	 9.1 	 1.931424E+04 	 1.047011E+02 	 2.022222E+06
1.12130e+01	4.75703e-04 	 9.1 	 1.912958E+04 	 1.057118E+02 	 2.022222E+06
1.12140e+01	4.40413e-04 	 9.1 	 2.066242E+04 	 9.786956E+01 	 2.022222E+06
1.12150e+01	4.77215e-04 	 9.1 	 1.906897E+04 	 1.060478E+02 	 2.022222E+06
1.12160e+01	5.26697e-04 	 9.1 	 1.727749E+04 	 1.170438E+02 	 2.022222E+06
1.12170e+01	4.86339e-04 	 9.1 	 1.871123E+04 	 1.080753E+02 	 2.022222E+06
1.12180e+01	5.51238e-04 	 9.1 	 1.65083E+04 	 1.224973E+02 	 2.022222E+06
1.12190e+01	4.73676e-04 	 9.1 	 1.921144E+04 	 1.052613E+02 	 2.022222E+06
1.12200e+01	4.73200e-04 	 9.1 	 1.923077E+04 	 1.051556E+02 	 2.022222E+06
1.12210e+01	5.10815e-04 	 9.1 	 1.781467E+04 	 1.135144E+02 	 2.022222E+06
1.12220e+01	5.00071e-04 	 9.1 	 1.819742E+04 	 1.111269E+02 	 2.022222E+06
1.12230e+01	4.96746e-04 	 9.1 	 1.831922E+04 	 1.10388E+02 	 2.022222E+06
1.12240e+01	5.39170e-04 	 9.1 	 1.687779E+04 	 1.198156E+02 	 2.022222E+06
1.12250e+01	5.01765e-04 	 9.1 	 1.813598E+04 	 1.115033E+02 	 2.022222E+06
1.12260e+01	4.86617e-04 	 9.1 	 1.870054E+04 	 1.081371E+02 	 2.022222E+06
1.12270e+01	5.28145e-04 	 9.1 	 1.723012E+04 	 1.173656E+02 	 2.022222E+06
1.12280e+01	5.44953e-04 	 9.1 	 1.669869E+04 	 1.211007E+02 	 2.022222E+06
1.12290e+01	5.68597e-04 	 9.1 	 1.600431E+04 	 1.263549E+02 	 2.022222E+06
1.12300e+01	5.63843e-04 	 9.1 	 1.613924E+04 	 1.252984E+02 	 2.022222E+06
1.12310e+01	5.32351e-04 	 9.1 	 1.709398E+04 	 1.183002E+02 	 2.022222E+06
1.12320e+01	5.43747e-04 	 9.1 	 1.673572E+04 	 1.208327E+02 	 2.022222E+06
1.12330e+01	5.01216e-04 	 9.1 	 1.815584E+04 	 1.113813E+02 	 2.022222E+06
1.12340e+01	5.18317e-04 	 9.1 	 1.755682E+04 	 1.151816E+02 	 2.022222E+06
1.12350e+01	4.91031e-04 	 9.1 	 1.853243E+04 	 1.09118E+02 	 2.022222E+06
1.12360e+01	5.10119e-04 	 9.1 	 1.783897E+04 	 1.133598E+02 	 2.022222E+06
1.12370e+01	5.05147e-04 	 9.1 	 1.801456E+04 	 1.122549E+02 	 2.022222E+06
1.12380e+01	5.06279e-04 	 9.1 	 1.797428E+04 	 1.125064E+02 	 2.022222E+06
1.12390e+01	5.63290e-04 	 9.1 	 1.615509E+04 	 1.251756E+02 	 2.022222E+06
1.12400e+01	5.77017e-04 	 9.1 	 1.577077E+04 	 1.28226E+02 	 2.022222E+06
1.12410e+01	6.10873e-04 	 9.1 	 1.489671E+04 	 1.357496E+02 	 2.022222E+06
1.12420e+01	5.62231e-04 	 9.1 	 1.618552E+04 	 1.249402E+02 	 2.022222E+06
1.12430e+01	5.89709e-04 	 9.1 	 1.543134E+04 	 1.310464E+02 	 2.022222E+06
1.12440e+01	5.52647e-04 	 9.1 	 1.646621E+04 	 1.228104E+02 	 2.022222E+06
1.12450e+01	5.60971e-04 	 9.1 	 1.622187E+04 	 1.246602E+02 	 2.022222E+06
1.12460e+01	5.43971e-04 	 9.1 	 1.672883E+04 	 1.208824E+02 	 2.022222E+06
1.12470e+01	5.57773e-04 	 9.1 	 1.631488E+04 	 1.239496E+02 	 2.022222E+06
1.12480e+01	5.79828e-04 	 9.1 	 1.569431E+04 	 1.288507E+02 	 2.022222E+06
1.12490e+01	5.98811e-04 	 9.1 	 1.519678E+04 	 1.330691E+02 	 2.022222E+06
1.12500e+01	5.60593e-04 	 9.1 	 1.623281E+04 	 1.245762E+02 	 2.022222E+06
1.12510e+01	5.66792e-04 	 9.1 	 1.605527E+04 	 1.259538E+02 	 2.022222E+06
1.12520e+01	5.48226e-04 	 9.1 	 1.659899E+04 	 1.21828E+02 	 2.022222E+06
1.12530e+01	5.80212e-04 	 9.1 	 1.568392E+04 	 1.28936E+02 	 2.022222E+06
1.12540e+01	5.23422e-04 	 9.1 	 1.738559E+04 	 1.16316E+02 	 2.022222E+06
1.12550e+01	4.92263e-04 	 9.1 	 1.848605E+04 	 1.093918E+02 	 2.022222E+06
1.12560e+01	4.97893e-04 	 9.1 	 1.827702E+04 	 1.106429E+02 	 2.022222E+06
1.12570e+01	5.04525e-04 	 9.1 	 1.803677E+04 	 1.121167E+02 	 2.022222E+06
1.12580e+01	4.77598e-04 	 9.1 	 1.905368E+04 	 1.061329E+02 	 2.022222E+06
1.12590e+01	5.16286e-04 	 9.1 	 1.762589E+04 	 1.147302E+02 	 2.022222E+06
1.12600e+01	4.90252e-04 	 9.1 	 1.856188E+04 	 1.089449E+02 	 2.022222E+06
1.12610e+01	4.91903e-04 	 9.1 	 1.849958E+04 	 1.093118E+02 	 2.022222E+06
1.12620e+01	4.89780e-04 	 9.1 	 1.857977E+04 	 1.0884E+02 	 2.022222E+06
1.12630e+01	5.42933e-04 	 9.1 	 1.676082E+04 	 1.206518E+02 	 2.022222E+06
1.12640e+01	5.19037e-04 	 9.1 	 1.753247E+04 	 1.153416E+02 	 2.022222E+06
1.12650e+01	5.32447e-04 	 9.1 	 1.70909E+04 	 1.183216E+02 	 2.022222E+06
1.12660e+01	5.12623e-04 	 9.1 	 1.775184E+04 	 1.139162E+02 	 2.022222E+06
1.12670e+01	5.32251e-04 	 9.1 	 1.70972E+04 	 1.18278E+02 	 2.022222E+06
1.12680e+01	5.51711e-04 	 9.1 	 1.649414E+04 	 1.226024E+02 	 2.022222E+06
1.12690e+01	5.37710e-04 	 9.1 	 1.692362E+04 	 1.194911E+02 	 2.022222E+06
1.12700e+01	5.16122e-04 	 9.1 	 1.763149E+04 	 1.146938E+02 	 2.022222E+06
1.12710e+01	4.99375e-04 	 9.1 	 1.822278E+04 	 1.109722E+02 	 2.022222E+06
1.12720e+01	5.40264e-04 	 9.1 	 1.684362E+04 	 1.200587E+02 	 2.022222E+06
1.12730e+01	5.13622e-04 	 9.1 	 1.771731E+04 	 1.141382E+02 	 2.022222E+06
1.12740e+01	5.03119e-04 	 9.1 	 1.808717E+04 	 1.118042E+02 	 2.022222E+06
1.12750e+01	5.20643e-04 	 9.1 	 1.747839E+04 	 1.156984E+02 	 2.022222E+06
1.12760e+01	5.28247e-04 	 9.1 	 1.722679E+04 	 1.173882E+02 	 2.022222E+06
1.12770e+01	5.06847e-04 	 9.1 	 1.795414E+04 	 1.126327E+02 	 2.022222E+06
1.12780e+01	5.40000e-04 	 9.1 	 1.685185E+04 	 1.2E+02 	 2.022222E+06
1.12790e+01	5.92207e-04 	 9.1 	 1.536625E+04 	 1.316016E+02 	 2.022222E+06
1.12800e+01	5.41684e-04 	 9.1 	 1.679946E+04 	 1.203742E+02 	 2.022222E+06
1.12810e+01	5.61025e-04 	 9.1 	 1.622031E+04 	 1.246722E+02 	 2.022222E+06
1.12820e+01	5.23732e-04 	 9.1 	 1.73753E+04 	 1.163849E+02 	 2.022222E+06
1.12830e+01	5.64324e-04 	 9.1 	 1.612549E+04 	 1.254053E+02 	 2.022222E+06
1.12840e+01	5.63427e-04 	 9.1 	 1.615116E+04 	 1.25206E+02 	 2.022222E+06
1.12850e+01	5.67518e-04 	 9.1 	 1.603473E+04 	 1.261151E+02 	 2.022222E+06
1.12860e+01	5.60043e-04 	 9.1 	 1.624875E+04 	 1.24454E+02 	 2.022222E+06
1.12870e+01	5.49612e-04 	 9.1 	 1.655713E+04 	 1.22136E+02 	 2.022222E+06
1.12880e+01	4.88475e-04 	 9.1 	 1.862941E+04 	 1.0855E+02 	 2.022222E+06
1.12890e+01	5.18681e-04 	 9.1 	 1.75445E+04 	 1.152624E+02 	 2.022222E+06
1.12900e+01	4.93617e-04 	 9.1 	 1.843535E+04 	 1.096927E+02 	 2.022222E+06
1.12910e+01	5.15760e-04 	 9.1 	 1.764387E+04 	 1.146133E+02 	 2.022222E+06
1.12920e+01	5.38416e-04 	 9.1 	 1.690143E+04 	 1.19648E+02 	 2.022222E+06
1.12930e+01	5.65983e-04 	 9.1 	 1.607822E+04 	 1.25774E+02 	 2.022222E+06
1.12940e+01	5.96450e-04 	 9.1 	 1.525694E+04 	 1.325444E+02 	 2.022222E+06
1.12950e+01	5.87329e-04 	 9.1 	 1.549387E+04 	 1.305176E+02 	 2.022222E+06
1.12960e+01	6.16496e-04 	 9.1 	 1.476084E+04 	 1.369991E+02 	 2.022222E+06
1.12970e+01	6.16570e-04 	 9.1 	 1.475907E+04 	 1.370156E+02 	 2.022222E+06
1.12980e+01	5.83448e-04 	 9.1 	 1.559693E+04 	 1.296551E+02 	 2.022222E+06
1.12990e+01	6.14785e-04 	 9.1 	 1.480192E+04 	 1.366189E+02 	 2.022222E+06
1.13000e+01	6.03355e-04 	 9.1 	 1.508233E+04 	 1.340789E+02 	 2.022222E+06
1.13010e+01	5.92304e-04 	 9.1 	 1.536373E+04 	 1.316231E+02 	 2.022222E+06
1.13020e+01	5.74315e-04 	 9.1 	 1.584496E+04 	 1.276256E+02 	 2.022222E+06
1.13030e+01	6.01725e-04 	 9.1 	 1.512319E+04 	 1.337167E+02 	 2.022222E+06
1.13040e+01	5.54223e-04 	 9.1 	 1.641938E+04 	 1.231607E+02 	 2.022222E+06
1.13050e+01	5.85084e-04 	 9.1 	 1.555332E+04 	 1.300187E+02 	 2.022222E+06
1.13060e+01	5.74566e-04 	 9.1 	 1.583804E+04 	 1.276813E+02 	 2.022222E+06
1.13070e+01	6.05574e-04 	 9.1 	 1.502707E+04 	 1.34572E+02 	 2.022222E+06
1.13080e+01	6.11066e-04 	 9.1 	 1.489201E+04 	 1.357924E+02 	 2.022222E+06
1.13090e+01	5.56408e-04 	 9.1 	 1.635491E+04 	 1.236462E+02 	 2.022222E+06
1.13100e+01	5.23568e-04 	 9.1 	 1.738074E+04 	 1.163484E+02 	 2.022222E+06
1.13110e+01	5.41203e-04 	 9.1 	 1.681439E+04 	 1.202673E+02 	 2.022222E+06
1.13120e+01	5.35008e-04 	 9.1 	 1.700909E+04 	 1.188907E+02 	 2.022222E+06
1.13130e+01	5.66608e-04 	 9.1 	 1.606049E+04 	 1.259129E+02 	 2.022222E+06
1.13140e+01	5.38183e-04 	 9.1 	 1.690875E+04 	 1.195962E+02 	 2.022222E+06
1.13150e+01	5.66878e-04 	 9.1 	 1.605284E+04 	 1.259729E+02 	 2.022222E+06
1.13160e+01	6.00840e-04 	 9.1 	 1.514546E+04 	 1.3352E+02 	 2.022222E+06
1.13170e+01	5.95749e-04 	 9.1 	 1.527489E+04 	 1.323887E+02 	 2.022222E+06
1.13180e+01	6.07482e-04 	 9.1 	 1.497987E+04 	 1.34996E+02 	 2.022222E+06
1.13190e+01	5.91039e-04 	 9.1 	 1.539662E+04 	 1.31342E+02 	 2.022222E+06
1.13200e+01	5.80169e-04 	 9.1 	 1.568508E+04 	 1.289264E+02 	 2.022222E+06
1.13210e+01	6.07238e-04 	 9.1 	 1.498589E+04 	 1.349418E+02 	 2.022222E+06
1.13220e+01	6.39950e-04 	 9.1 	 1.421986E+04 	 1.422111E+02 	 2.022222E+06
1.13230e+01	6.24762e-04 	 9.1 	 1.456555E+04 	 1.38836E+02 	 2.022222E+06
1.13240e+01	6.13105e-04 	 9.1 	 1.484248E+04 	 1.362456E+02 	 2.022222E+06
1.13250e+01	6.39810e-04 	 9.1 	 1.422297E+04 	 1.4218E+02 	 2.022222E+06
1.13260e+01	6.53976e-04 	 9.1 	 1.391488E+04 	 1.45328E+02 	 2.022222E+06
1.13270e+01	6.26101e-04 	 9.1 	 1.45344E+04 	 1.391336E+02 	 2.022222E+06
1.13280e+01	6.28684e-04 	 9.1 	 1.447468E+04 	 1.397076E+02 	 2.022222E+06
1.13290e+01	6.09428e-04 	 9.1 	 1.493203E+04 	 1.354284E+02 	 2.022222E+06
1.13300e+01	6.64756e-04 	 9.1 	 1.368923E+04 	 1.477236E+02 	 2.022222E+06
1.13310e+01	6.51080e-04 	 9.1 	 1.397678E+04 	 1.446844E+02 	 2.022222E+06
1.13320e+01	6.10336e-04 	 9.1 	 1.490982E+04 	 1.356302E+02 	 2.022222E+06
1.13330e+01	5.99002e-04 	 9.1 	 1.519194E+04 	 1.331116E+02 	 2.022222E+06
1.13340e+01	6.44862e-04 	 9.1 	 1.411155E+04 	 1.433027E+02 	 2.022222E+06
1.13350e+01	6.18967e-04 	 9.1 	 1.470191E+04 	 1.375482E+02 	 2.022222E+06
1.13360e+01	6.26862e-04 	 9.1 	 1.451675E+04 	 1.393027E+02 	 2.022222E+06
1.13370e+01	6.02020e-04 	 9.1 	 1.511578E+04 	 1.337822E+02 	 2.022222E+06
1.13380e+01	5.84868e-04 	 9.1 	 1.555907E+04 	 1.299707E+02 	 2.022222E+06
1.13390e+01	5.83972e-04 	 9.1 	 1.558294E+04 	 1.297716E+02 	 2.022222E+06
1.13400e+01	5.46153e-04 	 9.1 	 1.6662E+04 	 1.213673E+02 	 2.022222E+06
1.13410e+01	5.74566e-04 	 9.1 	 1.583804E+04 	 1.276813E+02 	 2.022222E+06
1.13420e+01	5.91703e-04 	 9.1 	 1.537934E+04 	 1.314896E+02 	 2.022222E+06
1.13430e+01	5.94938e-04 	 9.1 	 1.529571E+04 	 1.322084E+02 	 2.022222E+06
1.13440e+01	6.02089e-04 	 9.1 	 1.511404E+04 	 1.337976E+02 	 2.022222E+06
1.13450e+01	6.09000e-04 	 9.1 	 1.494253E+04 	 1.353333E+02 	 2.022222E+06
1.13460e+01	6.22213e-04 	 9.1 	 1.462522E+04 	 1.382696E+02 	 2.022222E+06
1.13470e+01	6.22438e-04 	 9.1 	 1.461993E+04 	 1.383196E+02 	 2.022222E+06
1.13480e+01	6.95930e-04 	 9.1 	 1.307603E+04 	 1.546511E+02 	 2.022222E+06
1.13490e+01	7.68723e-04 	 9.1 	 1.183781E+04 	 1.708273E+02 	 2.022222E+06
1.13500e+01	6.78362e-04 	 9.1 	 1.341467E+04 	 1.507471E+02 	 2.022222E+06
1.13510e+01	6.67985e-04 	 9.1 	 1.362306E+04 	 1.484411E+02 	 2.022222E+06
1.13520e+01	6.86805e-04 	 9.1 	 1.324976E+04 	 1.526233E+02 	 2.022222E+06
1.13530e+01	6.79744e-04 	 9.1 	 1.338739E+04 	 1.510542E+02 	 2.022222E+06
1.13540e+01	6.80941e-04 	 9.1 	 1.336386E+04 	 1.513202E+02 	 2.022222E+06
1.13550e+01	7.11515e-04 	 9.1 	 1.278961E+04 	 1.581144E+02 	 2.022222E+06
1.13560e+01	7.20896e-04 	 9.1 	 1.262318E+04 	 1.601991E+02 	 2.022222E+06
1.13570e+01	6.84374e-04 	 9.1 	 1.329682E+04 	 1.520831E+02 	 2.022222E+06
1.13580e+01	6.91768e-04 	 9.1 	 1.31547E+04 	 1.537262E+02 	 2.022222E+06
1.13590e+01	7.21956e-04 	 9.1 	 1.260465E+04 	 1.604347E+02 	 2.022222E+06
1.13600e+01	7.20249e-04 	 9.1 	 1.263452E+04 	 1.600553E+02 	 2.022222E+06
1.13610e+01	7.18012e-04 	 9.1 	 1.267388E+04 	 1.595582E+02 	 2.022222E+06
1.13620e+01	7.01847e-04 	 9.1 	 1.296579E+04 	 1.55966E+02 	 2.022222E+06
1.13630e+01	6.67673e-04 	 9.1 	 1.362943E+04 	 1.483718E+02 	 2.022222E+06
1.13640e+01	6.64497e-04 	 9.1 	 1.369457E+04 	 1.47666E+02 	 2.022222E+06
1.13650e+01	6.31264e-04 	 9.1 	 1.441552E+04 	 1.402809E+02 	 2.022222E+06
1.13660e+01	6.43037e-04 	 9.1 	 1.41516E+04 	 1.428971E+02 	 2.022222E+06
1.13670e+01	6.33296e-04 	 9.1 	 1.436927E+04 	 1.407324E+02 	 2.022222E+06
1.13680e+01	6.70880e-04 	 9.1 	 1.356427E+04 	 1.490844E+02 	 2.022222E+06
1.13690e+01	7.00705e-04 	 9.1 	 1.298692E+04 	 1.557122E+02 	 2.022222E+06
1.13700e+01	6.90118e-04 	 9.1 	 1.318615E+04 	 1.533596E+02 	 2.022222E+06
1.13710e+01	6.86506e-04 	 9.1 	 1.325553E+04 	 1.525569E+02 	 2.022222E+06
1.13720e+01	6.90955e-04 	 9.1 	 1.317018E+04 	 1.535456E+02 	 2.022222E+06
1.13730e+01	6.58262e-04 	 9.1 	 1.382428E+04 	 1.462804E+02 	 2.022222E+06
1.13740e+01	6.73064e-04 	 9.1 	 1.352026E+04 	 1.495698E+02 	 2.022222E+06
1.13750e+01	6.56736e-04 	 9.1 	 1.385641E+04 	 1.459413E+02 	 2.022222E+06
1.13760e+01	5.97586e-04 	 9.1 	 1.522793E+04 	 1.327969E+02 	 2.022222E+06
1.13770e+01	6.21986e-04 	 9.1 	 1.463055E+04 	 1.382191E+02 	 2.022222E+06
1.13780e+01	6.26023e-04 	 9.1 	 1.453621E+04 	 1.391162E+02 	 2.022222E+06
1.13790e+01	5.66740e-04 	 9.1 	 1.605675E+04 	 1.259422E+02 	 2.022222E+06
1.13800e+01	6.36929e-04 	 9.1 	 1.428731E+04 	 1.415398E+02 	 2.022222E+06
1.13810e+01	6.68680e-04 	 9.1 	 1.36089E+04 	 1.485956E+02 	 2.022222E+06
1.13820e+01	6.44313e-04 	 9.1 	 1.412357E+04 	 1.431807E+02 	 2.022222E+06
1.13830e+01	6.17817e-04 	 9.1 	 1.472928E+04 	 1.372927E+02 	 2.022222E+06
1.13840e+01	5.43036e-04 	 9.1 	 1.675764E+04 	 1.206747E+02 	 2.022222E+06
1.13850e+01	5.37272e-04 	 9.1 	 1.693742E+04 	 1.193938E+02 	 2.022222E+06
1.13860e+01	5.52778e-04 	 9.1 	 1.64623E+04 	 1.228396E+02 	 2.022222E+06
1.13870e+01	5.93872e-04 	 9.1 	 1.532317E+04 	 1.319716E+02 	 2.022222E+06
1.13880e+01	6.07966e-04 	 9.1 	 1.496794E+04 	 1.351036E+02 	 2.022222E+06
1.13890e+01	6.21219e-04 	 9.1 	 1.464862E+04 	 1.380487E+02 	 2.022222E+06
1.13900e+01	6.11157e-04 	 9.1 	 1.488979E+04 	 1.358127E+02 	 2.022222E+06
1.13910e+01	6.28100e-04 	 9.1 	 1.448814E+04 	 1.395778E+02 	 2.022222E+06
1.13920e+01	6.81720e-04 	 9.1 	 1.334859E+04 	 1.514933E+02 	 2.022222E+06
1.13930e+01	6.14337e-04 	 9.1 	 1.481272E+04 	 1.365193E+02 	 2.022222E+06
1.13940e+01	6.64136e-04 	 9.1 	 1.370201E+04 	 1.475858E+02 	 2.022222E+06
1.13950e+01	6.51616e-04 	 9.1 	 1.396528E+04 	 1.448036E+02 	 2.022222E+06
1.13960e+01	6.20257e-04 	 9.1 	 1.467134E+04 	 1.378349E+02 	 2.022222E+06
1.13970e+01	6.26804e-04 	 9.1 	 1.451809E+04 	 1.392898E+02 	 2.022222E+06
1.13980e+01	6.06459e-04 	 9.1 	 1.500514E+04 	 1.347687E+02 	 2.022222E+06
1.13990e+01	6.47433e-04 	 9.1 	 1.405551E+04 	 1.43874E+02 	 2.022222E+06
1.14000e+01	6.24256e-04 	 9.1 	 1.457735E+04 	 1.387236E+02 	 2.022222E+06
1.14010e+01	6.32962e-04 	 9.1 	 1.437685E+04 	 1.406582E+02 	 2.022222E+06
1.14020e+01	5.91670e-04 	 9.1 	 1.53802E+04 	 1.314822E+02 	 2.022222E+06
1.14030e+01	6.18158e-04 	 9.1 	 1.472116E+04 	 1.373684E+02 	 2.022222E+06
1.14040e+01	6.23744e-04 	 9.1 	 1.458932E+04 	 1.386098E+02 	 2.022222E+06
1.14050e+01	6.27545e-04 	 9.1 	 1.450095E+04 	 1.394544E+02 	 2.022222E+06
1.14060e+01	6.12621e-04 	 9.1 	 1.485421E+04 	 1.36138E+02 	 2.022222E+06
1.14070e+01	6.33915e-04 	 9.1 	 1.435524E+04 	 1.4087E+02 	 2.022222E+06
1.14080e+01	6.44074e-04 	 9.1 	 1.412881E+04 	 1.431276E+02 	 2.022222E+06
1.14090e+01	6.42181e-04 	 9.1 	 1.417046E+04 	 1.427069E+02 	 2.022222E+06
1.14100e+01	5.93373e-04 	 9.1 	 1.533605E+04 	 1.318607E+02 	 2.022222E+06
1.14110e+01	6.07022e-04 	 9.1 	 1.499122E+04 	 1.348938E+02 	 2.022222E+06
1.14120e+01	6.16766e-04 	 9.1 	 1.475438E+04 	 1.370591E+02 	 2.022222E+06
1.14130e+01	5.87680e-04 	 9.1 	 1.548462E+04 	 1.305956E+02 	 2.022222E+06
1.14140e+01	5.91345e-04 	 9.1 	 1.538865E+04 	 1.3141E+02 	 2.022222E+06
1.14150e+01	6.03957e-04 	 9.1 	 1.50673E+04 	 1.342127E+02 	 2.022222E+06
1.14160e+01	6.24831e-04 	 9.1 	 1.456394E+04 	 1.388513E+02 	 2.022222E+06
1.14170e+01	6.22500e-04 	 9.1 	 1.461847E+04 	 1.383333E+02 	 2.022222E+06
1.14180e+01	6.01037e-04 	 9.1 	 1.51405E+04 	 1.335638E+02 	 2.022222E+06
1.14190e+01	6.05726e-04 	 9.1 	 1.502329E+04 	 1.346058E+02 	 2.022222E+06
1.14200e+01	5.96385e-04 	 9.1 	 1.52586E+04 	 1.3253E+02 	 2.022222E+06
1.14210e+01	6.06788e-04 	 9.1 	 1.4997E+04 	 1.348418E+02 	 2.022222E+06
1.14220e+01	5.74642e-04 	 9.1 	 1.583595E+04 	 1.276982E+02 	 2.022222E+06
1.14230e+01	5.32339e-04 	 9.1 	 1.709437E+04 	 1.182976E+02 	 2.022222E+06
1.14240e+01	6.30232e-04 	 9.1 	 1.443913E+04 	 1.400516E+02 	 2.022222E+06
1.14250e+01	6.40720e-04 	 9.1 	 1.420277E+04 	 1.423822E+02 	 2.022222E+06
1.14260e+01	6.50810e-04 	 9.1 	 1.398258E+04 	 1.446244E+02 	 2.022222E+06
1.14270e+01	6.56570e-04 	 9.1 	 1.385991E+04 	 1.459044E+02 	 2.022222E+06
1.14280e+01	6.55990e-04 	 9.1 	 1.387216E+04 	 1.457756E+02 	 2.022222E+06
1.14290e+01	6.77353e-04 	 9.1 	 1.343465E+04 	 1.505229E+02 	 2.022222E+06
1.14300e+01	6.78218e-04 	 9.1 	 1.341751E+04 	 1.507151E+02 	 2.022222E+06
1.14310e+01	5.73166e-04 	 9.1 	 1.587673E+04 	 1.273702E+02 	 2.022222E+06
1.14320e+01	5.94340e-04 	 9.1 	 1.53111E+04 	 1.320756E+02 	 2.022222E+06
1.14330e+01	5.72526e-04 	 9.1 	 1.589447E+04 	 1.27228E+02 	 2.022222E+06
1.14340e+01	5.91126e-04 	 9.1 	 1.539435E+04 	 1.313613E+02 	 2.022222E+06
1.14350e+01	6.02059e-04 	 9.1 	 1.51148E+04 	 1.337909E+02 	 2.022222E+06
1.14360e+01	6.33290e-04 	 9.1 	 1.43694E+04 	 1.407311E+02 	 2.022222E+06
1.14370e+01	6.48648e-04 	 9.1 	 1.402918E+04 	 1.44144E+02 	 2.022222E+06
1.14380e+01	6.42015e-04 	 9.1 	 1.417412E+04 	 1.4267E+02 	 2.022222E+06
1.14390e+01	6.95311e-04 	 9.1 	 1.308767E+04 	 1.545136E+02 	 2.022222E+06
1.14400e+01	6.71981e-04 	 9.1 	 1.354205E+04 	 1.493291E+02 	 2.022222E+06
1.14410e+01	6.41202e-04 	 9.1 	 1.41921E+04 	 1.424893E+02 	 2.022222E+06
1.14420e+01	6.18176e-04 	 9.1 	 1.472073E+04 	 1.373724E+02 	 2.022222E+06
1.14430e+01	6.43046e-04 	 9.1 	 1.41514E+04 	 1.428991E+02 	 2.022222E+06
1.14440e+01	6.79749e-04 	 9.1 	 1.338729E+04 	 1.510553E+02 	 2.022222E+06
1.14450e+01	6.48768e-04 	 9.1 	 1.402659E+04 	 1.441707E+02 	 2.022222E+06
1.14460e+01	6.73510e-04 	 9.1 	 1.351131E+04 	 1.496689E+02 	 2.022222E+06
1.14470e+01	6.87439e-04 	 9.1 	 1.323754E+04 	 1.527642E+02 	 2.022222E+06
1.14480e+01	6.47818e-04 	 9.1 	 1.404716E+04 	 1.439596E+02 	 2.022222E+06
1.14490e+01	6.50097e-04 	 9.1 	 1.399791E+04 	 1.44466E+02 	 2.022222E+06
1.14500e+01	7.45872e-04 	 9.1 	 1.220048E+04 	 1.657493E+02 	 2.022222E+06
1.14510e+01	6.42300e-04 	 9.1 	 1.416783E+04 	 1.427333E+02 	 2.022222E+06
1.14520e+01	6.49032e-04 	 9.1 	 1.402088E+04 	 1.442293E+02 	 2.022222E+06
1.14530e+01	6.14037e-04 	 9.1 	 1.481995E+04 	 1.364527E+02 	 2.022222E+06
1.14540e+01	6.07666e-04 	 9.1 	 1.497533E+04 	 1.350369E+02 	 2.022222E+06
1.14550e+01	5.98935e-04 	 9.1 	 1.519364E+04 	 1.330967E+02 	 2.022222E+06
1.14560e+01	6.08638e-04 	 9.1 	 1.495142E+04 	 1.352529E+02 	 2.022222E+06
1.14570e+01	6.08533e-04 	 9.1 	 1.4954E+04 	 1.352296E+02 	 2.022222E+06
1.14580e+01	5.90995e-04 	 9.1 	 1.539776E+04 	 1.313322E+02 	 2.022222E+06
1.14590e+01	5.86652e-04 	 9.1 	 1.551175E+04 	 1.303671E+02 	 2.022222E+06
1.14600e+01	6.21045e-04 	 9.1 	 1.465272E+04 	 1.3801E+02 	 2.022222E+06
1.14610e+01	5.89597e-04 	 9.1 	 1.543427E+04 	 1.310216E+02 	 2.022222E+06
1.14620e+01	6.07593e-04 	 9.1 	 1.497713E+04 	 1.350207E+02 	 2.022222E+06
1.14630e+01	6.25471e-04 	 9.1 	 1.454904E+04 	 1.389936E+02 	 2.022222E+06
1.14640e+01	6.28425e-04 	 9.1 	 1.448065E+04 	 1.3965E+02 	 2.022222E+06
1.14650e+01	6.46765e-04 	 9.1 	 1.407003E+04 	 1.437256E+02 	 2.022222E+06
1.14660e+01	6.37290e-04 	 9.1 	 1.427921E+04 	 1.4162E+02 	 2.022222E+06
1.14670e+01	6.25475e-04 	 9.1 	 1.454894E+04 	 1.389944E+02 	 2.022222E+06
1.14680e+01	6.32445e-04 	 9.1 	 1.43886E+04 	 1.405433E+02 	 2.022222E+06
1.14690e+01	6.64178e-04 	 9.1 	 1.370115E+04 	 1.475951E+02 	 2.022222E+06
1.14700e+01	6.62753e-04 	 9.1 	 1.373061E+04 	 1.472784E+02 	 2.022222E+06
1.14710e+01	6.77320e-04 	 9.1 	 1.34353E+04 	 1.505156E+02 	 2.022222E+06
1.14720e+01	6.06247e-04 	 9.1 	 1.501038E+04 	 1.347216E+02 	 2.022222E+06
1.14730e+01	6.41604e-04 	 9.1 	 1.41832E+04 	 1.425787E+02 	 2.022222E+06
1.14740e+01	6.72128e-04 	 9.1 	 1.353909E+04 	 1.493618E+02 	 2.022222E+06
1.14750e+01	7.08751e-04 	 9.1 	 1.283949E+04 	 1.575002E+02 	 2.022222E+06
1.14760e+01	7.02015e-04 	 9.1 	 1.296269E+04 	 1.560033E+02 	 2.022222E+06
1.14770e+01	7.09562e-04 	 9.1 	 1.282481E+04 	 1.576804E+02 	 2.022222E+06
1.14780e+01	6.81805e-04 	 9.1 	 1.334692E+04 	 1.515122E+02 	 2.022222E+06
1.14790e+01	6.58169e-04 	 9.1 	 1.382624E+04 	 1.462598E+02 	 2.022222E+06
1.14800e+01	6.68474e-04 	 9.1 	 1.361309E+04 	 1.485498E+02 	 2.022222E+06
1.14810e+01	6.44413e-04 	 9.1 	 1.412138E+04 	 1.432029E+02 	 2.022222E+06
1.14820e+01	6.25016e-04 	 9.1 	 1.455963E+04 	 1.388924E+02 	 2.022222E+06
1.14830e+01	6.16421e-04 	 9.1 	 1.476264E+04 	 1.369824E+02 	 2.022222E+06
1.14840e+01	6.60911e-04 	 9.1 	 1.376887E+04 	 1.468691E+02 	 2.022222E+06
1.14850e+01	6.49684e-04 	 9.1 	 1.400681E+04 	 1.443742E+02 	 2.022222E+06
1.14860e+01	7.00779e-04 	 9.1 	 1.298555E+04 	 1.557287E+02 	 2.022222E+06
1.14870e+01	6.85947e-04 	 9.1 	 1.326633E+04 	 1.524327E+02 	 2.022222E+06
1.14880e+01	6.74207e-04 	 9.1 	 1.349734E+04 	 1.498238E+02 	 2.022222E+06
1.14890e+01	6.46927e-04 	 9.1 	 1.40665E+04 	 1.437616E+02 	 2.022222E+06
1.14900e+01	6.32621e-04 	 9.1 	 1.43846E+04 	 1.405824E+02 	 2.022222E+06
1.14910e+01	6.43877e-04 	 9.1 	 1.413313E+04 	 1.430838E+02 	 2.022222E+06
1.14920e+01	6.47404e-04 	 9.1 	 1.405614E+04 	 1.438676E+02 	 2.022222E+06
1.14930e+01	6.55099e-04 	 9.1 	 1.389103E+04 	 1.455776E+02 	 2.022222E+06
DATA: /home/user/PycharmProjects/OFET_K2636B_2019.10.15/data/OLED_00_oled_088.txt
