V(__) I(__) lux CurrC oeff. CurrA/m^-2. lux/m^-1
2.50000e-01 9.99961e-02 0 0E+00 2.222136E+04 0E+00 
5.00000e-01 9.99964e-02 0 0E+00 2.222142E+04 0E+00 
7.50000e-01 9.99966e-02 0 0E+00 2.222147E+04 0E+00 
1.00000e+00 9.99966e-02 0 0E+00 2.222147E+04 0E+00 
1.25000e+00 9.99967e-02 0 0E+00 2.222149E+04 0E+00 
1.50000e+00 9.99969e-02 0 0E+00 2.222153E+04 0E+00 
1.75000e+00 9.99968e-02 0 0E+00 2.222151E+04 0E+00 
2.00000e+00 9.99969e-02 0 0E+00 2.222153E+04 0E+00 
2.25000e+00 9.99966e-02 0 0E+00 2.222147E+04 0E+00 
2.50000e+00 9.99970e-02 0 0E+00 2.222156E+04 0E+00 
2.75000e+00 9.99968e-02 0 0E+00 2.222151E+04 0E+00 
3.00000e+00 9.99968e-02 0 0E+00 2.222151E+04 0E+00 
3.25000e+00 9.99967e-02 0 0E+00 2.222149E+04 0E+00 
3.50000e+00 9.99970e-02 0 0E+00 2.222156E+04 0E+00 
3.75000e+00 9.99965e-02 0 0E+00 2.222144E+04 0E+00 
4.00000e+00 9.99966e-02 0 0E+00 2.222147E+04 0E+00 
4.25000e+00 9.99964e-02 0 0E+00 2.222142E+04 0E+00 
4.50000e+00 9.99964e-02 0 0E+00 2.222142E+04 0E+00 
4.75000e+00 9.99962e-02 0 0E+00 2.222138E+04 0E+00 
5.00000e+00 9.99964e-02 0 0E+00 2.222142E+04 0E+00 
5.25000e+00 9.99965e-02 0 0E+00 2.222144E+04 0E+00 
5.50000e+00 9.99963e-02 0 0E+00 2.22214E+04 0E+00 
5.75000e+00 9.99964e-02 0 0E+00 2.222142E+04 0E+00 
6.00000e+00 9.99967e-02 0 0E+00 2.222149E+04 0E+00 
6.25000e+00 9.99966e-02 0 0E+00 2.222147E+04 0E+00 
6.50000e+00 9.99967e-02 0 0E+00 2.222149E+04 0E+00 
6.75000e+00 9.99965e-02 0 0E+00 2.222144E+04 0E+00 
7.00000e+00 9.99966e-02 0 0E+00 2.222147E+04 0E+00 
7.25000e+00 9.99966e-02 0 0E+00 2.222147E+04 0E+00 
7.50000e+00 9.99967e-02 0 0E+00 2.222149E+04 0E+00 
7.75000e+00 9.99967e-02 0 0E+00 2.222149E+04 0E+00 
8.00000e+00 9.99969e-02 0 0E+00 2.222153E+04 0E+00 
8.25000e+00 9.99969e-02 0 0E+00 2.222153E+04 0E+00 
8.50000e+00 9.99967e-02 0 0E+00 2.222149E+04 0E+00 
8.75000e+00 9.99965e-02 0 0E+00 2.222144E+04 0E+00 
9.00000e+00 9.99964e-02 0 0E+00 2.222142E+04 0E+00 
9.25000e+00 9.99965e-02 0 0E+00 2.222144E+04 0E+00 
9.50000e+00 9.99966e-02 0 0E+00 2.222147E+04 0E+00 
9.75000e+00 9.99965e-02 0 0E+00 2.222144E+04 0E+00 
1.00000e+01 9.99967e-02 0 0E+00 2.222149E+04 0E+00 
1.00000e+01 9.99966e-02 0 0E+00 2.222147E+04 0E+00 
9.75000e+00 9.99963e-02 0 0E+00 2.22214E+04 0E+00 
9.50000e+00 9.99965e-02 0 0E+00 2.222144E+04 0E+00 
9.25000e+00 9.99965e-02 0 0E+00 2.222144E+04 0E+00 
9.00000e+00 9.99966e-02 0 0E+00 2.222147E+04 0E+00 
8.75000e+00 9.99965e-02 0 0E+00 2.222144E+04 0E+00 
8.50000e+00 9.99964e-02 0 0E+00 2.222142E+04 0E+00 
8.25000e+00 9.99966e-02 0 0E+00 2.222147E+04 0E+00 
8.00000e+00 9.99965e-02 0 0E+00 2.222144E+04 0E+00 
7.75000e+00 9.99967e-02 0 0E+00 2.222149E+04 0E+00 
7.50000e+00 9.99968e-02 0 0E+00 2.222151E+04 0E+00 
7.25000e+00 9.99966e-02 0 0E+00 2.222147E+04 0E+00 
7.00000e+00 9.99966e-02 0 0E+00 2.222147E+04 0E+00 
6.75000e+00 9.99965e-02 0 0E+00 2.222144E+04 0E+00 
6.50000e+00 9.99966e-02 0 0E+00 2.222147E+04 0E+00 
6.25000e+00 9.99969e-02 0 0E+00 2.222153E+04 0E+00 
6.00000e+00 9.99967e-02 0 0E+00 2.222149E+04 0E+00 
5.75000e+00 9.99966e-02 0 0E+00 2.222147E+04 0E+00 
5.50000e+00 9.99966e-02 0 0E+00 2.222147E+04 0E+00 
5.25000e+00 9.99966e-02 0 0E+00 2.222147E+04 0E+00 
5.00000e+00 9.99966e-02 0 0E+00 2.222147E+04 0E+00 
4.75000e+00 9.99967e-02 0 0E+00 2.222149E+04 0E+00 
4.50000e+00 9.99968e-02 0 0E+00 2.222151E+04 0E+00 
4.25000e+00 9.99965e-02 0 0E+00 2.222144E+04 0E+00 
4.00000e+00 9.99966e-02 0 0E+00 2.222147E+04 0E+00 
3.75000e+00 9.99968e-02 0 0E+00 2.222151E+04 0E+00 
3.50000e+00 9.99967e-02 0 0E+00 2.222149E+04 0E+00 
3.25000e+00 9.99969e-02 0 0E+00 2.222153E+04 0E+00 
3.00000e+00 9.99966e-02 0 0E+00 2.222147E+04 0E+00 
2.75000e+00 9.99968e-02 0 0E+00 2.222151E+04 0E+00 
2.50000e+00 9.99969e-02 0 0E+00 2.222153E+04 0E+00 
2.25000e+00 9.99969e-02 0 0E+00 2.222153E+04 0E+00 
2.00000e+00 9.99971e-02 0 0E+00 2.222158E+04 0E+00 
1.75000e+00 9.99971e-02 0 0E+00 2.222158E+04 0E+00 
1.50000e+00 9.99971e-02 0 0E+00 2.222158E+04 0E+00 
1.25000e+00 9.99966e-02 0 0E+00 2.222147E+04 0E+00 
1.00000e+00 9.99965e-02 0 0E+00 2.222144E+04 0E+00 
7.50000e-01 9.99966e-02 0 0E+00 2.222147E+04 0E+00 
5.00000e-01 9.99965e-02 0 0E+00 2.222144E+04 0E+00 
2.50000e-01 9.99966e-02 0 0E+00 2.222147E+04 0E+00 
0.00000e+00 -1.21308e-04 0 -0E+00 -2.695733E+01 0E+00 
