V(__) I(__) lux CurrC oeff. CurrA/m^-2. lux/m^-1
2.50000e-01 4.70404e-06 0.1 2.125832E+04 1.045342E+00 2.222222E+04 
5.00000e-01 1.07241e-05 0.1 9.324792E+03 2.383133E+00 2.222222E+04 
7.50000e-01 1.75050e-05 0.1 5.712654E+03 3.89E+00 2.222222E+04 
1.00000e+00 2.63619e-05 0.1 3.793353E+03 5.8582E+00 2.222222E+04 
1.25000e+00 3.63725e-05 0.1 2.74933E+03 8.082778E+00 2.222222E+04 
1.50000e+00 4.98140e-05 0.1 2.007468E+03 1.106978E+01 2.222222E+04 
1.75000e+00 6.13853e-05 0.1 1.629055E+03 1.364118E+01 2.222222E+04 
2.00000e+00 8.19095e-05 0.1 1.22086E+03 1.820211E+01 2.222222E+04 
2.25000e+00 1.04265e-04 0.1 9.590946E+02 2.317E+01 2.222222E+04 
2.50000e+00 1.39264e-04 0.1 7.180607E+02 3.094756E+01 2.222222E+04 
2.75000e+00 1.78698e-04 0.1 5.596034E+02 3.971067E+01 2.222222E+04 
3.00000e+00 2.20776e-04 0.1 4.529478E+02 4.906133E+01 2.222222E+04 
3.25000e+00 2.63998e-04 0.1 3.787907E+02 5.866622E+01 2.222222E+04 
3.50000e+00 1.99905e-04 0.1 5.002376E+02 4.442333E+01 2.222222E+04 
3.75000e+00 2.78659e-04 0.1 3.588615E+02 6.192422E+01 2.222222E+04 
4.00000e+00 2.82198e-04 0.1 3.543611E+02 6.271067E+01 2.222222E+04 
4.25000e+00 2.70503e-04 0.1 3.696817E+02 6.011178E+01 2.222222E+04 
4.50000e+00 1.41903e-04 0.1 7.047067E+02 3.1534E+01 2.222222E+04 
4.75000e+00 1.35556e-04 0.1 7.377025E+02 3.012356E+01 2.222222E+04 
5.00000e+00 7.32286e-05 0.1 1.365587E+03 1.627302E+01 2.222222E+04 
5.25000e+00 8.62623e-05 0.1 1.159255E+03 1.91694E+01 2.222222E+04 
5.50000e+00 7.18187e-05 0.1 1.392395E+03 1.595971E+01 2.222222E+04 
5.75000e+00 8.94857e-05 0.1 1.117497E+03 1.988571E+01 2.222222E+04 
6.00000e+00 1.09539e-04 0.1 9.129169E+02 2.4342E+01 2.222222E+04 
6.25000e+00 1.34351e-04 0.1 7.44319E+02 2.985578E+01 2.222222E+04 
6.50000e+00 1.61385e-04 0.1 6.196363E+02 3.586333E+01 2.222222E+04 
6.75000e+00 1.81299e-04 1.1 6.067325E+03 4.028867E+01 2.444444E+05 
7.00000e+00 2.07793e-04 1.1 5.29373E+03 4.617622E+01 2.444444E+05 
7.25000e+00 2.44643e-04 1.1 4.496348E+03 5.436511E+01 2.444444E+05 
7.50000e+00 3.00309e-04 2.1 6.992797E+03 6.673533E+01 4.666667E+05 
7.75000e+00 3.21939e-04 2.1 6.522975E+03 7.1542E+01 4.666667E+05 
8.00000e+00 3.62407e-04 3.1 8.553919E+03 8.053489E+01 6.888889E+05 
8.25000e+00 3.96429e-04 4.1 1.034233E+04 8.809533E+01 9.111111E+05 
8.50000e+00 4.55572e-04 5.1 1.119472E+04 1.012382E+02 1.133333E+06 
8.75000e+00 5.07770e-04 7.1 1.398271E+04 1.128378E+02 1.577778E+06 
9.00000e+00 5.54635e-04 9.1 1.640719E+04 1.232522E+02 2.022222E+06 
9.25000e+00 6.36971e-04 12.1 1.899616E+04 1.415491E+02 2.688889E+06 
9.50000e+00 6.88675e-04 15.1 2.192616E+04 1.530389E+02 3.355556E+06 
9.75000e+00 7.52581e-04 19.1 2.537933E+04 1.672402E+02 4.244444E+06 
1.00000e+01 8.06569e-04 25.2 3.124345E+04 1.792376E+02 5.6E+06 
1.02500e+01 8.73923e-04 31.2 3.570109E+04 1.942051E+02 6.933333E+06 
1.05000e+01 9.15417e-04 39.2 4.282201E+04 2.03426E+02 8.711111E+06 
1.07500e+01 9.65617e-04 49.3 5.105544E+04 2.145816E+02 1.095556E+07 
1.10000e+01 9.72762e-04 62.3 6.404444E+04 2.161693E+02 1.384444E+07 
1.12500e+01 1.05230e-03 77.4 7.355317E+04 2.338444E+02 1.72E+07 
1.15000e+01 1.16709e-03 95.4 8.174177E+04 2.593533E+02 2.12E+07 
1.17500e+01 1.24077e-03 116.5 9.389331E+04 2.757267E+02 2.588889E+07 
1.20000e+01 1.36298e-03 47.3 3.470337E+04 3.028844E+02 1.051111E+07 
1.22500e+01 2.86139e-03 0.1 3.494805E+01 6.358644E+02 2.222222E+04 
1.25000e+01 9.99953e-02 0.1 1.000047E+00 2.222118E+04 2.222222E+04 
1.27500e+01 9.99952e-02 0.1 1.000048E+00 2.222116E+04 2.222222E+04 
1.30000e+01 9.99952e-02 0.1 1.000048E+00 2.222116E+04 2.222222E+04 
1.32500e+01 9.99951e-02 0.1 1.000049E+00 2.222113E+04 2.222222E+04 
1.35000e+01 9.99952e-02 0.1 1.000048E+00 2.222116E+04 2.222222E+04 
1.37500e+01 9.99952e-02 0.1 1.000048E+00 2.222116E+04 2.222222E+04 
1.40000e+01 9.99953e-02 0.1 1.000047E+00 2.222118E+04 2.222222E+04 
1.42500e+01 9.99953e-02 0.1 1.000047E+00 2.222118E+04 2.222222E+04 
1.45000e+01 9.99952e-02 0.1 1.000048E+00 2.222116E+04 2.222222E+04 
1.47500e+01 9.99953e-02 0.1 1.000047E+00 2.222118E+04 2.222222E+04 
1.50000e+01 9.99954e-02 0.1 1.000046E+00 2.22212E+04 2.222222E+04 
1.52500e+01 9.99954e-02 0.1 1.000046E+00 2.22212E+04 2.222222E+04 
1.55000e+01 9.99955e-02 0.1 1.000045E+00 2.222122E+04 2.222222E+04 
1.57500e+01 9.99953e-02 0.1 1.000047E+00 2.222118E+04 2.222222E+04 
1.60000e+01 9.99950e-02 0.1 1.00005E+00 2.222111E+04 2.222222E+04 
1.62500e+01 9.99951e-02 0.1 1.000049E+00 2.222113E+04 2.222222E+04 
1.65000e+01 9.99952e-02 0.1 1.000048E+00 2.222116E+04 2.222222E+04 
1.67500e+01 9.99952e-02 0.1 1.000048E+00 2.222116E+04 2.222222E+04 
1.70000e+01 9.99953e-02 0.1 1.000047E+00 2.222118E+04 2.222222E+04 
1.72500e+01 9.99952e-02 0.1 1.000048E+00 2.222116E+04 2.222222E+04 
1.75000e+01 9.99952e-02 0.1 1.000048E+00 2.222116E+04 2.222222E+04 
1.77500e+01 9.99952e-02 0.1 1.000048E+00 2.222116E+04 2.222222E+04 
1.80000e+01 9.99953e-02 0.1 1.000047E+00 2.222118E+04 2.222222E+04 
1.82500e+01 9.99955e-02 0.1 1.000045E+00 2.222122E+04 2.222222E+04 
1.85000e+01 9.99955e-02 0.1 1.000045E+00 2.222122E+04 2.222222E+04 
1.87500e+01 9.99955e-02 0.1 1.000045E+00 2.222122E+04 2.222222E+04 
1.90000e+01 9.99954e-02 0.1 1.000046E+00 2.22212E+04 2.222222E+04 
1.92500e+01 9.99954e-02 0.1 1.000046E+00 2.22212E+04 2.222222E+04 
1.95000e+01 9.99951e-02 0.1 1.000049E+00 2.222113E+04 2.222222E+04 
1.97500e+01 9.99953e-02 0.1 1.000047E+00 2.222118E+04 2.222222E+04 
2.00000e+01 9.99951e-02 0.1 1.000049E+00 2.222113E+04 2.222222E+04 
2.02500e+01 9.99958e-02 0.1 1.000042E+00 2.222129E+04 2.222222E+04 
2.00000e+01 9.99952e-02 0.1 1.000048E+00 2.222116E+04 2.222222E+04 
1.97500e+01 9.99953e-02 0.1 1.000047E+00 2.222118E+04 2.222222E+04 
1.95000e+01 9.99952e-02 0.1 1.000048E+00 2.222116E+04 2.222222E+04 
1.92500e+01 9.99954e-02 0.1 1.000046E+00 2.22212E+04 2.222222E+04 
1.90000e+01 9.99956e-02 0.1 1.000044E+00 2.222124E+04 2.222222E+04 
1.87500e+01 9.99955e-02 0.1 1.000045E+00 2.222122E+04 2.222222E+04 
1.85000e+01 9.99954e-02 0.1 1.000046E+00 2.22212E+04 2.222222E+04 
1.82500e+01 9.99956e-02 0.1 1.000044E+00 2.222124E+04 2.222222E+04 
1.80000e+01 9.99954e-02 0.1 1.000046E+00 2.22212E+04 2.222222E+04 
1.77500e+01 9.99953e-02 0.1 1.000047E+00 2.222118E+04 2.222222E+04 
1.75000e+01 9.99953e-02 0.1 1.000047E+00 2.222118E+04 2.222222E+04 
1.72500e+01 9.99953e-02 0.1 1.000047E+00 2.222118E+04 2.222222E+04 
1.70000e+01 9.99952e-02 0.1 1.000048E+00 2.222116E+04 2.222222E+04 
1.67500e+01 9.99954e-02 0.1 1.000046E+00 2.22212E+04 2.222222E+04 
1.65000e+01 9.99955e-02 0.1 1.000045E+00 2.222122E+04 2.222222E+04 
1.62500e+01 9.99954e-02 0.1 1.000046E+00 2.22212E+04 2.222222E+04 
1.60000e+01 9.99956e-02 0.1 1.000044E+00 2.222124E+04 2.222222E+04 
1.57500e+01 9.99955e-02 0.1 1.000045E+00 2.222122E+04 2.222222E+04 
1.55000e+01 9.99955e-02 0.1 1.000045E+00 2.222122E+04 2.222222E+04 
1.52500e+01 9.99954e-02 0.1 1.000046E+00 2.22212E+04 2.222222E+04 
1.50000e+01 9.99953e-02 0.1 1.000047E+00 2.222118E+04 2.222222E+04 
1.47500e+01 9.99954e-02 0.1 1.000046E+00 2.22212E+04 2.222222E+04 
1.45000e+01 9.99952e-02 0.1 1.000048E+00 2.222116E+04 2.222222E+04 
1.42500e+01 9.99953e-02 0.1 1.000047E+00 2.222118E+04 2.222222E+04 
1.40000e+01 9.99953e-02 0.1 1.000047E+00 2.222118E+04 2.222222E+04 
1.37500e+01 9.99953e-02 0.1 1.000047E+00 2.222118E+04 2.222222E+04 
1.35000e+01 9.99951e-02 0.1 1.000049E+00 2.222113E+04 2.222222E+04 
1.32500e+01 9.99953e-02 0.1 1.000047E+00 2.222118E+04 2.222222E+04 
1.30000e+01 9.99953e-02 0.1 1.000047E+00 2.222118E+04 2.222222E+04 
1.27500e+01 9.99952e-02 0.1 1.000048E+00 2.222116E+04 2.222222E+04 
1.25000e+01 9.99952e-02 0.1 1.000048E+00 2.222116E+04 2.222222E+04 
1.22500e+01 9.99952e-02 0.1 1.000048E+00 2.222116E+04 2.222222E+04 
1.20000e+01 9.99953e-02 0.1 1.000047E+00 2.222118E+04 2.222222E+04 
1.17500e+01 9.99952e-02 0.1 1.000048E+00 2.222116E+04 2.222222E+04 
1.15000e+01 9.99952e-02 0.1 1.000048E+00 2.222116E+04 2.222222E+04 
1.12500e+01 9.99953e-02 0.1 1.000047E+00 2.222118E+04 2.222222E+04 
1.10000e+01 9.99953e-02 0.1 1.000047E+00 2.222118E+04 2.222222E+04 
1.07500e+01 9.99952e-02 0.1 1.000048E+00 2.222116E+04 2.222222E+04 
1.05000e+01 9.99953e-02 0.1 1.000047E+00 2.222118E+04 2.222222E+04 
1.02500e+01 9.99952e-02 0.1 1.000048E+00 2.222116E+04 2.222222E+04 
1.00000e+01 9.99953e-02 0.1 1.000047E+00 2.222118E+04 2.222222E+04 
9.75000e+00 9.99955e-02 0.1 1.000045E+00 2.222122E+04 2.222222E+04 
9.50000e+00 9.99954e-02 0.1 1.000046E+00 2.22212E+04 2.222222E+04 
9.25000e+00 9.99952e-02 0.1 1.000048E+00 2.222116E+04 2.222222E+04 
9.00000e+00 9.99951e-02 0.1 1.000049E+00 2.222113E+04 2.222222E+04 
8.75000e+00 9.91077e-02 0.1 1.009003E+00 2.202393E+04 2.222222E+04 
8.50000e+00 9.63039e-02 0.1 1.03838E+00 2.140087E+04 2.222222E+04 
8.25000e+00 9.35408e-02 0.1 1.069052E+00 2.078684E+04 2.222222E+04 
8.00000e+00 9.07896e-02 0.1 1.101448E+00 2.017547E+04 2.222222E+04 
7.75000e+00 8.80409e-02 0.1 1.135836E+00 1.956464E+04 2.222222E+04 
7.50000e+00 8.52951e-02 0.1 1.1724E+00 1.895447E+04 2.222222E+04 
7.25000e+00 8.25513e-02 0.1 1.211368E+00 1.834473E+04 2.222222E+04 
7.00000e+00 7.98021e-02 0.1 1.2531E+00 1.77338E+04 2.222222E+04 
6.75000e+00 7.70495e-02 0.1 1.297867E+00 1.712211E+04 2.222222E+04 
6.50000e+00 7.42964e-02 0.1 1.34596E+00 1.651031E+04 2.222222E+04 
6.25000e+00 7.15349e-02 0.1 1.397919E+00 1.589664E+04 2.222222E+04 
6.00000e+00 6.87668e-02 0.1 1.45419E+00 1.528151E+04 2.222222E+04 
5.75000e+00 6.59917e-02 0.1 1.515342E+00 1.466482E+04 2.222222E+04 
5.50000e+00 6.32085e-02 0.1 1.582066E+00 1.404633E+04 2.222222E+04 
5.25000e+00 6.04177e-02 0.1 1.655144E+00 1.342616E+04 2.222222E+04 
5.00000e+00 5.76174e-02 0.1 1.735587E+00 1.280387E+04 2.222222E+04 
4.75000e+00 5.48138e-02 0.1 1.824358E+00 1.218084E+04 2.222222E+04 
4.50000e+00 5.19993e-02 0.1 1.923103E+00 1.15554E+04 2.222222E+04 
4.25000e+00 4.91795e-02 0.1 2.033368E+00 1.092878E+04 2.222222E+04 
4.00000e+00 4.63504e-02 0.1 2.157479E+00 1.030009E+04 2.222222E+04 
3.75000e+00 4.35120e-02 0.1 2.298217E+00 9.669333E+03 2.222222E+04 
3.50000e+00 4.06661e-02 0.1 2.459051E+00 9.036911E+03 2.222222E+04 
3.25000e+00 3.78108e-02 0.1 2.644747E+00 8.4024E+03 2.222222E+04 
3.00000e+00 3.49453e-02 0.1 2.861615E+00 7.765622E+03 2.222222E+04 
2.75000e+00 3.20722e-02 0.1 3.117965E+00 7.127156E+03 2.222222E+04 
2.50000e+00 2.91926e-02 0.1 3.425526E+00 6.487244E+03 2.222222E+04 
2.25000e+00 2.63080e-02 0.1 3.801125E+00 5.846222E+03 2.222222E+04 
2.00000e+00 2.34189e-02 0.1 4.270055E+00 5.2042E+03 2.222222E+04 
1.75000e+00 2.05157e-02 0.1 4.874316E+00 4.559044E+03 2.222222E+04 
1.50000e+00 1.76051e-02 0.1 5.680172E+00 3.912244E+03 2.222222E+04 
1.25000e+00 1.46872e-02 0.1 6.80865E+00 3.263822E+03 2.222222E+04 
1.00000e+00 1.17617e-02 0.1 8.502172E+00 2.613711E+03 2.222222E+04 
7.50000e-01 8.83103e-03 0.1 1.132371E+01 1.962451E+03 2.222222E+04 
5.00000e-01 5.89396e-03 0.1 1.696652E+01 1.309769E+03 2.222222E+04 
2.50000e-01 2.95182e-03 0.1 3.38774E+01 6.5596E+02 2.222222E+04 
0.00000e+00 3.83811e-06 0.1 2.605449E+04 8.529133E-01 2.222222E+04 
