>>head<<dt(__) 	 I(__) 	 lux 	 CurrCoeff. 	 CurrA/m^-2. 	 lux/m^-1
4.60000e-05	1.00376e-03 	 0 	 0E+00 	 2.230578E+02	0E+00
7.04740e-02	1.00111e-03 	 0 	 0E+00 	 2.224689E+02	0E+00
1.40879e-01	1.00026e-03 	 0 	 0E+00 	 2.2228E+02	0E+00
2.11253e-01	1.00019e-03 	 0 	 0E+00 	 2.222644E+02	0E+00
2.81591e-01	1.00017e-03 	 0 	 0E+00 	 2.2226E+02	0E+00
3.51957e-01	1.00017e-03 	 0 	 0E+00 	 2.2226E+02	0E+00
4.22304e-01	1.00020e-03 	 0 	 0E+00 	 2.222667E+02	0E+00
4.92654e-01	1.00020e-03 	 0 	 0E+00 	 2.222667E+02	0E+00
5.63010e-01	1.00020e-03 	 0 	 0E+00 	 2.222667E+02	0E+00
6.33359e-01	1.00021e-03 	 0 	 0E+00 	 2.222689E+02	0E+00
7.03683e-01	1.00021e-03 	 0 	 0E+00 	 2.222689E+02	0E+00
7.74037e-01	1.00022e-03 	 0 	 0E+00 	 2.222711E+02	0E+00
8.44389e-01	1.00022e-03 	 0 	 0E+00 	 2.222711E+02	0E+00
9.14722e-01	1.00022e-03 	 0 	 0E+00 	 2.222711E+02	0E+00
9.85067e-01	1.00018e-03 	 0 	 0E+00 	 2.222622E+02	0E+00
1.05540e+00	1.00015e-03 	 0 	 0E+00 	 2.222556E+02	0E+00
1.12575e+00	1.00019e-03 	 0 	 0E+00 	 2.222644E+02	0E+00
1.19609e+00	1.00018e-03 	 0 	 0E+00 	 2.222622E+02	0E+00
1.30669e+00	1.00013e-03 	 0 	 0E+00 	 2.222511E+02	0E+00
1.37704e+00	1.00014e-03 	 0 	 0E+00 	 2.222533E+02	0E+00
1.44737e+00	1.00016e-03 	 0 	 0E+00 	 2.222578E+02	0E+00
1.51772e+00	1.00015e-03 	 0 	 0E+00 	 2.222556E+02	0E+00
1.58808e+00	1.00019e-03 	 0 	 0E+00 	 2.222644E+02	0E+00
1.65840e+00	1.00017e-03 	 0 	 0E+00 	 2.2226E+02	0E+00
1.72875e+00	1.00020e-03 	 0 	 0E+00 	 2.222667E+02	0E+00
1.79909e+00	1.00017e-03 	 0 	 0E+00 	 2.2226E+02	0E+00
1.86944e+00	1.00017e-03 	 0 	 0E+00 	 2.2226E+02	0E+00
1.93978e+00	1.00021e-03 	 0 	 0E+00 	 2.222689E+02	0E+00
2.01012e+00	1.00021e-03 	 0 	 0E+00 	 2.222689E+02	0E+00
2.08049e+00	1.00018e-03 	 0 	 0E+00 	 2.222622E+02	0E+00
2.15097e+00	1.00018e-03 	 0 	 0E+00 	 2.222622E+02	0E+00
2.22145e+00	1.00016e-03 	 0 	 0E+00 	 2.222578E+02	0E+00
2.29191e+00	1.00016e-03 	 0 	 0E+00 	 2.222578E+02	0E+00
2.36238e+00	1.00020e-03 	 0 	 0E+00 	 2.222667E+02	0E+00
2.43282e+00	1.00017e-03 	 0 	 0E+00 	 2.2226E+02	0E+00
2.50327e+00	1.00009e-03 	 0 	 0E+00 	 2.222422E+02	0E+00
2.57372e+00	1.00021e-03 	 0 	 0E+00 	 2.222689E+02	0E+00
2.64418e+00	1.00017e-03 	 0 	 0E+00 	 2.2226E+02	0E+00
2.71464e+00	1.00016e-03 	 0 	 0E+00 	 2.222578E+02	0E+00
2.78508e+00	1.00016e-03 	 0 	 0E+00 	 2.222578E+02	0E+00
2.85553e+00	1.00016e-03 	 0 	 0E+00 	 2.222578E+02	0E+00
2.92599e+00	1.00012e-03 	 0 	 0E+00 	 2.222489E+02	0E+00
2.99645e+00	1.00020e-03 	 0 	 0E+00 	 2.222667E+02	0E+00
3.06691e+00	1.00015e-03 	 0 	 0E+00 	 2.222556E+02	0E+00
3.13734e+00	1.00014e-03 	 0 	 0E+00 	 2.222533E+02	0E+00
3.20780e+00	1.00014e-03 	 0 	 0E+00 	 2.222533E+02	0E+00
3.27825e+00	1.00014e-03 	 0 	 0E+00 	 2.222533E+02	0E+00
3.34871e+00	1.00015e-03 	 0 	 0E+00 	 2.222556E+02	0E+00
3.41915e+00	1.00016e-03 	 0 	 0E+00 	 2.222578E+02	0E+00
3.48961e+00	1.00013e-03 	 0 	 0E+00 	 2.222511E+02	0E+00
3.56008e+00	1.00017e-03 	 0 	 0E+00 	 2.2226E+02	0E+00
3.63053e+00	1.00018e-03 	 0 	 0E+00 	 2.222622E+02	0E+00
3.70099e+00	1.00019e-03 	 0 	 0E+00 	 2.222644E+02	0E+00
3.77143e+00	1.00021e-03 	 0 	 0E+00 	 2.222689E+02	0E+00
3.84190e+00	1.00021e-03 	 0 	 0E+00 	 2.222689E+02	0E+00
3.91235e+00	1.00020e-03 	 0 	 0E+00 	 2.222667E+02	0E+00
3.98281e+00	1.00019e-03 	 0 	 0E+00 	 2.222644E+02	0E+00
4.05327e+00	1.00018e-03 	 0 	 0E+00 	 2.222622E+02	0E+00
4.12372e+00	1.00018e-03 	 0 	 0E+00 	 2.222622E+02	0E+00
4.19419e+00	1.00016e-03 	 0 	 0E+00 	 2.222578E+02	0E+00
4.26464e+00	1.00018e-03 	 0 	 0E+00 	 2.222622E+02	0E+00
4.33512e+00	1.00017e-03 	 0 	 0E+00 	 2.2226E+02	0E+00
4.40556e+00	1.00021e-03 	 0 	 0E+00 	 2.222689E+02	0E+00
4.47599e+00	1.00021e-03 	 0 	 0E+00 	 2.222689E+02	0E+00
4.54645e+00	1.00022e-03 	 0 	 0E+00 	 2.222711E+02	0E+00
4.61691e+00	1.00022e-03 	 0 	 0E+00 	 2.222711E+02	0E+00
4.68737e+00	1.00024e-03 	 0 	 0E+00 	 2.222756E+02	0E+00
4.75783e+00	1.00025e-03 	 0 	 0E+00 	 2.222778E+02	0E+00
4.82828e+00	1.00022e-03 	 0 	 0E+00 	 2.222711E+02	0E+00
4.89874e+00	1.00022e-03 	 0 	 0E+00 	 2.222711E+02	0E+00
4.96920e+00	1.00023e-03 	 0 	 0E+00 	 2.222733E+02	0E+00
5.03963e+00	1.00022e-03 	 0 	 0E+00 	 2.222711E+02	0E+00
5.11009e+00	1.00021e-03 	 0 	 0E+00 	 2.222689E+02	0E+00
5.18054e+00	1.00022e-03 	 0 	 0E+00 	 2.222711E+02	0E+00
5.25101e+00	1.00022e-03 	 0 	 0E+00 	 2.222711E+02	0E+00
5.32144e+00	1.00022e-03 	 0 	 0E+00 	 2.222711E+02	0E+00
5.39188e+00	1.00027e-03 	 0 	 0E+00 	 2.222822E+02	0E+00
5.46233e+00	1.00024e-03 	 0 	 0E+00 	 2.222756E+02	0E+00
5.53279e+00	1.00021e-03 	 0 	 0E+00 	 2.222689E+02	0E+00
5.60324e+00	1.00020e-03 	 0 	 0E+00 	 2.222667E+02	0E+00
5.67365e+00	1.00023e-03 	 0 	 0E+00 	 2.222733E+02	0E+00
5.74413e+00	1.00021e-03 	 0 	 0E+00 	 2.222689E+02	0E+00
5.81458e+00	1.00023e-03 	 0 	 0E+00 	 2.222733E+02	0E+00
5.88502e+00	1.00022e-03 	 0 	 0E+00 	 2.222711E+02	0E+00
5.95548e+00	1.00023e-03 	 0 	 0E+00 	 2.222733E+02	0E+00
6.02593e+00	1.00022e-03 	 0 	 0E+00 	 2.222711E+02	0E+00
6.09639e+00	1.00022e-03 	 0 	 0E+00 	 2.222711E+02	0E+00
6.16685e+00	1.00025e-03 	 0 	 0E+00 	 2.222778E+02	0E+00
6.23731e+00	1.00025e-03 	 0 	 0E+00 	 2.222778E+02	0E+00
6.30772e+00	1.00025e-03 	 0 	 0E+00 	 2.222778E+02	0E+00
6.37818e+00	1.00023e-03 	 0 	 0E+00 	 2.222733E+02	0E+00
6.44863e+00	1.00019e-03 	 0 	 0E+00 	 2.222644E+02	0E+00
6.51909e+00	1.00021e-03 	 0 	 0E+00 	 2.222689E+02	0E+00
6.58953e+00	1.00023e-03 	 0 	 0E+00 	 2.222733E+02	0E+00
6.65997e+00	1.00020e-03 	 0 	 0E+00 	 2.222667E+02	0E+00
6.73042e+00	1.00022e-03 	 0 	 0E+00 	 2.222711E+02	0E+00
6.80089e+00	1.00020e-03 	 0 	 0E+00 	 2.222667E+02	0E+00
6.87132e+00	1.00022e-03 	 0 	 0E+00 	 2.222711E+02	0E+00
6.94176e+00	1.00017e-03 	 0 	 0E+00 	 2.2226E+02	0E+00
7.01221e+00	1.00020e-03 	 0 	 0E+00 	 2.222667E+02	0E+00
7.08264e+00	1.00019e-03 	 0 	 0E+00 	 2.222644E+02	0E+00
7.15309e+00	1.00022e-03 	 0 	 0E+00 	 2.222711E+02	0E+00
7.22353e+00	1.00021e-03 	 0 	 0E+00 	 2.222689E+02	0E+00
7.29397e+00	1.00022e-03 	 0 	 0E+00 	 2.222711E+02	0E+00
7.36442e+00	1.00025e-03 	 0 	 0E+00 	 2.222778E+02	0E+00
7.43488e+00	1.00023e-03 	 0 	 0E+00 	 2.222733E+02	0E+00
7.50534e+00	1.00019e-03 	 0 	 0E+00 	 2.222644E+02	0E+00
7.57578e+00	1.00021e-03 	 0 	 0E+00 	 2.222689E+02	0E+00
7.64624e+00	1.00021e-03 	 0 	 0E+00 	 2.222689E+02	0E+00
7.71669e+00	1.00019e-03 	 0 	 0E+00 	 2.222644E+02	0E+00
7.78714e+00	1.00020e-03 	 0 	 0E+00 	 2.222667E+02	0E+00
7.85758e+00	1.00020e-03 	 0 	 0E+00 	 2.222667E+02	0E+00
7.92802e+00	1.00021e-03 	 0 	 0E+00 	 2.222689E+02	0E+00
7.99848e+00	1.00021e-03 	 0 	 0E+00 	 2.222689E+02	0E+00
8.06893e+00	1.00021e-03 	 0 	 0E+00 	 2.222689E+02	0E+00
8.13938e+00	1.00021e-03 	 0 	 0E+00 	 2.222689E+02	0E+00
8.20983e+00	1.00016e-03 	 0 	 0E+00 	 2.222578E+02	0E+00
8.28028e+00	1.00012e-03 	 0 	 0E+00 	 2.222489E+02	0E+00
8.35074e+00	1.00021e-03 	 0 	 0E+00 	 2.222689E+02	0E+00
8.42120e+00	1.00021e-03 	 0 	 0E+00 	 2.222689E+02	0E+00
8.49166e+00	1.00023e-03 	 0 	 0E+00 	 2.222733E+02	0E+00
8.56210e+00	1.00019e-03 	 0 	 0E+00 	 2.222644E+02	0E+00
8.63255e+00	1.00016e-03 	 0 	 0E+00 	 2.222578E+02	0E+00
8.70300e+00	1.00021e-03 	 0 	 0E+00 	 2.222689E+02	0E+00
8.77344e+00	1.00019e-03 	 0 	 0E+00 	 2.222644E+02	0E+00
8.84390e+00	1.00018e-03 	 0 	 0E+00 	 2.222622E+02	0E+00
8.91435e+00	1.00018e-03 	 0 	 0E+00 	 2.222622E+02	0E+00
8.98480e+00	1.00020e-03 	 0 	 0E+00 	 2.222667E+02	0E+00
9.05526e+00	1.00016e-03 	 0 	 0E+00 	 2.222578E+02	0E+00
9.12571e+00	1.00018e-03 	 0 	 0E+00 	 2.222622E+02	0E+00
9.19615e+00	1.00021e-03 	 0 	 0E+00 	 2.222689E+02	0E+00
9.26661e+00	1.00018e-03 	 0 	 0E+00 	 2.222622E+02	0E+00
9.33707e+00	1.00018e-03 	 0 	 0E+00 	 2.222622E+02	0E+00
9.40752e+00	1.00018e-03 	 0 	 0E+00 	 2.222622E+02	0E+00
9.47798e+00	1.00019e-03 	 0 	 0E+00 	 2.222644E+02	0E+00
9.54843e+00	1.00020e-03 	 0 	 0E+00 	 2.222667E+02	0E+00
9.61877e+00	1.00020e-03 	 0 	 0E+00 	 2.222667E+02	0E+00
9.68918e+00	1.00018e-03 	 0 	 0E+00 	 2.222622E+02	0E+00
9.75963e+00	1.00016e-03 	 0 	 0E+00 	 2.222578E+02	0E+00
9.83008e+00	1.00019e-03 	 0 	 0E+00 	 2.222644E+02	0E+00
9.90052e+00	1.00018e-03 	 0 	 0E+00 	 2.222622E+02	0E+00
9.97098e+00	1.00015e-03 	 0 	 0E+00 	 2.222556E+02	0E+00
1.00414e+01	1.00011e-03 	 0 	 0E+00 	 2.222467E+02	0E+00
1.01119e+01	1.00013e-03 	 0 	 0E+00 	 2.222511E+02	0E+00
1.01823e+01	1.00017e-03 	 0 	 0E+00 	 2.2226E+02	0E+00
1.02528e+01	1.00016e-03 	 0 	 0E+00 	 2.222578E+02	0E+00
1.03232e+01	1.00017e-03 	 0 	 0E+00 	 2.2226E+02	0E+00
1.03937e+01	1.00016e-03 	 0 	 0E+00 	 2.222578E+02	0E+00
1.04641e+01	1.00013e-03 	 0 	 0E+00 	 2.222511E+02	0E+00
1.05346e+01	1.00015e-03 	 0 	 0E+00 	 2.222556E+02	0E+00
1.06050e+01	1.00013e-03 	 0 	 0E+00 	 2.222511E+02	0E+00
1.06755e+01	1.00008e-03 	 0 	 0E+00 	 2.2224E+02	0E+00
1.07459e+01	1.00014e-03 	 0 	 0E+00 	 2.222533E+02	0E+00
1.08164e+01	1.00015e-03 	 0 	 0E+00 	 2.222556E+02	0E+00
1.08868e+01	1.00015e-03 	 0 	 0E+00 	 2.222556E+02	0E+00
1.09573e+01	1.00017e-03 	 0 	 0E+00 	 2.2226E+02	0E+00
1.10277e+01	1.00019e-03 	 0 	 0E+00 	 2.222644E+02	0E+00
1.10982e+01	1.00014e-03 	 0 	 0E+00 	 2.222533E+02	0E+00
1.11686e+01	1.00013e-03 	 0 	 0E+00 	 2.222511E+02	0E+00
1.12391e+01	1.00015e-03 	 0 	 0E+00 	 2.222556E+02	0E+00
1.13096e+01	1.00018e-03 	 0 	 0E+00 	 2.222622E+02	0E+00
1.13800e+01	1.00018e-03 	 0 	 0E+00 	 2.222622E+02	0E+00
1.14504e+01	1.00015e-03 	 0 	 0E+00 	 2.222556E+02	0E+00
1.15209e+01	1.00014e-03 	 0 	 0E+00 	 2.222533E+02	0E+00
1.15914e+01	1.00020e-03 	 0 	 0E+00 	 2.222667E+02	0E+00
1.16618e+01	1.00128e-03 	 0 	 0E+00 	 2.225067E+02	0E+00
1.17322e+01	1.00024e-03 	 0 	 0E+00 	 2.222756E+02	0E+00
1.18027e+01	1.00019e-03 	 0 	 0E+00 	 2.222644E+02	0E+00
1.18731e+01	1.00018e-03 	 0 	 0E+00 	 2.222622E+02	0E+00
1.19436e+01	1.00019e-03 	 0 	 0E+00 	 2.222644E+02	0E+00
1.20141e+01	1.00018e-03 	 0 	 0E+00 	 2.222622E+02	0E+00
1.20845e+01	1.00021e-03 	 0 	 0E+00 	 2.222689E+02	0E+00
1.21549e+01	1.00024e-03 	 0 	 0E+00 	 2.222756E+02	0E+00
1.22254e+01	1.00023e-03 	 0 	 0E+00 	 2.222733E+02	0E+00
1.22959e+01	1.00022e-03 	 0 	 0E+00 	 2.222711E+02	0E+00
1.23663e+01	1.00024e-03 	 0 	 0E+00 	 2.222756E+02	0E+00
1.24368e+01	1.00018e-03 	 0 	 0E+00 	 2.222622E+02	0E+00
1.25072e+01	1.00019e-03 	 0 	 0E+00 	 2.222644E+02	0E+00
1.25777e+01	1.00022e-03 	 0 	 0E+00 	 2.222711E+02	0E+00
1.26481e+01	1.00022e-03 	 0 	 0E+00 	 2.222711E+02	0E+00
1.27186e+01	1.00023e-03 	 0 	 0E+00 	 2.222733E+02	0E+00
1.27890e+01	1.00016e-03 	 0 	 0E+00 	 2.222578E+02	0E+00
1.28594e+01	1.00014e-03 	 0 	 0E+00 	 2.222533E+02	0E+00
1.29299e+01	1.00014e-03 	 0 	 0E+00 	 2.222533E+02	0E+00
1.30003e+01	1.00011e-03 	 0 	 0E+00 	 2.222467E+02	0E+00
1.30708e+01	1.00016e-03 	 0 	 0E+00 	 2.222578E+02	0E+00
1.31412e+01	1.00011e-03 	 0 	 0E+00 	 2.222467E+02	0E+00
1.32117e+01	1.00010e-03 	 0 	 0E+00 	 2.222444E+02	0E+00
1.32821e+01	1.00010e-03 	 0 	 0E+00 	 2.222444E+02	0E+00
1.33526e+01	1.00013e-03 	 0 	 0E+00 	 2.222511E+02	0E+00
1.34230e+01	1.00013e-03 	 0 	 0E+00 	 2.222511E+02	0E+00
1.34935e+01	1.00012e-03 	 0 	 0E+00 	 2.222489E+02	0E+00
1.35639e+01	1.00015e-03 	 0 	 0E+00 	 2.222556E+02	0E+00
1.36344e+01	1.00016e-03 	 0 	 0E+00 	 2.222578E+02	0E+00
1.37048e+01	1.00014e-03 	 0 	 0E+00 	 2.222533E+02	0E+00
1.37753e+01	1.00012e-03 	 0 	 0E+00 	 2.222489E+02	0E+00
1.38458e+01	1.00014e-03 	 0 	 0E+00 	 2.222533E+02	0E+00
1.39162e+01	1.00012e-03 	 0 	 0E+00 	 2.222489E+02	0E+00
1.39867e+01	1.00012e-03 	 0 	 0E+00 	 2.222489E+02	0E+00
1.40571e+01	1.00016e-03 	 0 	 0E+00 	 2.222578E+02	0E+00
1.41276e+01	1.00015e-03 	 0 	 0E+00 	 2.222556E+02	0E+00
1.41980e+01	1.00015e-03 	 0 	 0E+00 	 2.222556E+02	0E+00
1.42685e+01	1.00016e-03 	 0 	 0E+00 	 2.222578E+02	0E+00
1.43389e+01	1.00017e-03 	 0 	 0E+00 	 2.2226E+02	0E+00
1.44094e+01	1.00014e-03 	 0 	 0E+00 	 2.222533E+02	0E+00
1.44798e+01	1.00016e-03 	 0 	 0E+00 	 2.222578E+02	0E+00
1.45503e+01	1.00018e-03 	 0 	 0E+00 	 2.222622E+02	0E+00
1.46207e+01	1.00020e-03 	 0 	 0E+00 	 2.222667E+02	0E+00
1.46912e+01	1.00016e-03 	 0 	 0E+00 	 2.222578E+02	0E+00
1.47616e+01	1.00014e-03 	 0 	 0E+00 	 2.222533E+02	0E+00
1.48321e+01	1.00014e-03 	 0 	 0E+00 	 2.222533E+02	0E+00
1.49025e+01	1.00015e-03 	 0 	 0E+00 	 2.222556E+02	0E+00
1.49730e+01	1.00016e-03 	 0 	 0E+00 	 2.222578E+02	0E+00
1.50434e+01	1.00015e-03 	 0 	 0E+00 	 2.222556E+02	0E+00
1.51139e+01	1.00014e-03 	 0 	 0E+00 	 2.222533E+02	0E+00
1.51843e+01	1.00015e-03 	 0 	 0E+00 	 2.222556E+02	0E+00
1.52548e+01	1.00017e-03 	 0 	 0E+00 	 2.2226E+02	0E+00
1.53252e+01	1.00013e-03 	 0 	 0E+00 	 2.222511E+02	0E+00
1.53957e+01	1.00017e-03 	 0 	 0E+00 	 2.2226E+02	0E+00
1.54661e+01	1.00014e-03 	 0 	 0E+00 	 2.222533E+02	0E+00
1.55366e+01	1.00016e-03 	 0 	 0E+00 	 2.222578E+02	0E+00
1.56071e+01	1.00014e-03 	 0 	 0E+00 	 2.222533E+02	0E+00
1.56775e+01	1.00013e-03 	 0 	 0E+00 	 2.222511E+02	0E+00
1.57480e+01	1.00016e-03 	 0 	 0E+00 	 2.222578E+02	0E+00
1.58185e+01	1.00018e-03 	 0 	 0E+00 	 2.222622E+02	0E+00
1.58889e+01	1.00019e-03 	 0 	 0E+00 	 2.222644E+02	0E+00
1.59594e+01	1.00016e-03 	 0 	 0E+00 	 2.222578E+02	0E+00
1.60298e+01	1.00016e-03 	 0 	 0E+00 	 2.222578E+02	0E+00
1.61003e+01	1.00015e-03 	 0 	 0E+00 	 2.222556E+02	0E+00
1.61708e+01	1.00018e-03 	 0 	 0E+00 	 2.222622E+02	0E+00
1.62412e+01	1.00013e-03 	 0 	 0E+00 	 2.222511E+02	0E+00
1.63117e+01	1.00020e-03 	 0 	 0E+00 	 2.222667E+02	0E+00
1.64224e+01	1.00013e-03 	 0 	 0E+00 	 2.222511E+02	0E+00
1.64928e+01	1.00020e-03 	 0 	 0E+00 	 2.222667E+02	0E+00
1.65633e+01	1.00020e-03 	 0 	 0E+00 	 2.222667E+02	0E+00
1.66337e+01	9.99936e-04 	 0 	 0E+00 	 2.22208E+02	0E+00
2.16054e+01	9.99935e-04 	 0 	 0E+00 	 2.222078E+02	0E+00
2.16759e+01	9.99936e-04 	 0 	 0E+00 	 2.22208E+02	0E+00
2.17465e+01	9.99935e-04 	 0 	 0E+00 	 2.222078E+02	0E+00
2.18171e+01	9.99935e-04 	 0 	 0E+00 	 2.222078E+02	0E+00
2.18877e+01	9.99936e-04 	 0 	 0E+00 	 2.22208E+02	0E+00
2.19582e+01	9.99937e-04 	 0 	 0E+00 	 2.222082E+02	0E+00
2.20288e+01	9.99936e-04 	 0 	 0E+00 	 2.22208E+02	0E+00
2.20994e+01	9.99937e-04 	 0 	 0E+00 	 2.222082E+02	0E+00
2.21699e+01	9.99936e-04 	 0 	 0E+00 	 2.22208E+02	0E+00
2.22405e+01	9.99937e-04 	 0 	 0E+00 	 2.222082E+02	0E+00
2.23111e+01	9.99937e-04 	 0 	 0E+00 	 2.222082E+02	0E+00
2.23816e+01	9.99937e-04 	 0 	 0E+00 	 2.222082E+02	0E+00
2.24522e+01	9.99937e-04 	 0 	 0E+00 	 2.222082E+02	0E+00
2.25228e+01	9.99937e-04 	 0 	 0E+00 	 2.222082E+02	0E+00
2.25933e+01	9.99937e-04 	 0 	 0E+00 	 2.222082E+02	0E+00
2.26638e+01	9.99936e-04 	 0 	 0E+00 	 2.22208E+02	0E+00
2.27344e+01	9.99936e-04 	 0 	 0E+00 	 2.22208E+02	0E+00
2.28049e+01	9.99937e-04 	 0 	 0E+00 	 2.222082E+02	0E+00
2.28755e+01	9.99936e-04 	 0 	 0E+00 	 2.22208E+02	0E+00
2.29461e+01	9.99936e-04 	 0 	 0E+00 	 2.22208E+02	0E+00
2.30166e+01	9.99936e-04 	 0 	 0E+00 	 2.22208E+02	0E+00
2.30872e+01	9.99936e-04 	 0 	 0E+00 	 2.22208E+02	0E+00
2.31578e+01	9.99936e-04 	 0 	 0E+00 	 2.22208E+02	0E+00
2.32283e+01	9.99935e-04 	 0 	 0E+00 	 2.222078E+02	0E+00
2.32989e+01	9.99935e-04 	 0 	 0E+00 	 2.222078E+02	0E+00
2.33694e+01	9.99935e-04 	 0 	 0E+00 	 2.222078E+02	0E+00
2.34400e+01	9.99935e-04 	 0 	 0E+00 	 2.222078E+02	0E+00
2.35106e+01	9.99935e-04 	 0 	 0E+00 	 2.222078E+02	0E+00
2.35812e+01	9.99936e-04 	 0 	 0E+00 	 2.22208E+02	0E+00
2.36517e+01	9.99936e-04 	 0 	 0E+00 	 2.22208E+02	0E+00
2.37223e+01	9.99935e-04 	 0 	 0E+00 	 2.222078E+02	0E+00
2.37928e+01	9.99935e-04 	 0 	 0E+00 	 2.222078E+02	0E+00
2.38634e+01	9.99935e-04 	 0 	 0E+00 	 2.222078E+02	0E+00
2.39341e+01	9.99962e-04 	 0 	 0E+00 	 2.222138E+02	0E+00
2.40046e+01	9.99935e-04 	 0 	 0E+00 	 2.222078E+02	0E+00
2.40752e+01	9.99935e-04 	 0 	 0E+00 	 2.222078E+02	0E+00
2.41457e+01	9.99935e-04 	 0 	 0E+00 	 2.222078E+02	0E+00
2.42163e+01	9.99935e-04 	 0 	 0E+00 	 2.222078E+02	0E+00
2.42869e+01	9.99936e-04 	 0 	 0E+00 	 2.22208E+02	0E+00
2.43574e+01	9.99936e-04 	 0 	 0E+00 	 2.22208E+02	0E+00
2.44280e+01	9.99935e-04 	 0 	 0E+00 	 2.222078E+02	0E+00
2.44985e+01	9.99936e-04 	 0 	 0E+00 	 2.22208E+02	0E+00
2.45691e+01	9.99936e-04 	 0 	 0E+00 	 2.22208E+02	0E+00
2.46397e+01	9.99936e-04 	 0 	 0E+00 	 2.22208E+02	0E+00
2.47102e+01	9.99936e-04 	 0 	 0E+00 	 2.22208E+02	0E+00
2.47808e+01	9.99936e-04 	 0 	 0E+00 	 2.22208E+02	0E+00
2.48514e+01	9.99937e-04 	 0 	 0E+00 	 2.222082E+02	0E+00
2.49219e+01	9.99937e-04 	 0 	 0E+00 	 2.222082E+02	0E+00
2.49925e+01	9.99937e-04 	 0 	 0E+00 	 2.222082E+02	0E+00
2.50630e+01	9.99938e-04 	 0 	 0E+00 	 2.222084E+02	0E+00
2.51336e+01	9.99936e-04 	 0 	 0E+00 	 2.22208E+02	0E+00
2.52042e+01	9.99936e-04 	 0 	 0E+00 	 2.22208E+02	0E+00
2.52747e+01	9.99936e-04 	 0 	 0E+00 	 2.22208E+02	0E+00
2.53453e+01	9.99936e-04 	 0 	 0E+00 	 2.22208E+02	0E+00
2.54159e+01	9.99937e-04 	 0 	 0E+00 	 2.222082E+02	0E+00
2.54864e+01	9.99937e-04 	 0 	 0E+00 	 2.222082E+02	0E+00
2.55570e+01	9.99936e-04 	 0 	 0E+00 	 2.22208E+02	0E+00
2.56276e+01	9.99936e-04 	 0 	 0E+00 	 2.22208E+02	0E+00
2.56981e+01	9.99936e-04 	 0 	 0E+00 	 2.22208E+02	0E+00
2.57687e+01	9.99936e-04 	 0 	 0E+00 	 2.22208E+02	0E+00
2.58393e+01	9.99936e-04 	 0 	 0E+00 	 2.22208E+02	0E+00
2.59098e+01	9.99935e-04 	 0 	 0E+00 	 2.222078E+02	0E+00
2.59804e+01	9.99933e-04 	 0 	 0E+00 	 2.222073E+02	0E+00
2.60509e+01	9.99935e-04 	 0 	 0E+00 	 2.222078E+02	0E+00
2.61215e+01	9.99935e-04 	 0 	 0E+00 	 2.222078E+02	0E+00
2.61921e+01	9.99935e-04 	 0 	 0E+00 	 2.222078E+02	0E+00
2.62626e+01	9.99935e-04 	 0 	 0E+00 	 2.222078E+02	0E+00
2.63332e+01	9.99936e-04 	 0 	 0E+00 	 2.22208E+02	0E+00
2.64037e+01	9.99937e-04 	 0 	 0E+00 	 2.222082E+02	0E+00
2.64743e+01	9.99937e-04 	 0 	 0E+00 	 2.222082E+02	0E+00
2.65449e+01	9.99936e-04 	 0 	 0E+00 	 2.22208E+02	0E+00
2.66154e+01	9.99937e-04 	 0 	 0E+00 	 2.222082E+02	0E+00
2.66860e+01	9.99938e-04 	 0 	 0E+00 	 2.222084E+02	0E+00
2.67566e+01	9.99937e-04 	 0 	 0E+00 	 2.222082E+02	0E+00
2.68271e+01	9.99935e-04 	 0 	 0E+00 	 2.222078E+02	0E+00
2.68977e+01	9.99935e-04 	 0 	 0E+00 	 2.222078E+02	0E+00
2.69682e+01	9.99936e-04 	 0 	 0E+00 	 2.22208E+02	0E+00
2.70388e+01	9.99936e-04 	 0 	 0E+00 	 2.22208E+02	0E+00
2.71094e+01	9.99936e-04 	 0 	 0E+00 	 2.22208E+02	0E+00
2.71799e+01	9.99937e-04 	 0 	 0E+00 	 2.222082E+02	0E+00
2.72505e+01	9.99938e-04 	 0 	 0E+00 	 2.222084E+02	0E+00
2.73210e+01	9.99938e-04 	 0 	 0E+00 	 2.222084E+02	0E+00
2.73916e+01	9.99937e-04 	 0 	 0E+00 	 2.222082E+02	0E+00
2.74621e+01	9.99937e-04 	 0 	 0E+00 	 2.222082E+02	0E+00
2.75327e+01	9.99937e-04 	 0 	 0E+00 	 2.222082E+02	0E+00
2.76033e+01	9.99936e-04 	 0 	 0E+00 	 2.22208E+02	0E+00
2.76738e+01	9.99937e-04 	 0 	 0E+00 	 2.222082E+02	0E+00
2.77444e+01	9.99938e-04 	 0 	 0E+00 	 2.222084E+02	0E+00
2.78149e+01	9.99937e-04 	 0 	 0E+00 	 2.222082E+02	0E+00
2.78855e+01	9.99939e-04 	 0 	 0E+00 	 2.222087E+02	0E+00
2.79561e+01	9.99938e-04 	 0 	 0E+00 	 2.222084E+02	0E+00
2.80267e+01	9.99939e-04 	 0 	 0E+00 	 2.222087E+02	0E+00
2.80972e+01	9.99939e-04 	 0 	 0E+00 	 2.222087E+02	0E+00
2.81678e+01	9.99938e-04 	 0 	 0E+00 	 2.222084E+02	0E+00
2.82384e+01	9.99938e-04 	 0 	 0E+00 	 2.222084E+02	0E+00
2.83089e+01	9.99938e-04 	 0 	 0E+00 	 2.222084E+02	0E+00
2.83795e+01	9.99937e-04 	 0 	 0E+00 	 2.222082E+02	0E+00
2.84500e+01	9.99938e-04 	 0 	 0E+00 	 2.222084E+02	0E+00
2.85206e+01	9.99937e-04 	 0 	 0E+00 	 2.222082E+02	0E+00
2.85912e+01	9.99937e-04 	 0 	 0E+00 	 2.222082E+02	0E+00
2.86617e+01	9.99938e-04 	 0 	 0E+00 	 2.222084E+02	0E+00
2.87323e+01	9.99938e-04 	 0 	 0E+00 	 2.222084E+02	0E+00
2.88029e+01	9.99938e-04 	 0 	 0E+00 	 2.222084E+02	0E+00
2.88734e+01	9.99938e-04 	 0 	 0E+00 	 2.222084E+02	0E+00
2.89440e+01	9.99937e-04 	 0 	 0E+00 	 2.222082E+02	0E+00
2.90145e+01	9.99937e-04 	 0 	 0E+00 	 2.222082E+02	0E+00
2.90851e+01	9.99938e-04 	 0 	 0E+00 	 2.222084E+02	0E+00
2.91557e+01	9.99938e-04 	 0 	 0E+00 	 2.222084E+02	0E+00
2.92262e+01	9.99936e-04 	 0 	 0E+00 	 2.22208E+02	0E+00
2.92968e+01	9.99936e-04 	 0 	 0E+00 	 2.22208E+02	0E+00
2.93673e+01	9.99936e-04 	 0 	 0E+00 	 2.22208E+02	0E+00
2.94379e+01	9.99936e-04 	 0 	 0E+00 	 2.22208E+02	0E+00
2.95085e+01	9.99935e-04 	 0 	 0E+00 	 2.222078E+02	0E+00
2.95790e+01	9.99936e-04 	 0 	 0E+00 	 2.22208E+02	0E+00
2.96496e+01	9.99936e-04 	 0 	 0E+00 	 2.22208E+02	0E+00
2.97201e+01	9.99936e-04 	 0 	 0E+00 	 2.22208E+02	0E+00
2.97907e+01	9.99935e-04 	 0 	 0E+00 	 2.222078E+02	0E+00
2.98613e+01	9.99935e-04 	 0 	 0E+00 	 2.222078E+02	0E+00
2.99318e+01	9.99935e-04 	 0 	 0E+00 	 2.222078E+02	0E+00
3.00024e+01	9.99935e-04 	 0 	 0E+00 	 2.222078E+02	0E+00
3.00729e+01	9.99937e-04 	 0 	 0E+00 	 2.222082E+02	0E+00
3.01435e+01	9.99936e-04 	 0 	 0E+00 	 2.22208E+02	0E+00
3.02141e+01	9.99937e-04 	 0 	 0E+00 	 2.222082E+02	0E+00
3.02846e+01	9.99937e-04 	 0 	 0E+00 	 2.222082E+02	0E+00
3.03552e+01	9.99937e-04 	 0 	 0E+00 	 2.222082E+02	0E+00
3.04257e+01	9.99937e-04 	 0 	 0E+00 	 2.222082E+02	0E+00
3.04963e+01	9.99938e-04 	 0 	 0E+00 	 2.222084E+02	0E+00
3.05669e+01	9.99939e-04 	 0 	 0E+00 	 2.222087E+02	0E+00
3.06374e+01	9.99939e-04 	 0 	 0E+00 	 2.222087E+02	0E+00
3.07080e+01	9.99939e-04 	 0 	 0E+00 	 2.222087E+02	0E+00
3.07785e+01	9.99939e-04 	 0 	 0E+00 	 2.222087E+02	0E+00
3.08491e+01	9.99939e-04 	 0 	 0E+00 	 2.222087E+02	0E+00
3.09197e+01	9.99938e-04 	 0 	 0E+00 	 2.222084E+02	0E+00
3.09903e+01	9.99938e-04 	 0 	 0E+00 	 2.222084E+02	0E+00
3.10608e+01	9.99939e-04 	 0 	 0E+00 	 2.222087E+02	0E+00
3.11314e+01	9.99938e-04 	 0 	 0E+00 	 2.222084E+02	0E+00
3.12020e+01	9.99939e-04 	 0 	 0E+00 	 2.222087E+02	0E+00
3.12725e+01	9.99939e-04 	 0 	 0E+00 	 2.222087E+02	0E+00
3.13431e+01	9.99938e-04 	 0 	 0E+00 	 2.222084E+02	0E+00
3.14137e+01	9.99936e-04 	 0 	 0E+00 	 2.22208E+02	0E+00
3.15246e+01	9.99936e-04 	 0 	 0E+00 	 2.22208E+02	0E+00
3.15952e+01	9.99936e-04 	 0 	 0E+00 	 2.22208E+02	0E+00
3.16658e+01	4.91512e-10 	 0 	 0E+00 	 1.092249E-04	0E+00
3.32366e+01	-5.68428e-10 	 0 	 -0E+00 	 -1.263173E-04	0E+00
3.43622e+01	-2.44865e-10 	 0 	 -0E+00 	 -5.441444E-05	0E+00
3.59428e+01	1.24927e-10 	 0 	 0E+00 	 2.776156E-05	0E+00
3.69133e+01	3.50852e-10 	 0 	 0E+00 	 7.796711E-05	0E+00
3.78838e+01	1.52369e-10 	 0 	 0E+00 	 3.385978E-05	0E+00
3.88543e+01	9.12212e-10 	 0 	 0E+00 	 2.027138E-04	0E+00
3.98248e+01	3.75424e-10 	 0 	 0E+00 	 8.342756E-05	0E+00
4.07953e+01	5.81498e-10 	 0 	 0E+00 	 1.292218E-04	0E+00
4.17658e+01	3.96871e-10 	 0 	 0E+00 	 8.819356E-05	0E+00
4.27363e+01	1.62811e-10 	 0 	 0E+00 	 3.618022E-05	0E+00
4.68470e+01	9.99934e-04 	 0 	 0E+00 	 2.222076E+02	0E+00
4.81776e+01	9.99934e-04 	 0 	 0E+00 	 2.222076E+02	0E+00
4.82482e+01	9.99933e-04 	 0 	 0E+00 	 2.222073E+02	0E+00
4.83188e+01	9.99933e-04 	 0 	 0E+00 	 2.222073E+02	0E+00
4.83894e+01	9.99933e-04 	 0 	 0E+00 	 2.222073E+02	0E+00
4.84599e+01	9.99933e-04 	 0 	 0E+00 	 2.222073E+02	0E+00
4.85305e+01	9.99933e-04 	 0 	 0E+00 	 2.222073E+02	0E+00
4.86011e+01	9.99933e-04 	 0 	 0E+00 	 2.222073E+02	0E+00
4.86716e+01	9.99933e-04 	 0 	 0E+00 	 2.222073E+02	0E+00
4.87422e+01	9.99933e-04 	 0 	 0E+00 	 2.222073E+02	0E+00
4.88128e+01	9.99933e-04 	 0 	 0E+00 	 2.222073E+02	0E+00
4.88833e+01	9.99933e-04 	 0 	 0E+00 	 2.222073E+02	0E+00
4.89539e+01	9.99934e-04 	 0 	 0E+00 	 2.222076E+02	0E+00
4.90245e+01	9.99932e-04 	 0 	 0E+00 	 2.222071E+02	0E+00
4.90950e+01	9.99933e-04 	 0 	 0E+00 	 2.222073E+02	0E+00
4.91656e+01	9.99933e-04 	 0 	 0E+00 	 2.222073E+02	0E+00
4.92362e+01	9.99934e-04 	 0 	 0E+00 	 2.222076E+02	0E+00
4.93067e+01	9.99934e-04 	 0 	 0E+00 	 2.222076E+02	0E+00
4.93773e+01	9.99935e-04 	 0 	 0E+00 	 2.222078E+02	0E+00
4.94478e+01	9.99934e-04 	 0 	 0E+00 	 2.222076E+02	0E+00
4.95184e+01	9.99933e-04 	 0 	 0E+00 	 2.222073E+02	0E+00
4.95890e+01	9.99934e-04 	 0 	 0E+00 	 2.222076E+02	0E+00
4.96595e+01	9.99934e-04 	 0 	 0E+00 	 2.222076E+02	0E+00
4.97301e+01	9.99933e-04 	 0 	 0E+00 	 2.222073E+02	0E+00
4.98007e+01	9.99933e-04 	 0 	 0E+00 	 2.222073E+02	0E+00
4.98712e+01	9.99933e-04 	 0 	 0E+00 	 2.222073E+02	0E+00
4.99418e+01	9.99933e-04 	 0 	 0E+00 	 2.222073E+02	0E+00
5.00124e+01	9.99933e-04 	 0 	 0E+00 	 2.222073E+02	0E+00
5.00830e+01	9.99933e-04 	 0 	 0E+00 	 2.222073E+02	0E+00
5.01535e+01	9.99933e-04 	 0 	 0E+00 	 2.222073E+02	0E+00
5.02241e+01	9.99932e-04 	 0 	 0E+00 	 2.222071E+02	0E+00
5.02946e+01	9.99932e-04 	 0 	 0E+00 	 2.222071E+02	0E+00
5.03652e+01	9.99932e-04 	 0 	 0E+00 	 2.222071E+02	0E+00
5.04358e+01	9.99932e-04 	 0 	 0E+00 	 2.222071E+02	0E+00
5.05063e+01	9.99932e-04 	 0 	 0E+00 	 2.222071E+02	0E+00
5.05769e+01	9.99932e-04 	 0 	 0E+00 	 2.222071E+02	0E+00
5.06475e+01	9.99932e-04 	 0 	 0E+00 	 2.222071E+02	0E+00
5.07180e+01	9.99934e-04 	 0 	 0E+00 	 2.222076E+02	0E+00
5.07886e+01	9.99933e-04 	 0 	 0E+00 	 2.222073E+02	0E+00
5.08591e+01	9.99933e-04 	 0 	 0E+00 	 2.222073E+02	0E+00
5.09297e+01	9.99934e-04 	 0 	 0E+00 	 2.222076E+02	0E+00
5.10003e+01	9.99934e-04 	 0 	 0E+00 	 2.222076E+02	0E+00
5.10708e+01	9.99934e-04 	 0 	 0E+00 	 2.222076E+02	0E+00
5.11414e+01	9.99935e-04 	 0 	 0E+00 	 2.222078E+02	0E+00
5.12120e+01	9.99934e-04 	 0 	 0E+00 	 2.222076E+02	0E+00
5.12825e+01	9.99934e-04 	 0 	 0E+00 	 2.222076E+02	0E+00
5.13531e+01	9.99934e-04 	 0 	 0E+00 	 2.222076E+02	0E+00
5.14237e+01	9.99934e-04 	 0 	 0E+00 	 2.222076E+02	0E+00
5.14943e+01	9.99934e-04 	 0 	 0E+00 	 2.222076E+02	0E+00
5.15648e+01	9.99934e-04 	 0 	 0E+00 	 2.222076E+02	0E+00
5.16354e+01	9.99934e-04 	 0 	 0E+00 	 2.222076E+02	0E+00
5.17059e+01	9.99933e-04 	 0 	 0E+00 	 2.222073E+02	0E+00
5.17765e+01	9.99935e-04 	 0 	 0E+00 	 2.222078E+02	0E+00
5.18471e+01	9.99935e-04 	 0 	 0E+00 	 2.222078E+02	0E+00
5.19176e+01	9.99934e-04 	 0 	 0E+00 	 2.222076E+02	0E+00
5.19882e+01	9.99934e-04 	 0 	 0E+00 	 2.222076E+02	0E+00
5.20588e+01	9.99935e-04 	 0 	 0E+00 	 2.222078E+02	0E+00
5.21293e+01	9.99934e-04 	 0 	 0E+00 	 2.222076E+02	0E+00
5.21999e+01	9.99934e-04 	 0 	 0E+00 	 2.222076E+02	0E+00
5.22705e+01	9.99934e-04 	 0 	 0E+00 	 2.222076E+02	0E+00
5.23411e+01	9.99934e-04 	 0 	 0E+00 	 2.222076E+02	0E+00
5.24116e+01	9.99934e-04 	 0 	 0E+00 	 2.222076E+02	0E+00
5.24822e+01	9.99934e-04 	 0 	 0E+00 	 2.222076E+02	0E+00
5.25528e+01	9.99935e-04 	 0 	 0E+00 	 2.222078E+02	0E+00
5.26233e+01	9.99935e-04 	 0 	 0E+00 	 2.222078E+02	0E+00
5.26939e+01	9.99935e-04 	 0 	 0E+00 	 2.222078E+02	0E+00
5.27644e+01	9.99935e-04 	 0 	 0E+00 	 2.222078E+02	0E+00
5.28350e+01	9.99934e-04 	 0 	 0E+00 	 2.222076E+02	0E+00
5.29056e+01	9.99933e-04 	 0 	 0E+00 	 2.222073E+02	0E+00
5.29761e+01	9.99933e-04 	 0 	 0E+00 	 2.222073E+02	0E+00
5.30467e+01	9.99932e-04 	 0 	 0E+00 	 2.222071E+02	0E+00
5.31173e+01	9.99933e-04 	 0 	 0E+00 	 2.222073E+02	0E+00
5.31878e+01	9.99933e-04 	 0 	 0E+00 	 2.222073E+02	0E+00
5.32584e+01	9.99932e-04 	 0 	 0E+00 	 2.222071E+02	0E+00
5.33289e+01	9.99932e-04 	 0 	 0E+00 	 2.222071E+02	0E+00
5.33995e+01	9.99932e-04 	 0 	 0E+00 	 2.222071E+02	0E+00
5.34701e+01	9.99933e-04 	 0 	 0E+00 	 2.222073E+02	0E+00
5.35406e+01	9.99933e-04 	 0 	 0E+00 	 2.222073E+02	0E+00
5.36112e+01	9.99934e-04 	 0 	 0E+00 	 2.222076E+02	0E+00
5.36818e+01	9.99932e-04 	 0 	 0E+00 	 2.222071E+02	0E+00
5.37523e+01	9.99934e-04 	 0 	 0E+00 	 2.222076E+02	0E+00
5.38229e+01	9.99934e-04 	 0 	 0E+00 	 2.222076E+02	0E+00
5.38935e+01	9.99934e-04 	 0 	 0E+00 	 2.222076E+02	0E+00
5.39640e+01	9.99934e-04 	 0 	 0E+00 	 2.222076E+02	0E+00
5.40346e+01	9.99934e-04 	 0 	 0E+00 	 2.222076E+02	0E+00
5.41052e+01	9.99934e-04 	 0 	 0E+00 	 2.222076E+02	0E+00
5.41757e+01	9.99933e-04 	 0 	 0E+00 	 2.222073E+02	0E+00
5.42463e+01	9.99932e-04 	 0 	 0E+00 	 2.222071E+02	0E+00
5.43169e+01	9.99932e-04 	 0 	 0E+00 	 2.222071E+02	0E+00
5.43874e+01	9.99931e-04 	 0 	 0E+00 	 2.222069E+02	0E+00
5.44580e+01	9.99933e-04 	 0 	 0E+00 	 2.222073E+02	0E+00
5.45285e+01	9.99931e-04 	 0 	 0E+00 	 2.222069E+02	0E+00
5.45991e+01	9.99932e-04 	 0 	 0E+00 	 2.222071E+02	0E+00
5.46696e+01	9.99928e-04 	 0 	 0E+00 	 2.222062E+02	0E+00
5.47402e+01	9.99932e-04 	 0 	 0E+00 	 2.222071E+02	0E+00
5.48108e+01	9.99933e-04 	 0 	 0E+00 	 2.222073E+02	0E+00
5.48814e+01	9.99933e-04 	 0 	 0E+00 	 2.222073E+02	0E+00
5.49519e+01	9.99932e-04 	 0 	 0E+00 	 2.222071E+02	0E+00
5.50225e+01	9.99933e-04 	 0 	 0E+00 	 2.222073E+02	0E+00
5.50931e+01	9.99932e-04 	 0 	 0E+00 	 2.222071E+02	0E+00
5.51636e+01	9.99932e-04 	 0 	 0E+00 	 2.222071E+02	0E+00
5.52342e+01	9.99932e-04 	 0 	 0E+00 	 2.222071E+02	0E+00
5.53047e+01	9.99931e-04 	 0 	 0E+00 	 2.222069E+02	0E+00
5.53753e+01	9.99933e-04 	 0 	 0E+00 	 2.222073E+02	0E+00
5.54459e+01	9.99933e-04 	 0 	 0E+00 	 2.222073E+02	0E+00
5.55164e+01	9.99933e-04 	 0 	 0E+00 	 2.222073E+02	0E+00
5.55870e+01	9.99933e-04 	 0 	 0E+00 	 2.222073E+02	0E+00
5.56575e+01	9.99933e-04 	 0 	 0E+00 	 2.222073E+02	0E+00
5.57281e+01	9.99933e-04 	 0 	 0E+00 	 2.222073E+02	0E+00
5.57987e+01	9.99933e-04 	 0 	 0E+00 	 2.222073E+02	0E+00
5.58692e+01	9.99935e-04 	 0 	 0E+00 	 2.222078E+02	0E+00
5.59398e+01	9.99934e-04 	 0 	 0E+00 	 2.222076E+02	0E+00
5.60103e+01	9.99934e-04 	 0 	 0E+00 	 2.222076E+02	0E+00
5.60809e+01	9.99934e-04 	 0 	 0E+00 	 2.222076E+02	0E+00
5.61515e+01	9.99933e-04 	 0 	 0E+00 	 2.222073E+02	0E+00
5.62220e+01	9.99933e-04 	 0 	 0E+00 	 2.222073E+02	0E+00
5.62926e+01	9.99933e-04 	 0 	 0E+00 	 2.222073E+02	0E+00
5.63632e+01	9.99933e-04 	 0 	 0E+00 	 2.222073E+02	0E+00
5.64337e+01	9.99932e-04 	 0 	 0E+00 	 2.222071E+02	0E+00
5.65043e+01	9.99933e-04 	 0 	 0E+00 	 2.222073E+02	0E+00
5.65748e+01	9.99932e-04 	 0 	 0E+00 	 2.222071E+02	0E+00
5.66454e+01	9.99932e-04 	 0 	 0E+00 	 2.222071E+02	0E+00
5.67160e+01	9.99931e-04 	 0 	 0E+00 	 2.222069E+02	0E+00
5.67866e+01	9.99932e-04 	 0 	 0E+00 	 2.222071E+02	0E+00
5.68571e+01	9.99931e-04 	 0 	 0E+00 	 2.222069E+02	0E+00
5.69277e+01	9.99931e-04 	 0 	 0E+00 	 2.222069E+02	0E+00
5.69983e+01	9.99931e-04 	 0 	 0E+00 	 2.222069E+02	0E+00
5.70688e+01	9.99931e-04 	 0 	 0E+00 	 2.222069E+02	0E+00
5.71394e+01	9.99931e-04 	 0 	 0E+00 	 2.222069E+02	0E+00
5.72099e+01	9.99931e-04 	 0 	 0E+00 	 2.222069E+02	0E+00
5.72805e+01	9.99931e-04 	 0 	 0E+00 	 2.222069E+02	0E+00
5.73511e+01	9.99931e-04 	 0 	 0E+00 	 2.222069E+02	0E+00
5.74217e+01	9.99932e-04 	 0 	 0E+00 	 2.222071E+02	0E+00
5.74922e+01	9.99932e-04 	 0 	 0E+00 	 2.222071E+02	0E+00
5.75628e+01	9.99933e-04 	 0 	 0E+00 	 2.222073E+02	0E+00
5.76333e+01	9.99933e-04 	 0 	 0E+00 	 2.222073E+02	0E+00
5.77039e+01	9.99933e-04 	 0 	 0E+00 	 2.222073E+02	0E+00
5.77745e+01	9.99933e-04 	 0 	 0E+00 	 2.222073E+02	0E+00
5.78450e+01	9.99933e-04 	 0 	 0E+00 	 2.222073E+02	0E+00
5.79156e+01	9.99934e-04 	 0 	 0E+00 	 2.222076E+02	0E+00
5.79862e+01	9.99930e-04 	 0 	 0E+00 	 2.222067E+02	0E+00
5.80567e+01	9.99935e-04 	 0 	 0E+00 	 2.222078E+02	0E+00
5.81273e+01	9.99935e-04 	 0 	 0E+00 	 2.222078E+02	0E+00
5.81978e+01	9.99936e-04 	 0 	 0E+00 	 2.22208E+02	0E+00
5.82684e+01	9.99935e-04 	 0 	 0E+00 	 2.222078E+02	0E+00
5.83389e+01	9.99935e-04 	 0 	 0E+00 	 2.222078E+02	0E+00
5.84095e+01	9.99935e-04 	 0 	 0E+00 	 2.222078E+02	0E+00
5.84801e+01	9.99935e-04 	 0 	 0E+00 	 2.222078E+02	0E+00
5.85506e+01	9.99935e-04 	 0 	 0E+00 	 2.222078E+02	0E+00
5.86212e+01	9.99934e-04 	 0 	 0E+00 	 2.222076E+02	0E+00
5.86918e+01	9.99933e-04 	 0 	 0E+00 	 2.222073E+02	0E+00
5.87623e+01	9.99935e-04 	 0 	 0E+00 	 2.222078E+02	0E+00
5.88329e+01	9.99935e-04 	 0 	 0E+00 	 2.222078E+02	0E+00
5.89035e+01	9.99934e-04 	 0 	 0E+00 	 2.222076E+02	0E+00
5.89741e+01	9.99934e-04 	 0 	 0E+00 	 2.222076E+02	0E+00
5.90446e+01	9.99934e-04 	 0 	 0E+00 	 2.222076E+02	0E+00
5.91152e+01	9.99934e-04 	 0 	 0E+00 	 2.222076E+02	0E+00
5.91857e+01	9.99934e-04 	 0 	 0E+00 	 2.222076E+02	0E+00
5.92563e+01	9.99934e-04 	 0 	 0E+00 	 2.222076E+02	0E+00
5.93268e+01	9.99934e-04 	 0 	 0E+00 	 2.222076E+02	0E+00
5.93974e+01	9.99934e-04 	 0 	 0E+00 	 2.222076E+02	0E+00
5.94680e+01	9.99934e-04 	 0 	 0E+00 	 2.222076E+02	0E+00
5.95385e+01	9.99934e-04 	 0 	 0E+00 	 2.222076E+02	0E+00
5.96091e+01	9.99934e-04 	 0 	 0E+00 	 2.222076E+02	0E+00
5.96797e+01	9.99934e-04 	 0 	 0E+00 	 2.222076E+02	0E+00
5.97502e+01	9.99934e-04 	 0 	 0E+00 	 2.222076E+02	0E+00
5.98208e+01	9.99935e-04 	 0 	 0E+00 	 2.222078E+02	0E+00
5.98914e+01	9.99935e-04 	 0 	 0E+00 	 2.222078E+02	0E+00
5.99620e+01	9.99935e-04 	 0 	 0E+00 	 2.222078E+02	0E+00
6.00325e+01	9.99934e-04 	 0 	 0E+00 	 2.222076E+02	0E+00
6.01031e+01	9.99920e-04 	 0 	 0E+00 	 2.222044E+02	0E+00
6.01737e+01	9.99934e-04 	 0 	 0E+00 	 2.222076E+02	0E+00
6.02442e+01	9.99935e-04 	 0 	 0E+00 	 2.222078E+02	0E+00
6.03148e+01	9.99934e-04 	 0 	 0E+00 	 2.222076E+02	0E+00
6.03853e+01	9.99934e-04 	 0 	 0E+00 	 2.222076E+02	0E+00
6.04559e+01	9.99934e-04 	 0 	 0E+00 	 2.222076E+02	0E+00
6.05265e+01	9.99934e-04 	 0 	 0E+00 	 2.222076E+02	0E+00
6.05970e+01	9.99933e-04 	 0 	 0E+00 	 2.222073E+02	0E+00
6.06676e+01	9.99933e-04 	 0 	 0E+00 	 2.222073E+02	0E+00
6.07381e+01	9.99933e-04 	 0 	 0E+00 	 2.222073E+02	0E+00
6.08087e+01	9.99934e-04 	 0 	 0E+00 	 2.222076E+02	0E+00
6.08793e+01	9.99934e-04 	 0 	 0E+00 	 2.222076E+02	0E+00
6.09499e+01	9.99932e-04 	 0 	 0E+00 	 2.222071E+02	0E+00
6.10204e+01	9.99933e-04 	 0 	 0E+00 	 2.222073E+02	0E+00
6.10910e+01	9.99933e-04 	 0 	 0E+00 	 2.222073E+02	0E+00
6.11616e+01	9.99933e-04 	 0 	 0E+00 	 2.222073E+02	0E+00
6.12321e+01	9.99934e-04 	 0 	 0E+00 	 2.222076E+02	0E+00
6.13027e+01	9.99933e-04 	 0 	 0E+00 	 2.222073E+02	0E+00
6.13733e+01	9.99932e-04 	 0 	 0E+00 	 2.222071E+02	0E+00
6.14438e+01	9.99933e-04 	 0 	 0E+00 	 2.222073E+02	0E+00
6.15144e+01	9.99933e-04 	 0 	 0E+00 	 2.222073E+02	0E+00
6.15850e+01	9.99933e-04 	 0 	 0E+00 	 2.222073E+02	0E+00
6.16555e+01	9.99933e-04 	 0 	 0E+00 	 2.222073E+02	0E+00
6.17261e+01	9.99933e-04 	 0 	 0E+00 	 2.222073E+02	0E+00
6.17966e+01	9.99933e-04 	 0 	 0E+00 	 2.222073E+02	0E+00
6.18672e+01	9.99934e-04 	 0 	 0E+00 	 2.222076E+02	0E+00
6.19378e+01	9.99934e-04 	 0 	 0E+00 	 2.222076E+02	0E+00
6.20084e+01	9.99935e-04 	 0 	 0E+00 	 2.222078E+02	0E+00
6.20789e+01	9.99934e-04 	 0 	 0E+00 	 2.222076E+02	0E+00
6.21495e+01	9.99933e-04 	 0 	 0E+00 	 2.222073E+02	0E+00
6.22201e+01	9.99933e-04 	 0 	 0E+00 	 2.222073E+02	0E+00
6.22907e+01	9.99933e-04 	 0 	 0E+00 	 2.222073E+02	0E+00
6.23612e+01	9.99934e-04 	 0 	 0E+00 	 2.222076E+02	0E+00
6.24318e+01	9.99935e-04 	 0 	 0E+00 	 2.222078E+02	0E+00
6.25023e+01	9.99935e-04 	 0 	 0E+00 	 2.222078E+02	0E+00
6.25729e+01	9.99934e-04 	 0 	 0E+00 	 2.222076E+02	0E+00
6.26434e+01	9.99933e-04 	 0 	 0E+00 	 2.222073E+02	0E+00
6.27140e+01	9.99932e-04 	 0 	 0E+00 	 2.222071E+02	0E+00
6.27845e+01	9.99931e-04 	 0 	 0E+00 	 2.222069E+02	0E+00
6.28551e+01	9.99932e-04 	 0 	 0E+00 	 2.222071E+02	0E+00
6.29659e+01	9.99934e-04 	 0 	 0E+00 	 2.222076E+02	0E+00
6.30365e+01	9.99934e-04 	 0 	 0E+00 	 2.222076E+02	0E+00
6.31071e+01	9.99934e-04 	 0 	 0E+00 	 2.222076E+02	0E+00
6.31776e+01	9.99935e-04 	 0 	 0E+00 	 2.222078E+02	0E+00
6.32482e+01	9.99934e-04 	 0 	 0E+00 	 2.222076E+02	0E+00
6.33187e+01	9.99935e-04 	 0 	 0E+00 	 2.222078E+02	0E+00
6.33893e+01	9.99935e-04 	 0 	 0E+00 	 2.222078E+02	0E+00
6.34599e+01	9.99935e-04 	 0 	 0E+00 	 2.222078E+02	0E+00
6.35305e+01	9.99935e-04 	 0 	 0E+00 	 2.222078E+02	0E+00
6.36010e+01	9.99935e-04 	 0 	 0E+00 	 2.222078E+02	0E+00
6.36716e+01	9.99935e-04 	 0 	 0E+00 	 2.222078E+02	0E+00
6.37422e+01	9.99934e-04 	 0 	 0E+00 	 2.222076E+02	0E+00
6.38127e+01	9.99934e-04 	 0 	 0E+00 	 2.222076E+02	0E+00
6.38833e+01	9.99934e-04 	 0 	 0E+00 	 2.222076E+02	0E+00
6.39539e+01	9.99935e-04 	 0 	 0E+00 	 2.222078E+02	0E+00
6.40244e+01	9.99936e-04 	 0 	 0E+00 	 2.22208E+02	0E+00
6.40950e+01	9.99935e-04 	 0 	 0E+00 	 2.222078E+02	0E+00
6.41656e+01	9.99935e-04 	 0 	 0E+00 	 2.222078E+02	0E+00
6.42361e+01	9.99935e-04 	 0 	 0E+00 	 2.222078E+02	0E+00
6.43067e+01	9.99934e-04 	 0 	 0E+00 	 2.222076E+02	0E+00
6.43773e+01	9.99934e-04 	 0 	 0E+00 	 2.222076E+02	0E+00
6.44478e+01	9.99935e-04 	 0 	 0E+00 	 2.222078E+02	0E+00
6.45184e+01	3.37061e-09 	 0 	 0E+00 	 7.490244E-04	0E+00
6.62443e+01	5.64619e-09 	 0 	 0E+00 	 1.254709E-03	0E+00
6.64048e+01	4.79455e-09 	 0 	 0E+00 	 1.065456E-03	0E+00
6.65653e+01	4.00283e-09 	 0 	 0E+00 	 8.895178E-04	0E+00
6.67258e+01	3.43279e-09 	 0 	 0E+00 	 7.628422E-04	0E+00
6.68863e+01	-1.84062e-09 	 0 	 -0E+00 	 -4.090267E-04	0E+00
6.70468e+01	-2.60790e-09 	 0 	 -0E+00 	 -5.795333E-04	0E+00
DATA: /home/user/PycharmProjects/OFET_K2636B_2019.10.15/data/OLED_00_oled_ltp_013.txt
