>>head<<dt(__) 	 I(__) 	 lux 	 CurrCoeff. 	 CurrA/m^-2. 	 lux/m^-2 	 %lux/m^-2
5.10000e-05	5.16812e-03 	 0 	 0E+00 	 1.148471E+03	0E+00	100.0
7.04840e-02	5.14836e-03 	 0 	 0E+00 	 1.14408E+03	0E+00	99.618
1.40868e-01	5.13230e-03 	 0 	 0E+00 	 1.140511E+03	0E+00	99.307
2.11247e-01	5.12067e-03 	 0 	 0E+00 	 1.137927E+03	0E+00	99.082
2.81602e-01	5.11234e-03 	 0 	 0E+00 	 1.136076E+03	0E+00	98.921
3.51956e-01	5.10383e-03 	 0 	 0E+00 	 1.134184E+03	0E+00	98.756
4.22308e-01	5.09704e-03 	 0 	 0E+00 	 1.132676E+03	0E+00	98.625
4.92643e-01	5.09167e-03 	 0 	 0E+00 	 1.131482E+03	0E+00	98.521
5.62988e-01	5.08711e-03 	 0 	 0E+00 	 1.130469E+03	0E+00	98.433
6.33338e-01	5.08139e-03 	 0 	 0E+00 	 1.129198E+03	0E+00	98.322
7.03686e-01	5.07598e-03 	 0 	 0E+00 	 1.127996E+03	0E+00	98.217
7.74027e-01	5.07118e-03 	 0 	 0E+00 	 1.126929E+03	0E+00	98.124
8.44367e-01	5.06884e-03 	 0 	 0E+00 	 1.126409E+03	0E+00	98.079
9.14714e-01	5.06524e-03 	 0 	 0E+00 	 1.125609E+03	0E+00	98.009
9.85050e-01	5.06262e-03 	 0 	 0E+00 	 1.125027E+03	0E+00	97.959
1.05538e+00	5.05885e-03 	 0 	 0E+00 	 1.124189E+03	0E+00	97.886
1.12572e+00	5.05609e-03 	 0 	 0E+00 	 1.123576E+03	0E+00	97.832
1.19607e+00	5.05289e-03 	 0 	 0E+00 	 1.122864E+03	0E+00	97.77
1.26641e+00	5.04933e-03 	 0 	 0E+00 	 1.122073E+03	0E+00	97.701
1.33675e+00	5.04660e-03 	 0 	 0E+00 	 1.121467E+03	0E+00	97.649
1.40709e+00	5.04461e-03 	 0 	 0E+00 	 1.121024E+03	0E+00	97.61
1.47744e+00	5.04141e-03 	 0 	 0E+00 	 1.120313E+03	0E+00	97.548
1.54777e+00	5.03962e-03 	 0 	 0E+00 	 1.119916E+03	0E+00	97.514
1.61812e+00	5.03622e-03 	 0 	 0E+00 	 1.11916E+03	0E+00	97.448
1.68846e+00	5.03494e-03 	 0 	 0E+00 	 1.118876E+03	0E+00	97.423
1.75879e+00	5.03248e-03 	 0 	 0E+00 	 1.118329E+03	0E+00	97.375
1.82913e+00	5.03080e-03 	 0 	 0E+00 	 1.117956E+03	0E+00	97.343
1.89948e+00	5.02847e-03 	 0 	 0E+00 	 1.117438E+03	0E+00	97.298
1.96982e+00	5.02733e-03 	 0 	 0E+00 	 1.117184E+03	0E+00	97.276
2.04018e+00	5.02450e-03 	 0 	 0E+00 	 1.116556E+03	0E+00	97.221
2.11064e+00	5.02347e-03 	 0 	 0E+00 	 1.116327E+03	0E+00	97.201
2.18107e+00	5.02102e-03 	 0 	 0E+00 	 1.115782E+03	0E+00	97.154
2.25153e+00	5.01945e-03 	 0 	 0E+00 	 1.115433E+03	0E+00	97.123
2.32199e+00	5.01699e-03 	 0 	 0E+00 	 1.114887E+03	0E+00	97.076
2.39245e+00	5.01578e-03 	 0 	 0E+00 	 1.114618E+03	0E+00	97.052
2.46288e+00	5.01420e-03 	 0 	 0E+00 	 1.114267E+03	0E+00	97.022
2.53333e+00	5.01265e-03 	 0 	 0E+00 	 1.113922E+03	0E+00	96.992
2.60378e+00	5.01074e-03 	 0 	 0E+00 	 1.113498E+03	0E+00	96.955
2.67420e+00	5.00935e-03 	 0 	 0E+00 	 1.113189E+03	0E+00	96.928
2.74466e+00	5.00770e-03 	 0 	 0E+00 	 1.112822E+03	0E+00	96.896
2.81512e+00	5.00688e-03 	 0 	 0E+00 	 1.11264E+03	0E+00	96.88
2.88557e+00	5.00409e-03 	 0 	 0E+00 	 1.11202E+03	0E+00	96.826
2.95602e+00	5.00278e-03 	 0 	 0E+00 	 1.111729E+03	0E+00	96.801
3.02648e+00	5.00153e-03 	 0 	 0E+00 	 1.111451E+03	0E+00	96.777
3.09693e+00	5.00065e-03 	 0 	 0E+00 	 1.111256E+03	0E+00	96.76
3.16734e+00	4.99885e-03 	 0 	 0E+00 	 1.110856E+03	0E+00	96.725
3.23778e+00	4.99613e-03 	 0 	 0E+00 	 1.110251E+03	0E+00	96.672
3.30825e+00	4.99470e-03 	 0 	 0E+00 	 1.109933E+03	0E+00	96.644
3.37871e+00	4.99395e-03 	 0 	 0E+00 	 1.109767E+03	0E+00	96.63
3.44914e+00	4.99280e-03 	 0 	 0E+00 	 1.109511E+03	0E+00	96.608
3.51957e+00	4.99232e-03 	 0 	 0E+00 	 1.109404E+03	0E+00	96.598
3.58999e+00	4.99070e-03 	 0 	 0E+00 	 1.109044E+03	0E+00	96.567
3.66045e+00	4.98937e-03 	 0 	 0E+00 	 1.108749E+03	0E+00	96.541
3.73091e+00	4.98762e-03 	 0 	 0E+00 	 1.10836E+03	0E+00	96.507
3.80138e+00	4.98616e-03 	 0 	 0E+00 	 1.108036E+03	0E+00	96.479
3.87182e+00	4.98502e-03 	 0 	 0E+00 	 1.107782E+03	0E+00	96.457
3.94228e+00	4.98395e-03 	 0 	 0E+00 	 1.107544E+03	0E+00	96.436
4.01273e+00	4.98309e-03 	 0 	 0E+00 	 1.107353E+03	0E+00	96.42
4.08316e+00	4.98190e-03 	 0 	 0E+00 	 1.107089E+03	0E+00	96.397
4.15358e+00	4.98011e-03 	 0 	 0E+00 	 1.106691E+03	0E+00	96.362
4.22403e+00	4.97973e-03 	 0 	 0E+00 	 1.106607E+03	0E+00	96.355
4.29450e+00	4.97842e-03 	 0 	 0E+00 	 1.106316E+03	0E+00	96.329
4.36493e+00	4.97769e-03 	 0 	 0E+00 	 1.106153E+03	0E+00	96.315
4.43535e+00	4.97647e-03 	 0 	 0E+00 	 1.105882E+03	0E+00	96.292
4.50580e+00	4.97586e-03 	 0 	 0E+00 	 1.105747E+03	0E+00	96.28
4.57627e+00	4.97275e-03 	 0 	 0E+00 	 1.105056E+03	0E+00	96.22
4.64673e+00	4.97190e-03 	 0 	 0E+00 	 1.104867E+03	0E+00	96.203
4.71715e+00	4.97010e-03 	 0 	 0E+00 	 1.104467E+03	0E+00	96.168
4.78759e+00	4.97016e-03 	 0 	 0E+00 	 1.10448E+03	0E+00	96.17
4.85804e+00	4.96851e-03 	 0 	 0E+00 	 1.104113E+03	0E+00	96.138
4.92846e+00	4.96667e-03 	 0 	 0E+00 	 1.103704E+03	0E+00	96.102
4.99892e+00	4.96649e-03 	 0 	 0E+00 	 1.103664E+03	0E+00	96.099
5.06935e+00	4.96509e-03 	 0 	 0E+00 	 1.103353E+03	0E+00	96.071
5.13979e+00	4.96435e-03 	 0 	 0E+00 	 1.103189E+03	0E+00	96.057
5.21025e+00	4.96315e-03 	 0 	 0E+00 	 1.102922E+03	0E+00	96.034
5.28070e+00	4.96158e-03 	 0 	 0E+00 	 1.102573E+03	0E+00	96.004
5.35117e+00	4.96129e-03 	 0 	 0E+00 	 1.102509E+03	0E+00	95.998
5.42160e+00	4.96072e-03 	 0 	 0E+00 	 1.102382E+03	0E+00	95.987
5.49207e+00	4.95959e-03 	 0 	 0E+00 	 1.102131E+03	0E+00	95.965
5.56248e+00	4.95664e-03 	 0 	 0E+00 	 1.101476E+03	0E+00	95.908
5.63294e+00	4.95507e-03 	 0 	 0E+00 	 1.101127E+03	0E+00	95.878
5.70341e+00	4.95304e-03 	 0 	 0E+00 	 1.100676E+03	0E+00	95.838
5.77388e+00	4.95188e-03 	 0 	 0E+00 	 1.100418E+03	0E+00	95.816
5.84434e+00	4.95179e-03 	 0 	 0E+00 	 1.100398E+03	0E+00	95.814
5.91478e+00	4.94975e-03 	 0 	 0E+00 	 1.099944E+03	0E+00	95.775
5.98522e+00	4.94868e-03 	 0 	 0E+00 	 1.099707E+03	0E+00	95.754
6.05567e+00	4.94659e-03 	 0 	 0E+00 	 1.099242E+03	0E+00	95.714
6.12613e+00	4.94600e-03 	 0 	 0E+00 	 1.099111E+03	0E+00	95.702
6.19656e+00	4.94476e-03 	 0 	 0E+00 	 1.098836E+03	0E+00	95.678
6.26701e+00	4.94442e-03 	 0 	 0E+00 	 1.09876E+03	0E+00	95.672
6.33745e+00	4.94335e-03 	 0 	 0E+00 	 1.098522E+03	0E+00	95.651
6.40790e+00	4.94261e-03 	 0 	 0E+00 	 1.098358E+03	0E+00	95.637
6.47838e+00	4.94117e-03 	 0 	 0E+00 	 1.098038E+03	0E+00	95.609
6.54884e+00	4.94048e-03 	 0 	 0E+00 	 1.097884E+03	0E+00	95.595
6.61930e+00	4.93957e-03 	 0 	 0E+00 	 1.097682E+03	0E+00	95.578
6.68975e+00	4.93862e-03 	 0 	 0E+00 	 1.097471E+03	0E+00	95.559
6.76023e+00	4.93798e-03 	 0 	 0E+00 	 1.097329E+03	0E+00	95.547
6.83068e+00	4.93647e-03 	 0 	 0E+00 	 1.096993E+03	0E+00	95.518
6.90110e+00	4.93514e-03 	 0 	 0E+00 	 1.096698E+03	0E+00	95.492
6.97157e+00	4.93474e-03 	 0 	 0E+00 	 1.096609E+03	0E+00	95.484
7.04202e+00	4.93296e-03 	 0 	 0E+00 	 1.096213E+03	0E+00	95.45
7.11247e+00	4.93232e-03 	 0 	 0E+00 	 1.096071E+03	0E+00	95.437
7.18292e+00	4.92962e-03 	 0 	 0E+00 	 1.095471E+03	0E+00	95.385
7.25338e+00	4.92904e-03 	 0 	 0E+00 	 1.095342E+03	0E+00	95.374
7.32381e+00	4.92857e-03 	 0 	 0E+00 	 1.095238E+03	0E+00	95.365
7.39426e+00	4.92874e-03 	 0 	 0E+00 	 1.095276E+03	0E+00	95.368
7.46474e+00	4.92661e-03 	 0 	 0E+00 	 1.094802E+03	0E+00	95.327
7.53520e+00	4.92619e-03 	 0 	 0E+00 	 1.094709E+03	0E+00	95.319
7.60563e+00	4.92383e-03 	 0 	 0E+00 	 1.094184E+03	0E+00	95.273
7.67608e+00	4.92430e-03 	 0 	 0E+00 	 1.094289E+03	0E+00	95.282
7.74654e+00	4.92297e-03 	 0 	 0E+00 	 1.093993E+03	0E+00	95.256
7.81700e+00	4.92201e-03 	 0 	 0E+00 	 1.09378E+03	0E+00	95.238
7.88743e+00	4.92054e-03 	 0 	 0E+00 	 1.093453E+03	0E+00	95.209
7.95789e+00	4.91992e-03 	 0 	 0E+00 	 1.093316E+03	0E+00	95.197
8.02834e+00	4.91992e-03 	 0 	 0E+00 	 1.093316E+03	0E+00	95.197
8.09878e+00	4.91927e-03 	 0 	 0E+00 	 1.093171E+03	0E+00	95.185
8.16924e+00	4.91769e-03 	 0 	 0E+00 	 1.09282E+03	0E+00	95.154
8.23970e+00	4.91566e-03 	 0 	 0E+00 	 1.092369E+03	0E+00	95.115
8.31016e+00	4.91422e-03 	 0 	 0E+00 	 1.092049E+03	0E+00	95.087
8.38059e+00	4.91353e-03 	 0 	 0E+00 	 1.091896E+03	0E+00	95.074
8.45104e+00	4.91222e-03 	 0 	 0E+00 	 1.091604E+03	0E+00	95.048
8.52147e+00	4.91092e-03 	 0 	 0E+00 	 1.091316E+03	0E+00	95.023
8.59192e+00	4.91161e-03 	 0 	 0E+00 	 1.091469E+03	0E+00	95.037
8.66237e+00	4.90984e-03 	 0 	 0E+00 	 1.091076E+03	0E+00	95.002
8.73281e+00	4.90790e-03 	 0 	 0E+00 	 1.090644E+03	0E+00	94.965
8.80324e+00	4.90726e-03 	 0 	 0E+00 	 1.090502E+03	0E+00	94.953
8.87370e+00	4.90624e-03 	 0 	 0E+00 	 1.090276E+03	0E+00	94.933
8.94415e+00	4.90452e-03 	 0 	 0E+00 	 1.089893E+03	0E+00	94.899
9.01457e+00	4.90290e-03 	 0 	 0E+00 	 1.089533E+03	0E+00	94.868
9.08503e+00	4.90295e-03 	 0 	 0E+00 	 1.089544E+03	0E+00	94.869
9.15548e+00	4.90215e-03 	 0 	 0E+00 	 1.089367E+03	0E+00	94.854
9.22595e+00	4.90203e-03 	 0 	 0E+00 	 1.08934E+03	0E+00	94.851
9.29640e+00	4.90081e-03 	 0 	 0E+00 	 1.089069E+03	0E+00	94.828
9.36685e+00	4.90031e-03 	 0 	 0E+00 	 1.088958E+03	0E+00	94.818
9.43730e+00	4.89799e-03 	 0 	 0E+00 	 1.088442E+03	0E+00	94.773
9.50776e+00	4.89669e-03 	 0 	 0E+00 	 1.088153E+03	0E+00	94.748
9.57821e+00	4.89689e-03 	 0 	 0E+00 	 1.088198E+03	0E+00	94.752
9.64865e+00	4.89507e-03 	 0 	 0E+00 	 1.087793E+03	0E+00	94.717
9.71910e+00	4.89305e-03 	 0 	 0E+00 	 1.087344E+03	0E+00	94.678
9.78954e+00	4.89201e-03 	 0 	 0E+00 	 1.087113E+03	0E+00	94.657
9.85999e+00	4.89215e-03 	 0 	 0E+00 	 1.087144E+03	0E+00	94.66
9.93044e+00	4.89080e-03 	 0 	 0E+00 	 1.086844E+03	0E+00	94.634
1.00009e+01	4.88976e-03 	 0 	 0E+00 	 1.086613E+03	0E+00	94.614
1.00714e+01	4.88903e-03 	 0 	 0E+00 	 1.086451E+03	0E+00	94.6
1.01418e+01	4.88807e-03 	 0 	 0E+00 	 1.086238E+03	0E+00	94.581
1.02122e+01	4.88730e-03 	 0 	 0E+00 	 1.086067E+03	0E+00	94.566
1.02827e+01	4.88689e-03 	 0 	 0E+00 	 1.085976E+03	0E+00	94.558
1.03531e+01	4.88589e-03 	 0 	 0E+00 	 1.085753E+03	0E+00	94.539
1.04235e+01	4.88588e-03 	 0 	 0E+00 	 1.085751E+03	0E+00	94.539
1.04940e+01	4.88376e-03 	 0 	 0E+00 	 1.08528E+03	0E+00	94.498
1.05644e+01	4.88260e-03 	 0 	 0E+00 	 1.085022E+03	0E+00	94.475
1.06349e+01	4.88253e-03 	 0 	 0E+00 	 1.085007E+03	0E+00	94.474
1.07054e+01	4.88134e-03 	 0 	 0E+00 	 1.084742E+03	0E+00	94.451
1.07758e+01	4.88015e-03 	 0 	 0E+00 	 1.084478E+03	0E+00	94.428
1.08463e+01	4.87941e-03 	 0 	 0E+00 	 1.084313E+03	0E+00	94.414
1.09167e+01	4.87825e-03 	 0 	 0E+00 	 1.084056E+03	0E+00	94.391
1.09872e+01	4.87764e-03 	 0 	 0E+00 	 1.08392E+03	0E+00	94.379
1.10576e+01	4.87682e-03 	 0 	 0E+00 	 1.083738E+03	0E+00	94.364
1.11280e+01	4.87563e-03 	 0 	 0E+00 	 1.083473E+03	0E+00	94.34
1.11985e+01	4.87418e-03 	 0 	 0E+00 	 1.083151E+03	0E+00	94.312
1.12689e+01	4.87314e-03 	 0 	 0E+00 	 1.08292E+03	0E+00	94.292
1.13394e+01	4.87341e-03 	 0 	 0E+00 	 1.08298E+03	0E+00	94.298
1.14098e+01	4.87241e-03 	 0 	 0E+00 	 1.082758E+03	0E+00	94.278
1.14803e+01	4.87222e-03 	 0 	 0E+00 	 1.082716E+03	0E+00	94.275
1.15507e+01	4.87207e-03 	 0 	 0E+00 	 1.082682E+03	0E+00	94.272
1.16212e+01	4.87055e-03 	 0 	 0E+00 	 1.082344E+03	0E+00	94.242
1.16917e+01	4.86923e-03 	 0 	 0E+00 	 1.082051E+03	0E+00	94.217
1.17621e+01	4.86860e-03 	 0 	 0E+00 	 1.081911E+03	0E+00	94.204
1.18326e+01	4.86733e-03 	 0 	 0E+00 	 1.081629E+03	0E+00	94.18
1.19030e+01	4.86631e-03 	 0 	 0E+00 	 1.081402E+03	0E+00	94.16
1.19735e+01	4.86569e-03 	 0 	 0E+00 	 1.081264E+03	0E+00	94.148
1.20439e+01	4.86589e-03 	 0 	 0E+00 	 1.081309E+03	0E+00	94.152
1.21144e+01	4.86481e-03 	 0 	 0E+00 	 1.081069E+03	0E+00	94.131
1.21848e+01	4.86461e-03 	 0 	 0E+00 	 1.081024E+03	0E+00	94.127
1.22553e+01	4.86276e-03 	 0 	 0E+00 	 1.080613E+03	0E+00	94.091
1.23257e+01	4.86110e-03 	 0 	 0E+00 	 1.080244E+03	0E+00	94.059
1.23962e+01	4.86157e-03 	 0 	 0E+00 	 1.080349E+03	0E+00	94.068
1.24666e+01	4.86049e-03 	 0 	 0E+00 	 1.080109E+03	0E+00	94.048
1.25371e+01	4.85878e-03 	 0 	 0E+00 	 1.079729E+03	0E+00	94.014
1.26075e+01	4.85825e-03 	 0 	 0E+00 	 1.079611E+03	0E+00	94.004
1.26780e+01	4.85680e-03 	 0 	 0E+00 	 1.079289E+03	0E+00	93.976
1.27484e+01	4.85639e-03 	 0 	 0E+00 	 1.079198E+03	0E+00	93.968
1.28188e+01	4.85547e-03 	 0 	 0E+00 	 1.078993E+03	0E+00	93.95
1.28893e+01	4.85528e-03 	 0 	 0E+00 	 1.078951E+03	0E+00	93.947
1.29597e+01	4.85288e-03 	 0 	 0E+00 	 1.078418E+03	0E+00	93.9
1.30302e+01	4.85181e-03 	 0 	 0E+00 	 1.07818E+03	0E+00	93.88
1.31006e+01	4.85115e-03 	 0 	 0E+00 	 1.078033E+03	0E+00	93.867
1.31711e+01	4.85038e-03 	 0 	 0E+00 	 1.077862E+03	0E+00	93.852
1.32415e+01	4.84981e-03 	 0 	 0E+00 	 1.077736E+03	0E+00	93.841
1.33120e+01	4.84907e-03 	 0 	 0E+00 	 1.077571E+03	0E+00	93.827
1.33824e+01	4.84784e-03 	 0 	 0E+00 	 1.077298E+03	0E+00	93.803
1.34529e+01	4.84728e-03 	 0 	 0E+00 	 1.077173E+03	0E+00	93.792
1.35233e+01	4.84614e-03 	 0 	 0E+00 	 1.07692E+03	0E+00	93.77
1.35938e+01	4.84624e-03 	 0 	 0E+00 	 1.076942E+03	0E+00	93.772
1.36642e+01	4.84593e-03 	 0 	 0E+00 	 1.076873E+03	0E+00	93.766
1.37346e+01	4.84379e-03 	 0 	 0E+00 	 1.076398E+03	0E+00	93.724
1.38051e+01	4.84340e-03 	 0 	 0E+00 	 1.076311E+03	0E+00	93.717
1.38755e+01	4.84347e-03 	 0 	 0E+00 	 1.076327E+03	0E+00	93.718
1.39460e+01	4.84147e-03 	 0 	 0E+00 	 1.075882E+03	0E+00	93.68
1.40165e+01	4.84155e-03 	 0 	 0E+00 	 1.0759E+03	0E+00	93.681
1.40869e+01	4.84038e-03 	 0 	 0E+00 	 1.07564E+03	0E+00	93.658
1.41574e+01	4.84009e-03 	 0 	 0E+00 	 1.075576E+03	0E+00	93.653
1.42278e+01	4.83889e-03 	 0 	 0E+00 	 1.075309E+03	0E+00	93.63
1.42983e+01	4.83808e-03 	 0 	 0E+00 	 1.075129E+03	0E+00	93.614
1.43687e+01	4.83720e-03 	 0 	 0E+00 	 1.074933E+03	0E+00	93.597
1.44392e+01	4.83715e-03 	 0 	 0E+00 	 1.074922E+03	0E+00	93.596
1.45096e+01	4.83532e-03 	 0 	 0E+00 	 1.074516E+03	0E+00	93.561
1.45801e+01	4.83507e-03 	 0 	 0E+00 	 1.07446E+03	0E+00	93.556
1.46505e+01	4.83359e-03 	 0 	 0E+00 	 1.074131E+03	0E+00	93.527
1.47210e+01	4.83212e-03 	 0 	 0E+00 	 1.073804E+03	0E+00	93.499
1.47914e+01	4.83169e-03 	 0 	 0E+00 	 1.073709E+03	0E+00	93.49
1.48619e+01	4.83139e-03 	 0 	 0E+00 	 1.073642E+03	0E+00	93.484
1.49324e+01	4.83178e-03 	 0 	 0E+00 	 1.073729E+03	0E+00	93.492
1.50028e+01	4.83020e-03 	 0 	 0E+00 	 1.073378E+03	0E+00	93.461
1.51135e+01	4.82817e-03 	 0 	 0E+00 	 1.072927E+03	0E+00	93.422
1.51840e+01	4.82769e-03 	 0 	 0E+00 	 1.07282E+03	0E+00	93.413
1.52544e+01	4.82657e-03 	 0 	 0E+00 	 1.072571E+03	0E+00	93.391
1.53248e+01	4.82667e-03 	 0 	 0E+00 	 1.072593E+03	0E+00	93.393
1.53954e+01	4.82641e-03 	 0 	 0E+00 	 1.072536E+03	0E+00	93.388
1.54659e+01	4.82619e-03 	 0 	 0E+00 	 1.072487E+03	0E+00	93.384
1.55363e+01	4.82529e-03 	 0 	 0E+00 	 1.072287E+03	0E+00	93.366
1.56068e+01	4.82406e-03 	 0 	 0E+00 	 1.072013E+03	0E+00	93.343
1.56773e+01	4.82268e-03 	 0 	 0E+00 	 1.071707E+03	0E+00	93.316
1.57477e+01	4.82312e-03 	 0 	 0E+00 	 1.071804E+03	0E+00	93.324
1.58182e+01	4.82113e-03 	 0 	 0E+00 	 1.071362E+03	0E+00	93.286
1.58886e+01	4.82098e-03 	 0 	 0E+00 	 1.071329E+03	0E+00	93.283
1.59591e+01	4.81968e-03 	 0 	 0E+00 	 1.07104E+03	0E+00	93.258
1.60295e+01	4.81899e-03 	 0 	 0E+00 	 1.070887E+03	0E+00	93.245
1.61000e+01	4.81854e-03 	 0 	 0E+00 	 1.070787E+03	0E+00	93.236
1.61704e+01	4.81824e-03 	 0 	 0E+00 	 1.07072E+03	0E+00	93.23
1.62409e+01	4.81735e-03 	 0 	 0E+00 	 1.070522E+03	0E+00	93.213
1.63113e+01	4.81704e-03 	 0 	 0E+00 	 1.070453E+03	0E+00	93.207
1.63818e+01	4.81527e-03 	 0 	 0E+00 	 1.07006E+03	0E+00	93.173
1.64522e+01	4.81485e-03 	 0 	 0E+00 	 1.069967E+03	0E+00	93.164
1.65227e+01	4.81430e-03 	 0 	 0E+00 	 1.069844E+03	0E+00	93.154
1.65931e+01	4.81286e-03 	 0 	 0E+00 	 1.069524E+03	0E+00	93.126
1.66636e+01	4.81192e-03 	 0 	 0E+00 	 1.069316E+03	0E+00	93.108
1.67340e+01	4.81200e-03 	 0 	 0E+00 	 1.069333E+03	0E+00	93.109
1.68045e+01	4.81054e-03 	 0 	 0E+00 	 1.069009E+03	0E+00	93.081
1.68749e+01	4.81035e-03 	 0 	 0E+00 	 1.068967E+03	0E+00	93.077
1.69454e+01	4.80958e-03 	 0 	 0E+00 	 1.068796E+03	0E+00	93.062
1.70159e+01	4.80939e-03 	 0 	 0E+00 	 1.068753E+03	0E+00	93.059
1.70863e+01	4.80841e-03 	 0 	 0E+00 	 1.068536E+03	0E+00	93.04
1.71568e+01	4.80761e-03 	 0 	 0E+00 	 1.068358E+03	0E+00	93.024
1.72272e+01	4.80688e-03 	 0 	 0E+00 	 1.068196E+03	0E+00	93.01
1.72977e+01	4.80544e-03 	 0 	 0E+00 	 1.067876E+03	0E+00	92.982
1.73681e+01	4.80521e-03 	 0 	 0E+00 	 1.067824E+03	0E+00	92.978
1.74386e+01	4.80480e-03 	 0 	 0E+00 	 1.067733E+03	0E+00	92.97
1.75090e+01	4.80303e-03 	 0 	 0E+00 	 1.06734E+03	0E+00	92.936
1.75795e+01	4.80322e-03 	 0 	 0E+00 	 1.067382E+03	0E+00	92.939
1.76499e+01	4.80231e-03 	 0 	 0E+00 	 1.06718E+03	0E+00	92.922
1.77204e+01	4.80121e-03 	 0 	 0E+00 	 1.066936E+03	0E+00	92.901
1.77908e+01	4.80074e-03 	 0 	 0E+00 	 1.066831E+03	0E+00	92.891
1.78613e+01	4.80121e-03 	 0 	 0E+00 	 1.066936E+03	0E+00	92.901
1.79317e+01	4.80023e-03 	 0 	 0E+00 	 1.066718E+03	0E+00	92.882
1.80022e+01	4.80049e-03 	 0 	 0E+00 	 1.066776E+03	0E+00	92.887
1.80727e+01	4.79891e-03 	 0 	 0E+00 	 1.066424E+03	0E+00	92.856
1.81431e+01	4.79851e-03 	 0 	 0E+00 	 1.066336E+03	0E+00	92.848
1.82136e+01	4.79876e-03 	 0 	 0E+00 	 1.066391E+03	0E+00	92.853
1.82840e+01	4.79716e-03 	 0 	 0E+00 	 1.066036E+03	0E+00	92.822
1.83545e+01	4.79598e-03 	 0 	 0E+00 	 1.065773E+03	0E+00	92.799
1.84249e+01	4.79602e-03 	 0 	 0E+00 	 1.065782E+03	0E+00	92.8
1.84955e+01	4.79548e-03 	 0 	 0E+00 	 1.065662E+03	0E+00	92.79
1.85660e+01	4.79396e-03 	 0 	 0E+00 	 1.065324E+03	0E+00	92.76
1.86364e+01	4.79390e-03 	 0 	 0E+00 	 1.065311E+03	0E+00	92.759
1.87069e+01	4.79312e-03 	 0 	 0E+00 	 1.065138E+03	0E+00	92.744
1.87773e+01	4.79217e-03 	 0 	 0E+00 	 1.064927E+03	0E+00	92.726
1.88478e+01	4.79182e-03 	 0 	 0E+00 	 1.064849E+03	0E+00	92.719
1.89182e+01	4.79087e-03 	 0 	 0E+00 	 1.064638E+03	0E+00	92.7
1.89887e+01	4.79019e-03 	 0 	 0E+00 	 1.064487E+03	0E+00	92.687
1.90591e+01	4.78910e-03 	 0 	 0E+00 	 1.064244E+03	0E+00	92.666
1.91296e+01	4.78877e-03 	 0 	 0E+00 	 1.064171E+03	0E+00	92.66
1.92000e+01	4.78870e-03 	 0 	 0E+00 	 1.064156E+03	0E+00	92.658
1.92705e+01	4.78778e-03 	 0 	 0E+00 	 1.063951E+03	0E+00	92.641
1.93409e+01	4.78697e-03 	 0 	 0E+00 	 1.063771E+03	0E+00	92.625
1.94114e+01	4.78673e-03 	 0 	 0E+00 	 1.063718E+03	0E+00	92.62
1.94818e+01	4.78664e-03 	 0 	 0E+00 	 1.063698E+03	0E+00	92.619
1.95523e+01	4.78560e-03 	 0 	 0E+00 	 1.063467E+03	0E+00	92.598
1.96227e+01	4.78468e-03 	 0 	 0E+00 	 1.063262E+03	0E+00	92.581
1.96932e+01	4.78453e-03 	 0 	 0E+00 	 1.063229E+03	0E+00	92.578
1.97637e+01	4.78323e-03 	 0 	 0E+00 	 1.06294E+03	0E+00	92.553
1.98342e+01	4.78240e-03 	 0 	 0E+00 	 1.062756E+03	0E+00	92.537
1.99046e+01	4.78222e-03 	 0 	 0E+00 	 1.062716E+03	0E+00	92.533
1.99751e+01	4.78190e-03 	 0 	 0E+00 	 1.062644E+03	0E+00	92.527
2.00455e+01	4.77926e-03 	 0 	 0E+00 	 1.062058E+03	0E+00	92.476
2.01160e+01	4.77913e-03 	 0 	 0E+00 	 1.062029E+03	0E+00	92.473
2.01864e+01	4.77887e-03 	 0 	 0E+00 	 1.061971E+03	0E+00	92.468
2.02568e+01	4.77714e-03 	 0 	 0E+00 	 1.061587E+03	0E+00	92.435
2.03273e+01	4.77667e-03 	 0 	 0E+00 	 1.061482E+03	0E+00	92.426
2.03978e+01	4.77516e-03 	 0 	 0E+00 	 1.061147E+03	0E+00	92.396
2.04682e+01	4.77498e-03 	 0 	 0E+00 	 1.061107E+03	0E+00	92.393
2.05387e+01	4.77450e-03 	 0 	 0E+00 	 1.061E+03	0E+00	92.384
2.06091e+01	4.77345e-03 	 0 	 0E+00 	 1.060767E+03	0E+00	92.363
2.06796e+01	4.77269e-03 	 0 	 0E+00 	 1.060598E+03	0E+00	92.349
2.07500e+01	4.77334e-03 	 0 	 0E+00 	 1.060742E+03	0E+00	92.361
2.08204e+01	4.77223e-03 	 0 	 0E+00 	 1.060496E+03	0E+00	92.34
2.08909e+01	4.77251e-03 	 0 	 0E+00 	 1.060558E+03	0E+00	92.345
2.09613e+01	4.77211e-03 	 0 	 0E+00 	 1.060469E+03	0E+00	92.337
2.10318e+01	4.76972e-03 	 0 	 0E+00 	 1.059938E+03	0E+00	92.291
2.11022e+01	4.76999e-03 	 0 	 0E+00 	 1.059998E+03	0E+00	92.296
2.11727e+01	4.76920e-03 	 0 	 0E+00 	 1.059822E+03	0E+00	92.281
2.12431e+01	4.76797e-03 	 0 	 0E+00 	 1.059549E+03	0E+00	92.257
2.13136e+01	4.76696e-03 	 0 	 0E+00 	 1.059324E+03	0E+00	92.238
2.13840e+01	4.76738e-03 	 0 	 0E+00 	 1.059418E+03	0E+00	92.246
2.14545e+01	4.76592e-03 	 0 	 0E+00 	 1.059093E+03	0E+00	92.218
2.15249e+01	4.76473e-03 	 0 	 0E+00 	 1.058829E+03	0E+00	92.195
2.15955e+01	4.76527e-03 	 0 	 0E+00 	 1.058949E+03	0E+00	92.205
2.16660e+01	4.76515e-03 	 0 	 0E+00 	 1.058922E+03	0E+00	92.203
2.17364e+01	4.76389e-03 	 0 	 0E+00 	 1.058642E+03	0E+00	92.178
2.18069e+01	4.76287e-03 	 0 	 0E+00 	 1.058416E+03	0E+00	92.159
2.18773e+01	4.76271e-03 	 0 	 0E+00 	 1.05838E+03	0E+00	92.156
2.19478e+01	4.76232e-03 	 0 	 0E+00 	 1.058293E+03	0E+00	92.148
2.20183e+01	4.76125e-03 	 0 	 0E+00 	 1.058056E+03	0E+00	92.127
2.20887e+01	4.76004e-03 	 0 	 0E+00 	 1.057787E+03	0E+00	92.104
2.21592e+01	4.75988e-03 	 0 	 0E+00 	 1.057751E+03	0E+00	92.101
2.22296e+01	4.75805e-03 	 0 	 0E+00 	 1.057344E+03	0E+00	92.065
2.23001e+01	4.75809e-03 	 0 	 0E+00 	 1.057353E+03	0E+00	92.066
2.23705e+01	4.75651e-03 	 0 	 0E+00 	 1.057002E+03	0E+00	92.036
2.24410e+01	4.75706e-03 	 0 	 0E+00 	 1.057124E+03	0E+00	92.046
2.25114e+01	4.75642e-03 	 0 	 0E+00 	 1.056982E+03	0E+00	92.034
2.25819e+01	4.75634e-03 	 0 	 0E+00 	 1.056964E+03	0E+00	92.032
2.26523e+01	4.75533e-03 	 0 	 0E+00 	 1.05674E+03	0E+00	92.013
2.27228e+01	4.75494e-03 	 0 	 0E+00 	 1.056653E+03	0E+00	92.005
2.27932e+01	4.75413e-03 	 0 	 0E+00 	 1.056473E+03	0E+00	91.99
2.28637e+01	4.75352e-03 	 0 	 0E+00 	 1.056338E+03	0E+00	91.978
2.29341e+01	4.75308e-03 	 0 	 0E+00 	 1.05624E+03	0E+00	91.969
2.30046e+01	4.75327e-03 	 0 	 0E+00 	 1.056282E+03	0E+00	91.973
2.30750e+01	4.75212e-03 	 0 	 0E+00 	 1.056027E+03	0E+00	91.951
2.31455e+01	4.75208e-03 	 0 	 0E+00 	 1.056018E+03	0E+00	91.95
2.32159e+01	4.75037e-03 	 0 	 0E+00 	 1.055638E+03	0E+00	91.917
2.32864e+01	4.75006e-03 	 0 	 0E+00 	 1.055569E+03	0E+00	91.911
2.33569e+01	4.75033e-03 	 0 	 0E+00 	 1.055629E+03	0E+00	91.916
2.34273e+01	4.74968e-03 	 0 	 0E+00 	 1.055484E+03	0E+00	91.903
2.34978e+01	4.74765e-03 	 0 	 0E+00 	 1.055033E+03	0E+00	91.864
2.35682e+01	4.74702e-03 	 0 	 0E+00 	 1.054893E+03	0E+00	91.852
2.36387e+01	4.74627e-03 	 0 	 0E+00 	 1.054727E+03	0E+00	91.837
2.37091e+01	4.74568e-03 	 0 	 0E+00 	 1.054596E+03	0E+00	91.826
2.37796e+01	4.74479e-03 	 0 	 0E+00 	 1.054398E+03	0E+00	91.809
2.38500e+01	4.74570e-03 	 0 	 0E+00 	 1.0546E+03	0E+00	91.826
2.39204e+01	4.74480e-03 	 0 	 0E+00 	 1.0544E+03	0E+00	91.809
2.39909e+01	4.74338e-03 	 0 	 0E+00 	 1.054084E+03	0E+00	91.782
2.40613e+01	4.74331e-03 	 0 	 0E+00 	 1.054069E+03	0E+00	91.78
2.41318e+01	4.74383e-03 	 0 	 0E+00 	 1.054184E+03	0E+00	91.79
2.42022e+01	4.74335e-03 	 0 	 0E+00 	 1.054078E+03	0E+00	91.781
2.42727e+01	4.73941e-03 	 0 	 0E+00 	 1.053202E+03	0E+00	91.705
2.43431e+01	4.73942e-03 	 0 	 0E+00 	 1.053204E+03	0E+00	91.705
2.44136e+01	4.73929e-03 	 0 	 0E+00 	 1.053176E+03	0E+00	91.702
2.44840e+01	4.73922e-03 	 0 	 0E+00 	 1.05316E+03	0E+00	91.701
2.45545e+01	4.73703e-03 	 0 	 0E+00 	 1.052673E+03	0E+00	91.659
2.46249e+01	4.73716e-03 	 0 	 0E+00 	 1.052702E+03	0E+00	91.661
2.46955e+01	4.73554e-03 	 0 	 0E+00 	 1.052342E+03	0E+00	91.63
2.47660e+01	4.73579e-03 	 0 	 0E+00 	 1.052398E+03	0E+00	91.635
2.48364e+01	4.73444e-03 	 0 	 0E+00 	 1.052098E+03	0E+00	91.609
2.49069e+01	4.73351e-03 	 0 	 0E+00 	 1.051891E+03	0E+00	91.591
2.49773e+01	4.73266e-03 	 0 	 0E+00 	 1.051702E+03	0E+00	91.574
2.50478e+01	4.73229e-03 	 0 	 0E+00 	 1.05162E+03	0E+00	91.567
2.51182e+01	4.73161e-03 	 0 	 0E+00 	 1.051469E+03	0E+00	91.554
2.51886e+01	4.73169e-03 	 0 	 0E+00 	 1.051487E+03	0E+00	91.555
2.52591e+01	4.73044e-03 	 0 	 0E+00 	 1.051209E+03	0E+00	91.531
2.53295e+01	4.72969e-03 	 0 	 0E+00 	 1.051042E+03	0E+00	91.517
2.53999e+01	4.72915e-03 	 0 	 0E+00 	 1.050922E+03	0E+00	91.506
2.54704e+01	4.72894e-03 	 0 	 0E+00 	 1.050876E+03	0E+00	91.502
2.55409e+01	4.72840e-03 	 0 	 0E+00 	 1.050756E+03	0E+00	91.492
2.56113e+01	4.72810e-03 	 0 	 0E+00 	 1.050689E+03	0E+00	91.486
2.56817e+01	4.72795e-03 	 0 	 0E+00 	 1.050656E+03	0E+00	91.483
2.57522e+01	4.72669e-03 	 0 	 0E+00 	 1.050376E+03	0E+00	91.459
2.58227e+01	4.72644e-03 	 0 	 0E+00 	 1.05032E+03	0E+00	91.454
2.58931e+01	4.72551e-03 	 0 	 0E+00 	 1.050113E+03	0E+00	91.436
2.59636e+01	4.72535e-03 	 0 	 0E+00 	 1.050078E+03	0E+00	91.433
2.60340e+01	4.72454e-03 	 0 	 0E+00 	 1.049898E+03	0E+00	91.417
2.61045e+01	4.72445e-03 	 0 	 0E+00 	 1.049878E+03	0E+00	91.415
2.61749e+01	4.72483e-03 	 0 	 0E+00 	 1.049962E+03	0E+00	91.423
2.62454e+01	4.72411e-03 	 0 	 0E+00 	 1.049802E+03	0E+00	91.409
2.63158e+01	4.72346e-03 	 0 	 0E+00 	 1.049658E+03	0E+00	91.396
2.63863e+01	4.72236e-03 	 0 	 0E+00 	 1.049413E+03	0E+00	91.375
2.64567e+01	4.72182e-03 	 0 	 0E+00 	 1.049293E+03	0E+00	91.364
2.65272e+01	4.72208e-03 	 0 	 0E+00 	 1.049351E+03	0E+00	91.369
2.65976e+01	4.72132e-03 	 0 	 0E+00 	 1.049182E+03	0E+00	91.355
2.66681e+01	4.72118e-03 	 0 	 0E+00 	 1.049151E+03	0E+00	91.352
2.67385e+01	4.71993e-03 	 0 	 0E+00 	 1.048873E+03	0E+00	91.328
2.68090e+01	4.71997e-03 	 0 	 0E+00 	 1.048882E+03	0E+00	91.329
2.68794e+01	4.71846e-03 	 0 	 0E+00 	 1.048547E+03	0E+00	91.299
2.69499e+01	4.71824e-03 	 0 	 0E+00 	 1.048498E+03	0E+00	91.295
2.70203e+01	4.71790e-03 	 0 	 0E+00 	 1.048422E+03	0E+00	91.289
2.70908e+01	4.71670e-03 	 0 	 0E+00 	 1.048156E+03	0E+00	91.265
2.71613e+01	4.71661e-03 	 0 	 0E+00 	 1.048136E+03	0E+00	91.264
2.72317e+01	4.71679e-03 	 0 	 0E+00 	 1.048176E+03	0E+00	91.267
2.73022e+01	4.71597e-03 	 0 	 0E+00 	 1.047993E+03	0E+00	91.251
2.73726e+01	4.71472e-03 	 0 	 0E+00 	 1.047716E+03	0E+00	91.227
2.74430e+01	4.71395e-03 	 0 	 0E+00 	 1.047544E+03	0E+00	91.212
2.75135e+01	4.71432e-03 	 0 	 0E+00 	 1.047627E+03	0E+00	91.219
2.75839e+01	4.71402e-03 	 0 	 0E+00 	 1.04756E+03	0E+00	91.213
2.76543e+01	4.71299e-03 	 0 	 0E+00 	 1.047331E+03	0E+00	91.194
2.77248e+01	4.71215e-03 	 0 	 0E+00 	 1.047144E+03	0E+00	91.177
2.77954e+01	4.71221e-03 	 0 	 0E+00 	 1.047158E+03	0E+00	91.178
2.78658e+01	4.71127e-03 	 0 	 0E+00 	 1.046949E+03	0E+00	91.16
2.79363e+01	4.71123e-03 	 0 	 0E+00 	 1.04694E+03	0E+00	91.159
2.80067e+01	4.70998e-03 	 0 	 0E+00 	 1.046662E+03	0E+00	91.135
2.80772e+01	4.70956e-03 	 0 	 0E+00 	 1.046569E+03	0E+00	91.127
2.81476e+01	4.71027e-03 	 0 	 0E+00 	 1.046727E+03	0E+00	91.141
2.82181e+01	4.70812e-03 	 0 	 0E+00 	 1.046249E+03	0E+00	91.099
2.82886e+01	4.70675e-03 	 0 	 0E+00 	 1.045944E+03	0E+00	91.073
2.83590e+01	4.70588e-03 	 0 	 0E+00 	 1.045751E+03	0E+00	91.056
2.84294e+01	4.70575e-03 	 0 	 0E+00 	 1.045722E+03	0E+00	91.053
2.84999e+01	4.70450e-03 	 0 	 0E+00 	 1.045444E+03	0E+00	91.029
2.85703e+01	4.70409e-03 	 0 	 0E+00 	 1.045353E+03	0E+00	91.021
2.86408e+01	4.70362e-03 	 0 	 0E+00 	 1.045249E+03	0E+00	91.012
2.87112e+01	4.70339e-03 	 0 	 0E+00 	 1.045198E+03	0E+00	91.008
2.87817e+01	4.70326e-03 	 0 	 0E+00 	 1.045169E+03	0E+00	91.005
2.88521e+01	4.70381e-03 	 0 	 0E+00 	 1.045291E+03	0E+00	91.016
2.89226e+01	4.70266e-03 	 0 	 0E+00 	 1.045036E+03	0E+00	90.994
2.89930e+01	4.70109e-03 	 0 	 0E+00 	 1.044687E+03	0E+00	90.963
2.90635e+01	4.70100e-03 	 0 	 0E+00 	 1.044667E+03	0E+00	90.962
2.91339e+01	4.70032e-03 	 0 	 0E+00 	 1.044516E+03	0E+00	90.948
2.92044e+01	4.69951e-03 	 0 	 0E+00 	 1.044336E+03	0E+00	90.933
2.92749e+01	4.69895e-03 	 0 	 0E+00 	 1.044211E+03	0E+00	90.922
2.93454e+01	4.69892e-03 	 0 	 0E+00 	 1.044204E+03	0E+00	90.921
2.94158e+01	4.69821e-03 	 0 	 0E+00 	 1.044047E+03	0E+00	90.908
2.94863e+01	4.69782e-03 	 0 	 0E+00 	 1.04396E+03	0E+00	90.9
2.95567e+01	4.69662e-03 	 0 	 0E+00 	 1.043693E+03	0E+00	90.877
2.96272e+01	4.69640e-03 	 0 	 0E+00 	 1.043644E+03	0E+00	90.873
2.96976e+01	4.69587e-03 	 0 	 0E+00 	 1.043527E+03	0E+00	90.862
2.97681e+01	4.69488e-03 	 0 	 0E+00 	 1.043307E+03	0E+00	90.843
2.98385e+01	4.69426e-03 	 0 	 0E+00 	 1.043169E+03	0E+00	90.831
2.99090e+01	4.69332e-03 	 0 	 0E+00 	 1.04296E+03	0E+00	90.813
2.99794e+01	4.69297e-03 	 0 	 0E+00 	 1.042882E+03	0E+00	90.806
3.00499e+01	4.69241e-03 	 0 	 0E+00 	 1.042758E+03	0E+00	90.795
3.01203e+01	4.69181e-03 	 0 	 0E+00 	 1.042624E+03	0E+00	90.784
3.02311e+01	4.69124e-03 	 0 	 0E+00 	 1.042498E+03	0E+00	90.773
3.03015e+01	4.69065e-03 	 0 	 0E+00 	 1.042367E+03	0E+00	90.761
3.03720e+01	4.69088e-03 	 0 	 0E+00 	 1.042418E+03	0E+00	90.766
3.04424e+01	4.68918e-03 	 0 	 0E+00 	 1.04204E+03	0E+00	90.733
3.05129e+01	4.68938e-03 	 0 	 0E+00 	 1.042084E+03	0E+00	90.737
3.05834e+01	4.68921e-03 	 0 	 0E+00 	 1.042047E+03	0E+00	90.733
3.06538e+01	4.68703e-03 	 0 	 0E+00 	 1.041562E+03	0E+00	90.691
3.07243e+01	4.68731e-03 	 0 	 0E+00 	 1.041624E+03	0E+00	90.697
3.07947e+01	4.68727e-03 	 0 	 0E+00 	 1.041616E+03	0E+00	90.696
3.08651e+01	4.68612e-03 	 0 	 0E+00 	 1.04136E+03	0E+00	90.674
3.09356e+01	4.68562e-03 	 0 	 0E+00 	 1.041249E+03	0E+00	90.664
3.10060e+01	4.68496e-03 	 0 	 0E+00 	 1.041102E+03	0E+00	90.651
3.10765e+01	4.68446e-03 	 0 	 0E+00 	 1.040991E+03	0E+00	90.641
3.11469e+01	4.68406e-03 	 0 	 0E+00 	 1.040902E+03	0E+00	90.634
3.12174e+01	4.68346e-03 	 0 	 0E+00 	 1.040769E+03	0E+00	90.622
3.12878e+01	4.68252e-03 	 0 	 0E+00 	 1.04056E+03	0E+00	90.604
3.13583e+01	4.68212e-03 	 0 	 0E+00 	 1.040471E+03	0E+00	90.596
3.14288e+01	4.68241e-03 	 0 	 0E+00 	 1.040536E+03	0E+00	90.602
3.14992e+01	4.68210e-03 	 0 	 0E+00 	 1.040467E+03	0E+00	90.596
3.15697e+01	4.68200e-03 	 0 	 0E+00 	 1.040444E+03	0E+00	90.594
3.16401e+01	4.68039e-03 	 0 	 0E+00 	 1.040087E+03	0E+00	90.563
3.17106e+01	4.67964e-03 	 0 	 0E+00 	 1.03992E+03	0E+00	90.548
3.17810e+01	4.67928e-03 	 0 	 0E+00 	 1.03984E+03	0E+00	90.541
3.18515e+01	4.67920e-03 	 0 	 0E+00 	 1.039822E+03	0E+00	90.54
3.19219e+01	4.67729e-03 	 0 	 0E+00 	 1.039398E+03	0E+00	90.503
3.19924e+01	4.67711e-03 	 0 	 0E+00 	 1.039358E+03	0E+00	90.499
3.20628e+01	4.67595e-03 	 0 	 0E+00 	 1.0391E+03	0E+00	90.477
3.21333e+01	4.67549e-03 	 0 	 0E+00 	 1.038998E+03	0E+00	90.468
3.22038e+01	4.67481e-03 	 0 	 0E+00 	 1.038847E+03	0E+00	90.455
3.22742e+01	4.67468e-03 	 0 	 0E+00 	 1.038818E+03	0E+00	90.452
3.23446e+01	4.67477e-03 	 0 	 0E+00 	 1.038838E+03	0E+00	90.454
3.24151e+01	4.67424e-03 	 0 	 0E+00 	 1.03872E+03	0E+00	90.444
3.24855e+01	4.67426e-03 	 0 	 0E+00 	 1.038724E+03	0E+00	90.444
3.25559e+01	4.67363e-03 	 0 	 0E+00 	 1.038584E+03	0E+00	90.432
3.26264e+01	4.67332e-03 	 0 	 0E+00 	 1.038516E+03	0E+00	90.426
3.26968e+01	4.67283e-03 	 0 	 0E+00 	 1.038407E+03	0E+00	90.416
3.27673e+01	4.67329e-03 	 0 	 0E+00 	 1.038509E+03	0E+00	90.425
3.28377e+01	4.67168e-03 	 0 	 0E+00 	 1.038151E+03	0E+00	90.394
3.29082e+01	4.67000e-03 	 0 	 0E+00 	 1.037778E+03	0E+00	90.362
3.29786e+01	4.66961e-03 	 0 	 0E+00 	 1.037691E+03	0E+00	90.354
3.30491e+01	4.66981e-03 	 0 	 0E+00 	 1.037736E+03	0E+00	90.358
3.31195e+01	4.66965e-03 	 0 	 0E+00 	 1.0377E+03	0E+00	90.355
3.31900e+01	4.66881e-03 	 0 	 0E+00 	 1.037513E+03	0E+00	90.339
3.32604e+01	4.66850e-03 	 0 	 0E+00 	 1.037444E+03	0E+00	90.333
3.33308e+01	4.66815e-03 	 0 	 0E+00 	 1.037367E+03	0E+00	90.326
3.34013e+01	4.66707e-03 	 0 	 0E+00 	 1.037127E+03	0E+00	90.305
3.34718e+01	4.66650e-03 	 0 	 0E+00 	 1.037E+03	0E+00	90.294
3.35422e+01	4.66645e-03 	 0 	 0E+00 	 1.036989E+03	0E+00	90.293
3.36127e+01	4.66627e-03 	 0 	 0E+00 	 1.036949E+03	0E+00	90.29
3.36831e+01	4.66492e-03 	 0 	 0E+00 	 1.036649E+03	0E+00	90.263
3.37536e+01	4.66498e-03 	 0 	 0E+00 	 1.036662E+03	0E+00	90.265
3.38240e+01	4.66513e-03 	 0 	 0E+00 	 1.036696E+03	0E+00	90.267
3.38945e+01	4.66432e-03 	 0 	 0E+00 	 1.036516E+03	0E+00	90.252
3.39649e+01	4.66411e-03 	 0 	 0E+00 	 1.036469E+03	0E+00	90.248
3.40354e+01	4.66312e-03 	 0 	 0E+00 	 1.036249E+03	0E+00	90.229
3.41058e+01	4.66368e-03 	 0 	 0E+00 	 1.036373E+03	0E+00	90.239
3.41763e+01	4.66359e-03 	 0 	 0E+00 	 1.036353E+03	0E+00	90.238
3.42467e+01	4.66236e-03 	 0 	 0E+00 	 1.03608E+03	0E+00	90.214
3.43172e+01	4.66226e-03 	 0 	 0E+00 	 1.036058E+03	0E+00	90.212
3.43876e+01	4.66084e-03 	 0 	 0E+00 	 1.035742E+03	0E+00	90.184
3.44581e+01	4.66080e-03 	 0 	 0E+00 	 1.035733E+03	0E+00	90.184
3.45285e+01	4.65988e-03 	 0 	 0E+00 	 1.035529E+03	0E+00	90.166
3.45990e+01	4.65891e-03 	 0 	 0E+00 	 1.035313E+03	0E+00	90.147
3.46694e+01	4.65870e-03 	 0 	 0E+00 	 1.035267E+03	0E+00	90.143
3.47399e+01	4.65768e-03 	 0 	 0E+00 	 1.03504E+03	0E+00	90.123
3.48103e+01	4.65782e-03 	 0 	 0E+00 	 1.035071E+03	0E+00	90.126
3.48808e+01	4.65739e-03 	 0 	 0E+00 	 1.034976E+03	0E+00	90.118
3.49512e+01	4.65684e-03 	 0 	 0E+00 	 1.034853E+03	0E+00	90.107
3.50217e+01	4.65624e-03 	 0 	 0E+00 	 1.03472E+03	0E+00	90.095
3.50921e+01	4.65617e-03 	 0 	 0E+00 	 1.034704E+03	0E+00	90.094
3.51626e+01	4.65325e-03 	 0 	 0E+00 	 1.034056E+03	0E+00	90.038
3.52331e+01	4.65294e-03 	 0 	 0E+00 	 1.033987E+03	0E+00	90.032
3.53035e+01	4.65267e-03 	 0 	 0E+00 	 1.033927E+03	0E+00	90.026
3.53740e+01	4.65312e-03 	 0 	 0E+00 	 1.034027E+03	0E+00	90.035
3.54444e+01	4.65237e-03 	 0 	 0E+00 	 1.03386E+03	0E+00	90.021
DATA: /home/user/PycharmProjects/OFET_K2636B_2019.10.15/data/OLED_00_oled_ltp_022.txt
