V(__) I(__) lux CurrC oeff. CurrA/m^-2. lux/m^-1
0.00000e+00 3.75509e-04 0 0E+00 8.344644E+01 0E+00 
2.50000e-01 3.34978e-04 0 0E+00 7.443956E+01 0E+00 
5.00000e-01 3.48091e-04 0 0E+00 7.735356E+01 0E+00 
7.50000e-01 3.70741e-04 0 0E+00 8.238689E+01 0E+00 
1.00000e+00 3.60012e-04 0 0E+00 8.000267E+01 0E+00 
1.25000e+00 3.57628e-04 0 0E+00 7.947289E+01 0E+00 
1.50000e+00 3.54052e-04 0 0E+00 7.867822E+01 0E+00 
1.75000e+00 3.74317e-04 0 0E+00 8.318156E+01 0E+00 
2.00000e+00 3.42131e-04 0 0E+00 7.602911E+01 0E+00 
2.25000e+00 3.50475e-04 0 0E+00 7.788333E+01 0E+00 
2.50000e+00 3.50475e-04 0 0E+00 7.788333E+01 0E+00 
2.75000e+00 3.48091e-04 0 0E+00 7.735356E+01 0E+00 
3.00000e+00 3.71933e-04 0 0E+00 8.265178E+01 0E+00 
3.25000e+00 3.44515e-04 0 0E+00 7.655889E+01 0E+00 
3.50000e+00 3.64780e-04 0 0E+00 8.106222E+01 0E+00 
3.75000e+00 3.79086e-04 0 0E+00 8.424133E+01 0E+00 
4.00000e+00 3.62396e-04 0 0E+00 8.053244E+01 0E+00 
4.25000e+00 3.71933e-04 0 0E+00 8.265178E+01 0E+00 
4.50000e+00 3.64780e-04 0 0E+00 8.106222E+01 0E+00 
4.75000e+00 3.79086e-04 0 0E+00 8.424133E+01 0E+00 
5.00000e+00 3.50475e-04 0 0E+00 7.788333E+01 0E+00 
5.25000e+00 3.86238e-04 0 0E+00 8.583067E+01 0E+00 
5.50000e+00 3.60012e-04 0 0E+00 8.000267E+01 0E+00 
5.75000e+00 3.57628e-04 0 0E+00 7.947289E+01 0E+00 
6.00000e+00 3.70741e-04 0 0E+00 8.238689E+01 0E+00 
6.25000e+00 3.52859e-04 0 0E+00 7.841311E+01 0E+00 
6.50000e+00 3.57628e-04 0 0E+00 7.947289E+01 0E+00 
6.75000e+00 3.36170e-04 0 0E+00 7.470444E+01 0E+00 
7.00000e+00 3.57628e-04 0 0E+00 7.947289E+01 0E+00 
7.25000e+00 3.48091e-04 0 0E+00 7.735356E+01 0E+00 
7.50000e+00 3.51667e-04 0 0E+00 7.814822E+01 0E+00 
7.75000e+00 3.36170e-04 0 0E+00 7.470444E+01 0E+00 
8.00000e+00 3.68357e-04 0 0E+00 8.185711E+01 0E+00 
8.25000e+00 3.68357e-04 0 0E+00 8.185711E+01 0E+00 
8.50000e+00 3.64780e-04 0 0E+00 8.106222E+01 0E+00 
8.75000e+00 3.46899e-04 0 0E+00 7.708867E+01 0E+00 
9.00000e+00 3.45707e-04 0 0E+00 7.682378E+01 0E+00 
9.25000e+00 3.43323e-04 0 0E+00 7.6294E+01 0E+00 
9.50000e+00 3.61204e-04 0 0E+00 8.026756E+01 0E+00 
9.75000e+00 3.75509e-04 0 0E+00 8.344644E+01 0E+00 
1.00000e+01 3.51667e-04 0 0E+00 7.814822E+01 0E+00 
1.02500e+01 3.75509e-04 0 0E+00 8.344644E+01 0E+00 
1.05000e+01 3.70741e-04 0 0E+00 8.238689E+01 0E+00 
1.07500e+01 3.75509e-04 0 0E+00 8.344644E+01 0E+00 
1.10000e+01 3.76701e-04 0 0E+00 8.371133E+01 0E+00 
1.12500e+01 3.85046e-04 0 0E+00 8.556578E+01 0E+00 
1.15000e+01 3.82662e-04 0 0E+00 8.5036E+01 0E+00 
1.17500e+01 3.77893e-04 0 0E+00 8.397622E+01 0E+00 
1.20000e+01 3.86238e-04 0 0E+00 8.583067E+01 0E+00 
1.22500e+01 3.91006e-04 0 0E+00 8.689022E+01 0E+00 
1.25000e+01 3.77893e-04 0 0E+00 8.397622E+01 0E+00 
1.27500e+01 3.77893e-04 0 0E+00 8.397622E+01 0E+00 
1.30000e+01 3.88622e-04 0 0E+00 8.636044E+01 0E+00 
1.32500e+01 3.91006e-04 0 0E+00 8.689022E+01 0E+00 
1.35000e+01 3.77893e-04 0 0E+00 8.397622E+01 0E+00 
1.37500e+01 3.82662e-04 0 0E+00 8.5036E+01 0E+00 
1.40000e+01 3.88622e-04 0 0E+00 8.636044E+01 0E+00 
1.42500e+01 3.58820e-04 0 0E+00 7.973778E+01 0E+00 
1.45000e+01 3.95775e-04 0 0E+00 8.795E+01 0E+00 
1.47500e+01 3.77893e-04 0 0E+00 8.397622E+01 0E+00 
1.50000e+01 3.67165e-04 0 0E+00 8.159222E+01 0E+00 
