>>head<<V(__) 	 I(__) 	 lux 	 CurrC oeff. 	 CurrA/m^-2. 	 lux/m^-1
1.00000e+01	9.99948e-02 	 0 	 0E+00 	 2.222107E+04 	 0E+00
1.00000e+01	9.99950e-02 	 0 	 0E+00 	 2.222111E+04 	 0E+00
1.00000e+01	9.99950e-02 	 0 	 0E+00 	 2.222111E+04 	 0E+00
1.00000e+01	9.99948e-02 	 0 	 0E+00 	 2.222107E+04 	 0E+00
1.00000e+01	9.99948e-02 	 0 	 0E+00 	 2.222107E+04 	 0E+00
1.00000e+01	9.99949e-02 	 0 	 0E+00 	 2.222109E+04 	 0E+00
1.00000e+01	9.99949e-02 	 0 	 0E+00 	 2.222109E+04 	 0E+00
1.00000e+01	9.99950e-02 	 0 	 0E+00 	 2.222111E+04 	 0E+00
1.00000e+01	9.99950e-02 	 0 	 0E+00 	 2.222111E+04 	 0E+00
1.00000e+01	9.99951e-02 	 0 	 0E+00 	 2.222113E+04 	 0E+00
1.00000e+01	9.99950e-02 	 0 	 0E+00 	 2.222111E+04 	 0E+00
1.00000e+01	9.99950e-02 	 0 	 0E+00 	 2.222111E+04 	 0E+00
1.00000e+01	9.99952e-02 	 0 	 0E+00 	 2.222116E+04 	 0E+00
1.00000e+01	9.99952e-02 	 0 	 0E+00 	 2.222116E+04 	 0E+00
1.00000e+01	9.99951e-02 	 0 	 0E+00 	 2.222113E+04 	 0E+00
1.00000e+01	9.99951e-02 	 0 	 0E+00 	 2.222113E+04 	 0E+00
1.00000e+01	9.99950e-02 	 0 	 0E+00 	 2.222111E+04 	 0E+00
1.00000e+01	9.99950e-02 	 0 	 0E+00 	 2.222111E+04 	 0E+00
1.00000e+01	9.99951e-02 	 0 	 0E+00 	 2.222113E+04 	 0E+00
1.00000e+01	9.99951e-02 	 0 	 0E+00 	 2.222113E+04 	 0E+00
1.00000e+01	9.99951e-02 	 0 	 0E+00 	 2.222113E+04 	 0E+00
1.00000e+01	9.99952e-02 	 0 	 0E+00 	 2.222116E+04 	 0E+00
1.00000e+01	9.99951e-02 	 0 	 0E+00 	 2.222113E+04 	 0E+00
1.00000e+01	9.99953e-02 	 0 	 0E+00 	 2.222118E+04 	 0E+00
1.00000e+01	9.99952e-02 	 0 	 0E+00 	 2.222116E+04 	 0E+00
1.00000e+01	9.99952e-02 	 0 	 0E+00 	 2.222116E+04 	 0E+00
1.00000e+01	9.99952e-02 	 0 	 0E+00 	 2.222116E+04 	 0E+00
1.00000e+01	9.99954e-02 	 0 	 0E+00 	 2.22212E+04 	 0E+00
1.00000e+01	9.99953e-02 	 0 	 0E+00 	 2.222118E+04 	 0E+00
1.00000e+01	9.99954e-02 	 0 	 0E+00 	 2.22212E+04 	 0E+00
1.00000e+01	9.99954e-02 	 0 	 0E+00 	 2.22212E+04 	 0E+00
1.00000e+01	9.99953e-02 	 0 	 0E+00 	 2.222118E+04 	 0E+00
1.00000e+01	9.99953e-02 	 0 	 0E+00 	 2.222118E+04 	 0E+00
1.00000e+01	9.99954e-02 	 0 	 0E+00 	 2.22212E+04 	 0E+00
1.00000e+01	9.99953e-02 	 0 	 0E+00 	 2.222118E+04 	 0E+00
1.00000e+01	9.99953e-02 	 0 	 0E+00 	 2.222118E+04 	 0E+00
1.00000e+01	9.99954e-02 	 0 	 0E+00 	 2.22212E+04 	 0E+00
1.00000e+01	9.99953e-02 	 0 	 0E+00 	 2.222118E+04 	 0E+00
1.00000e+01	9.99953e-02 	 0 	 0E+00 	 2.222118E+04 	 0E+00
1.00000e+01	9.99953e-02 	 0 	 0E+00 	 2.222118E+04 	 0E+00
1.00000e+01	9.99952e-02 	 0 	 0E+00 	 2.222116E+04 	 0E+00
1.00000e+01	9.99954e-02 	 0 	 0E+00 	 2.22212E+04 	 0E+00
1.00000e+01	9.99954e-02 	 0 	 0E+00 	 2.22212E+04 	 0E+00
1.00000e+01	9.99953e-02 	 0 	 0E+00 	 2.222118E+04 	 0E+00
1.00000e+01	9.99954e-02 	 0 	 0E+00 	 2.22212E+04 	 0E+00
1.00000e+01	9.99954e-02 	 0 	 0E+00 	 2.22212E+04 	 0E+00
1.00000e+01	9.99954e-02 	 0 	 0E+00 	 2.22212E+04 	 0E+00
1.00000e+01	9.99953e-02 	 0 	 0E+00 	 2.222118E+04 	 0E+00
1.00000e+01	9.99953e-02 	 0 	 0E+00 	 2.222118E+04 	 0E+00
1.00000e+01	9.99953e-02 	 0 	 0E+00 	 2.222118E+04 	 0E+00
1.00000e+01	9.99953e-02 	 0 	 0E+00 	 2.222118E+04 	 0E+00
1.00000e+01	9.99954e-02 	 0 	 0E+00 	 2.22212E+04 	 0E+00
1.00000e+01	9.99954e-02 	 0 	 0E+00 	 2.22212E+04 	 0E+00
1.00000e+01	9.99954e-02 	 0 	 0E+00 	 2.22212E+04 	 0E+00
1.00000e+01	9.99956e-02 	 0 	 0E+00 	 2.222124E+04 	 0E+00
1.00000e+01	9.99955e-02 	 0 	 0E+00 	 2.222122E+04 	 0E+00
1.00000e+01	9.99954e-02 	 0 	 0E+00 	 2.22212E+04 	 0E+00
1.00000e+01	9.99955e-02 	 0 	 0E+00 	 2.222122E+04 	 0E+00
1.00000e+01	9.99954e-02 	 0 	 0E+00 	 2.22212E+04 	 0E+00
1.00000e+01	9.99954e-02 	 0 	 0E+00 	 2.22212E+04 	 0E+00
1.00000e+01	9.99954e-02 	 0 	 0E+00 	 2.22212E+04 	 0E+00
1.00000e+01	9.99956e-02 	 0 	 0E+00 	 2.222124E+04 	 0E+00
1.00000e+01	9.99956e-02 	 0 	 0E+00 	 2.222124E+04 	 0E+00
1.00000e+01	9.99955e-02 	 0 	 0E+00 	 2.222122E+04 	 0E+00
1.00000e+01	9.99956e-02 	 0 	 0E+00 	 2.222124E+04 	 0E+00
1.00000e+01	9.99957e-02 	 0 	 0E+00 	 2.222127E+04 	 0E+00
1.00000e+01	9.99956e-02 	 0 	 0E+00 	 2.222124E+04 	 0E+00
1.00000e+01	9.99958e-02 	 0 	 0E+00 	 2.222129E+04 	 0E+00
1.00000e+01	9.99958e-02 	 0 	 0E+00 	 2.222129E+04 	 0E+00
1.00000e+01	9.99957e-02 	 0 	 0E+00 	 2.222127E+04 	 0E+00
1.00000e+01	9.99958e-02 	 0 	 0E+00 	 2.222129E+04 	 0E+00
1.00000e+01	9.99957e-02 	 0 	 0E+00 	 2.222127E+04 	 0E+00
1.00000e+01	9.99957e-02 	 0 	 0E+00 	 2.222127E+04 	 0E+00
1.00000e+01	9.99957e-02 	 0 	 0E+00 	 2.222127E+04 	 0E+00
1.00000e+01	9.99957e-02 	 0 	 0E+00 	 2.222127E+04 	 0E+00
1.00000e+01	9.99955e-02 	 0 	 0E+00 	 2.222122E+04 	 0E+00
1.00000e+01	9.99956e-02 	 0 	 0E+00 	 2.222124E+04 	 0E+00
1.00000e+01	9.99956e-02 	 0 	 0E+00 	 2.222124E+04 	 0E+00
1.00000e+01	9.99957e-02 	 0 	 0E+00 	 2.222127E+04 	 0E+00
1.00000e+01	9.99955e-02 	 0 	 0E+00 	 2.222122E+04 	 0E+00
1.00000e+01	9.99954e-02 	 0 	 0E+00 	 2.22212E+04 	 0E+00
1.00000e+01	9.99954e-02 	 0 	 0E+00 	 2.22212E+04 	 0E+00
1.00000e+01	9.99955e-02 	 0 	 0E+00 	 2.222122E+04 	 0E+00
1.00000e+01	9.99954e-02 	 0 	 0E+00 	 2.22212E+04 	 0E+00
1.00000e+01	9.99955e-02 	 0 	 0E+00 	 2.222122E+04 	 0E+00
1.00000e+01	9.99955e-02 	 0 	 0E+00 	 2.222122E+04 	 0E+00
1.00000e+01	9.99955e-02 	 0 	 0E+00 	 2.222122E+04 	 0E+00
1.00000e+01	9.99955e-02 	 0 	 0E+00 	 2.222122E+04 	 0E+00
1.00000e+01	9.99953e-02 	 0 	 0E+00 	 2.222118E+04 	 0E+00
1.00000e+01	9.99954e-02 	 0 	 0E+00 	 2.22212E+04 	 0E+00
1.00000e+01	9.99954e-02 	 0 	 0E+00 	 2.22212E+04 	 0E+00
1.00000e+01	9.99955e-02 	 0 	 0E+00 	 2.222122E+04 	 0E+00
1.00000e+01	9.99954e-02 	 0 	 0E+00 	 2.22212E+04 	 0E+00
1.00000e+01	9.99955e-02 	 0 	 0E+00 	 2.222122E+04 	 0E+00
1.00000e+01	9.99955e-02 	 0 	 0E+00 	 2.222122E+04 	 0E+00
1.00000e+01	9.99955e-02 	 0 	 0E+00 	 2.222122E+04 	 0E+00
1.00000e+01	9.99954e-02 	 0 	 0E+00 	 2.22212E+04 	 0E+00
1.00000e+01	9.99955e-02 	 0 	 0E+00 	 2.222122E+04 	 0E+00
1.00000e+01	9.99954e-02 	 0 	 0E+00 	 2.22212E+04 	 0E+00
1.00000e+01	9.99954e-02 	 0 	 0E+00 	 2.22212E+04 	 0E+00
1.00000e+01	9.99954e-02 	 0 	 0E+00 	 2.22212E+04 	 0E+00
1.00000e+01	9.99952e-02 	 0 	 0E+00 	 2.222116E+04 	 0E+00
1.00000e+01	9.99951e-02 	 0 	 0E+00 	 2.222113E+04 	 0E+00
1.00000e+01	9.99951e-02 	 0 	 0E+00 	 2.222113E+04 	 0E+00
1.00000e+01	9.99951e-02 	 0 	 0E+00 	 2.222113E+04 	 0E+00
1.00000e+01	9.99953e-02 	 0 	 0E+00 	 2.222118E+04 	 0E+00
1.00000e+01	9.99951e-02 	 0 	 0E+00 	 2.222113E+04 	 0E+00
1.00000e+01	9.99952e-02 	 0 	 0E+00 	 2.222116E+04 	 0E+00
1.00000e+01	9.99952e-02 	 0 	 0E+00 	 2.222116E+04 	 0E+00
1.00000e+01	9.99952e-02 	 0 	 0E+00 	 2.222116E+04 	 0E+00
1.00000e+01	9.99952e-02 	 0 	 0E+00 	 2.222116E+04 	 0E+00
1.00000e+01	9.99952e-02 	 0 	 0E+00 	 2.222116E+04 	 0E+00
1.00000e+01	9.99952e-02 	 0 	 0E+00 	 2.222116E+04 	 0E+00
1.00000e+01	9.99952e-02 	 0 	 0E+00 	 2.222116E+04 	 0E+00
1.00000e+01	9.99950e-02 	 0 	 0E+00 	 2.222111E+04 	 0E+00
1.00000e+01	9.99951e-02 	 0 	 0E+00 	 2.222113E+04 	 0E+00
1.00000e+01	9.99951e-02 	 0 	 0E+00 	 2.222113E+04 	 0E+00
1.00000e+01	9.99953e-02 	 0 	 0E+00 	 2.222118E+04 	 0E+00
1.00000e+01	9.99952e-02 	 0 	 0E+00 	 2.222116E+04 	 0E+00
1.00000e+01	9.99952e-02 	 0 	 0E+00 	 2.222116E+04 	 0E+00
1.00000e+01	9.99952e-02 	 0 	 0E+00 	 2.222116E+04 	 0E+00
1.00000e+01	9.99953e-02 	 0 	 0E+00 	 2.222118E+04 	 0E+00
1.00000e+01	9.99953e-02 	 0 	 0E+00 	 2.222118E+04 	 0E+00
1.00000e+01	9.99952e-02 	 0 	 0E+00 	 2.222116E+04 	 0E+00
1.00000e+01	9.99953e-02 	 0 	 0E+00 	 2.222118E+04 	 0E+00
1.00000e+01	9.99954e-02 	 0 	 0E+00 	 2.22212E+04 	 0E+00
1.00000e+01	9.99953e-02 	 0 	 0E+00 	 2.222118E+04 	 0E+00
1.00000e+01	9.99953e-02 	 0 	 0E+00 	 2.222118E+04 	 0E+00
1.00000e+01	9.99954e-02 	 0 	 0E+00 	 2.22212E+04 	 0E+00
1.00000e+01	9.99953e-02 	 0 	 0E+00 	 2.222118E+04 	 0E+00
1.00000e+01	9.99953e-02 	 0 	 0E+00 	 2.222118E+04 	 0E+00
1.00000e+01	9.99954e-02 	 0 	 0E+00 	 2.22212E+04 	 0E+00
1.00000e+01	9.99954e-02 	 0 	 0E+00 	 2.22212E+04 	 0E+00
1.00000e+01	9.99954e-02 	 0 	 0E+00 	 2.22212E+04 	 0E+00
1.00000e+01	9.99954e-02 	 0 	 0E+00 	 2.22212E+04 	 0E+00
1.00000e+01	9.99953e-02 	 0 	 0E+00 	 2.222118E+04 	 0E+00
1.00000e+01	9.99953e-02 	 0 	 0E+00 	 2.222118E+04 	 0E+00
1.00000e+01	9.99953e-02 	 0 	 0E+00 	 2.222118E+04 	 0E+00
1.00000e+01	9.99953e-02 	 0 	 0E+00 	 2.222118E+04 	 0E+00
1.00000e+01	9.99953e-02 	 0 	 0E+00 	 2.222118E+04 	 0E+00
1.00000e+01	9.99953e-02 	 0 	 0E+00 	 2.222118E+04 	 0E+00
1.00000e+01	9.99954e-02 	 0 	 0E+00 	 2.22212E+04 	 0E+00
1.00000e+01	9.99954e-02 	 0 	 0E+00 	 2.22212E+04 	 0E+00
1.00000e+01	9.99954e-02 	 0 	 0E+00 	 2.22212E+04 	 0E+00
1.00000e+01	9.99954e-02 	 0 	 0E+00 	 2.22212E+04 	 0E+00
1.00000e+01	9.99953e-02 	 0 	 0E+00 	 2.222118E+04 	 0E+00
1.00000e+01	9.99953e-02 	 0 	 0E+00 	 2.222118E+04 	 0E+00
1.00000e+01	9.99953e-02 	 0 	 0E+00 	 2.222118E+04 	 0E+00
1.00000e+01	9.99954e-02 	 0 	 0E+00 	 2.22212E+04 	 0E+00
1.00000e+01	9.99953e-02 	 0 	 0E+00 	 2.222118E+04 	 0E+00
1.00000e+01	9.99952e-02 	 0 	 0E+00 	 2.222116E+04 	 0E+00
1.00000e+01	9.99953e-02 	 0 	 0E+00 	 2.222118E+04 	 0E+00
1.00000e+01	9.99952e-02 	 0 	 0E+00 	 2.222116E+04 	 0E+00
1.00000e+01	9.99953e-02 	 0 	 0E+00 	 2.222118E+04 	 0E+00
1.00000e+01	9.99951e-02 	 0 	 0E+00 	 2.222113E+04 	 0E+00
1.00000e+01	9.99951e-02 	 0 	 0E+00 	 2.222113E+04 	 0E+00
1.00000e+01	9.99952e-02 	 0 	 0E+00 	 2.222116E+04 	 0E+00
1.00000e+01	9.99952e-02 	 0 	 0E+00 	 2.222116E+04 	 0E+00
1.00000e+01	9.99953e-02 	 0 	 0E+00 	 2.222118E+04 	 0E+00
1.00000e+01	9.99952e-02 	 0 	 0E+00 	 2.222116E+04 	 0E+00
1.00000e+01	9.99952e-02 	 0 	 0E+00 	 2.222116E+04 	 0E+00
1.00000e+01	9.99952e-02 	 0 	 0E+00 	 2.222116E+04 	 0E+00
1.00000e+01	9.99951e-02 	 0 	 0E+00 	 2.222113E+04 	 0E+00
1.00000e+01	9.99952e-02 	 0 	 0E+00 	 2.222116E+04 	 0E+00
1.00000e+01	9.99952e-02 	 0 	 0E+00 	 2.222116E+04 	 0E+00
1.00000e+01	9.99952e-02 	 0 	 0E+00 	 2.222116E+04 	 0E+00
1.00000e+01	9.99953e-02 	 0 	 0E+00 	 2.222118E+04 	 0E+00
1.00000e+01	9.99953e-02 	 0 	 0E+00 	 2.222118E+04 	 0E+00
1.00000e+01	9.99953e-02 	 0 	 0E+00 	 2.222118E+04 	 0E+00
1.00000e+01	9.99953e-02 	 0 	 0E+00 	 2.222118E+04 	 0E+00
1.00000e+01	9.99954e-02 	 0 	 0E+00 	 2.22212E+04 	 0E+00
1.00000e+01	9.99953e-02 	 0 	 0E+00 	 2.222118E+04 	 0E+00
1.00000e+01	9.99953e-02 	 0 	 0E+00 	 2.222118E+04 	 0E+00
1.00000e+01	9.99954e-02 	 0 	 0E+00 	 2.22212E+04 	 0E+00
1.00000e+01	9.99954e-02 	 0 	 0E+00 	 2.22212E+04 	 0E+00
1.00000e+01	9.99954e-02 	 0 	 0E+00 	 2.22212E+04 	 0E+00
1.00000e+01	9.99953e-02 	 0 	 0E+00 	 2.222118E+04 	 0E+00
1.00000e+01	9.99952e-02 	 0 	 0E+00 	 2.222116E+04 	 0E+00
1.00000e+01	9.99953e-02 	 0 	 0E+00 	 2.222118E+04 	 0E+00
1.00000e+01	9.99954e-02 	 0 	 0E+00 	 2.22212E+04 	 0E+00
1.00000e+01	9.99954e-02 	 0 	 0E+00 	 2.22212E+04 	 0E+00
1.00000e+01	9.99953e-02 	 0 	 0E+00 	 2.222118E+04 	 0E+00
1.00000e+01	9.99953e-02 	 0 	 0E+00 	 2.222118E+04 	 0E+00
1.00000e+01	9.99952e-02 	 0 	 0E+00 	 2.222116E+04 	 0E+00
1.00000e+01	9.99952e-02 	 0 	 0E+00 	 2.222116E+04 	 0E+00
1.00000e+01	9.99952e-02 	 0 	 0E+00 	 2.222116E+04 	 0E+00
1.00000e+01	9.99952e-02 	 0 	 0E+00 	 2.222116E+04 	 0E+00
1.00000e+01	9.99952e-02 	 0 	 0E+00 	 2.222116E+04 	 0E+00
1.00000e+01	9.99952e-02 	 0 	 0E+00 	 2.222116E+04 	 0E+00
1.00000e+01	9.99952e-02 	 0 	 0E+00 	 2.222116E+04 	 0E+00
1.00000e+01	9.99952e-02 	 0 	 0E+00 	 2.222116E+04 	 0E+00
1.00000e+01	9.99952e-02 	 0 	 0E+00 	 2.222116E+04 	 0E+00
1.00000e+01	9.99952e-02 	 0 	 0E+00 	 2.222116E+04 	 0E+00
1.00000e+01	9.99952e-02 	 0 	 0E+00 	 2.222116E+04 	 0E+00
1.00000e+01	9.99951e-02 	 0 	 0E+00 	 2.222113E+04 	 0E+00
1.00000e+01	9.99950e-02 	 0 	 0E+00 	 2.222111E+04 	 0E+00
1.00000e+01	9.99951e-02 	 0 	 0E+00 	 2.222113E+04 	 0E+00
1.00000e+01	9.99952e-02 	 0 	 0E+00 	 2.222116E+04 	 0E+00
1.00000e+01	9.99952e-02 	 0 	 0E+00 	 2.222116E+04 	 0E+00
1.00000e+01	9.99952e-02 	 0 	 0E+00 	 2.222116E+04 	 0E+00
1.00000e+01	9.99953e-02 	 0 	 0E+00 	 2.222118E+04 	 0E+00
1.00000e+01	9.99953e-02 	 0 	 0E+00 	 2.222118E+04 	 0E+00
1.00000e+01	9.99953e-02 	 0 	 0E+00 	 2.222118E+04 	 0E+00
1.00000e+01	9.99953e-02 	 0 	 0E+00 	 2.222118E+04 	 0E+00
1.00000e+01	9.99953e-02 	 0 	 0E+00 	 2.222118E+04 	 0E+00
1.00000e+01	9.99954e-02 	 0 	 0E+00 	 2.22212E+04 	 0E+00
1.00000e+01	9.99953e-02 	 0 	 0E+00 	 2.222118E+04 	 0E+00
1.00000e+01	9.99953e-02 	 0 	 0E+00 	 2.222118E+04 	 0E+00
1.00000e+01	9.99952e-02 	 0 	 0E+00 	 2.222116E+04 	 0E+00
1.00000e+01	9.99953e-02 	 0 	 0E+00 	 2.222118E+04 	 0E+00
1.00000e+01	9.99954e-02 	 0 	 0E+00 	 2.22212E+04 	 0E+00
1.00000e+01	9.99954e-02 	 0 	 0E+00 	 2.22212E+04 	 0E+00
1.00000e+01	9.99952e-02 	 0 	 0E+00 	 2.222116E+04 	 0E+00
1.00000e+01	9.99951e-02 	 0 	 0E+00 	 2.222113E+04 	 0E+00
1.00000e+01	9.99952e-02 	 0 	 0E+00 	 2.222116E+04 	 0E+00
1.00000e+01	9.99953e-02 	 0 	 0E+00 	 2.222118E+04 	 0E+00
1.00000e+01	9.99953e-02 	 0 	 0E+00 	 2.222118E+04 	 0E+00
1.00000e+01	9.99954e-02 	 0 	 0E+00 	 2.22212E+04 	 0E+00
1.00000e+01	9.99954e-02 	 0 	 0E+00 	 2.22212E+04 	 0E+00
1.00000e+01	9.99953e-02 	 0 	 0E+00 	 2.222118E+04 	 0E+00
1.00000e+01	9.99953e-02 	 0 	 0E+00 	 2.222118E+04 	 0E+00
1.00000e+01	9.99953e-02 	 0 	 0E+00 	 2.222118E+04 	 0E+00
1.00000e+01	9.99952e-02 	 0 	 0E+00 	 2.222116E+04 	 0E+00
1.00000e+01	9.99952e-02 	 0 	 0E+00 	 2.222116E+04 	 0E+00
1.00000e+01	9.99951e-02 	 0 	 0E+00 	 2.222113E+04 	 0E+00
1.00000e+01	9.99951e-02 	 0 	 0E+00 	 2.222113E+04 	 0E+00
1.00000e+01	9.99951e-02 	 0 	 0E+00 	 2.222113E+04 	 0E+00
1.00000e+01	9.99951e-02 	 0 	 0E+00 	 2.222113E+04 	 0E+00
1.00000e+01	9.99951e-02 	 0 	 0E+00 	 2.222113E+04 	 0E+00
1.00000e+01	9.99951e-02 	 0 	 0E+00 	 2.222113E+04 	 0E+00
1.00000e+01	9.99951e-02 	 0 	 0E+00 	 2.222113E+04 	 0E+00
1.00000e+01	9.99951e-02 	 0 	 0E+00 	 2.222113E+04 	 0E+00
1.00000e+01	9.99951e-02 	 0 	 0E+00 	 2.222113E+04 	 0E+00
1.00000e+01	9.99953e-02 	 0 	 0E+00 	 2.222118E+04 	 0E+00
1.00000e+01	9.99952e-02 	 0 	 0E+00 	 2.222116E+04 	 0E+00
1.00000e+01	9.99953e-02 	 0 	 0E+00 	 2.222118E+04 	 0E+00
1.00000e+01	9.99953e-02 	 0 	 0E+00 	 2.222118E+04 	 0E+00
1.00000e+01	9.99953e-02 	 0 	 0E+00 	 2.222118E+04 	 0E+00
1.00000e+01	9.99953e-02 	 0 	 0E+00 	 2.222118E+04 	 0E+00
1.00000e+01	9.99954e-02 	 0 	 0E+00 	 2.22212E+04 	 0E+00
1.00000e+01	9.99953e-02 	 0 	 0E+00 	 2.222118E+04 	 0E+00
1.00000e+01	9.99953e-02 	 0 	 0E+00 	 2.222118E+04 	 0E+00
1.00000e+01	9.99953e-02 	 0 	 0E+00 	 2.222118E+04 	 0E+00
1.00000e+01	9.99952e-02 	 0 	 0E+00 	 2.222116E+04 	 0E+00
1.00000e+01	9.99952e-02 	 0 	 0E+00 	 2.222116E+04 	 0E+00
1.00000e+01	9.99952e-02 	 0 	 0E+00 	 2.222116E+04 	 0E+00
1.00000e+01	9.99951e-02 	 0 	 0E+00 	 2.222113E+04 	 0E+00
1.00000e+01	9.99950e-02 	 0 	 0E+00 	 2.222111E+04 	 0E+00
1.00000e+01	9.99951e-02 	 0 	 0E+00 	 2.222113E+04 	 0E+00
1.00000e+01	9.99951e-02 	 0 	 0E+00 	 2.222113E+04 	 0E+00
1.00000e+01	9.99951e-02 	 0 	 0E+00 	 2.222113E+04 	 0E+00
1.00000e+01	9.99950e-02 	 0 	 0E+00 	 2.222111E+04 	 0E+00
1.00000e+01	9.99951e-02 	 0 	 0E+00 	 2.222113E+04 	 0E+00
>>head<<V(__) 	 I(__) 	 lux 	 CurrC oeff. 	 CurrA/m^-2. 	 lux/m^-1
1.00000e+01	9.99951e-02 	 0 	 0E+00 	 2.222113E+04 	 0E+00
1.00000e+01	9.99950e-02 	 0 	 0E+00 	 2.222111E+04 	 0E+00
1.00000e+01	9.99951e-02 	 0 	 0E+00 	 2.222113E+04 	 0E+00
1.00000e+01	9.99952e-02 	 0 	 0E+00 	 2.222116E+04 	 0E+00
1.00000e+01	9.99952e-02 	 0 	 0E+00 	 2.222116E+04 	 0E+00
1.00000e+01	9.99952e-02 	 0 	 0E+00 	 2.222116E+04 	 0E+00
1.00000e+01	9.99952e-02 	 0 	 0E+00 	 2.222116E+04 	 0E+00
1.00000e+01	9.99953e-02 	 0 	 0E+00 	 2.222118E+04 	 0E+00
1.00000e+01	9.99953e-02 	 0 	 0E+00 	 2.222118E+04 	 0E+00
1.00000e+01	9.99952e-02 	 0 	 0E+00 	 2.222116E+04 	 0E+00
1.00000e+01	9.99952e-02 	 0 	 0E+00 	 2.222116E+04 	 0E+00
1.00000e+01	9.99952e-02 	 0 	 0E+00 	 2.222116E+04 	 0E+00
1.00000e+01	9.99952e-02 	 0 	 0E+00 	 2.222116E+04 	 0E+00
1.00000e+01	9.99953e-02 	 0 	 0E+00 	 2.222118E+04 	 0E+00
1.00000e+01	9.99951e-02 	 0 	 0E+00 	 2.222113E+04 	 0E+00
1.00000e+01	9.99953e-02 	 0 	 0E+00 	 2.222118E+04 	 0E+00
1.00000e+01	9.99951e-02 	 0 	 0E+00 	 2.222113E+04 	 0E+00
1.00000e+01	9.99950e-02 	 0 	 0E+00 	 2.222111E+04 	 0E+00
1.00000e+01	9.99950e-02 	 0 	 0E+00 	 2.222111E+04 	 0E+00
1.00000e+01	9.99950e-02 	 0 	 0E+00 	 2.222111E+04 	 0E+00
>>head<<V(__) 	 I(__) 	 lux 	 CurrC oeff. 	 CurrA/m^-2. 	 lux/m^-1
1.00000e+01	9.99949e-02 	 0 	 0E+00 	 2.222109E+04 	 0E+00
1.00000e+01	9.99949e-02 	 0 	 0E+00 	 2.222109E+04 	 0E+00
1.00000e+01	9.99949e-02 	 0 	 0E+00 	 2.222109E+04 	 0E+00
1.00000e+01	9.99949e-02 	 0 	 0E+00 	 2.222109E+04 	 0E+00
1.00000e+01	9.99949e-02 	 0 	 0E+00 	 2.222109E+04 	 0E+00
1.00000e+01	9.99948e-02 	 0 	 0E+00 	 2.222107E+04 	 0E+00
1.00000e+01	9.99948e-02 	 0 	 0E+00 	 2.222107E+04 	 0E+00
1.00000e+01	9.99948e-02 	 0 	 0E+00 	 2.222107E+04 	 0E+00
1.00000e+01	9.99949e-02 	 0 	 0E+00 	 2.222109E+04 	 0E+00
1.00000e+01	9.99949e-02 	 0 	 0E+00 	 2.222109E+04 	 0E+00
1.00000e+01	9.99949e-02 	 0 	 0E+00 	 2.222109E+04 	 0E+00
1.00000e+01	9.99949e-02 	 0 	 0E+00 	 2.222109E+04 	 0E+00
1.00000e+01	9.99950e-02 	 0 	 0E+00 	 2.222111E+04 	 0E+00
1.00000e+01	9.99951e-02 	 0 	 0E+00 	 2.222113E+04 	 0E+00
1.00000e+01	9.99949e-02 	 0 	 0E+00 	 2.222109E+04 	 0E+00
>>head<<V(__) 	 I(__) 	 lux 	 CurrC oeff. 	 CurrA/m^-2. 	 lux/m^-1
1.00000e+01	9.99952e-02 	 0 	 0E+00 	 2.222116E+04 	 0E+00
1.00000e+01	9.99951e-02 	 0 	 0E+00 	 2.222113E+04 	 0E+00
1.00000e+01	9.99952e-02 	 0 	 0E+00 	 2.222116E+04 	 0E+00
1.00000e+01	9.99951e-02 	 0 	 0E+00 	 2.222113E+04 	 0E+00
1.00000e+01	9.99951e-02 	 0 	 0E+00 	 2.222113E+04 	 0E+00
1.00000e+01	9.99952e-02 	 0 	 0E+00 	 2.222116E+04 	 0E+00
>>head<<V(__) 	 I(__) 	 lux 	 CurrC oeff. 	 CurrA/m^-2. 	 lux/m^-1
1.00000e+01	9.99954e-02 	 0 	 0E+00 	 2.22212E+04 	 0E+00
>>head<<V(__) 	 I(__) 	 lux 	 CurrC oeff. 	 CurrA/m^-2. 	 lux/m^-1
1.00000e+01	9.99944e-02 	 89.2 	 8.9205E+02 	 2.222098E+04 	 1.982222E+07
1.00000e+01	9.99945e-02 	 89.2 	 8.920491E+02 	 2.2221E+04 	 1.982222E+07
1.00000e+01	9.99943e-02 	 89.2 	 8.920508E+02 	 2.222096E+04 	 1.982222E+07
1.00000e+01	9.99943e-02 	 89.2 	 8.920508E+02 	 2.222096E+04 	 1.982222E+07
1.00000e+01	9.99943e-02 	 89.2 	 8.920508E+02 	 2.222096E+04 	 1.982222E+07
1.00000e+01	9.99945e-02 	 89.2 	 8.920491E+02 	 2.2221E+04 	 1.982222E+07
1.00000e+01	9.99943e-02 	 89.2 	 8.920508E+02 	 2.222096E+04 	 1.982222E+07
1.00000e+01	9.99944e-02 	 89.2 	 8.9205E+02 	 2.222098E+04 	 1.982222E+07
1.00000e+01	9.99944e-02 	 89.2 	 8.9205E+02 	 2.222098E+04 	 1.982222E+07
1.00000e+01	9.99944e-02 	 89.2 	 8.9205E+02 	 2.222098E+04 	 1.982222E+07
1.00000e+01	9.99946e-02 	 89.2 	 8.920482E+02 	 2.222102E+04 	 1.982222E+07
1.00000e+01	9.99945e-02 	 89.2 	 8.920491E+02 	 2.2221E+04 	 1.982222E+07
1.00000e+01	9.99947e-02 	 89.2 	 8.920473E+02 	 2.222104E+04 	 1.982222E+07
1.00000e+01	9.99947e-02 	 89.2 	 8.920473E+02 	 2.222104E+04 	 1.982222E+07
1.00000e+01	9.99946e-02 	 89.2 	 8.920482E+02 	 2.222102E+04 	 1.982222E+07
1.00000e+01	9.99948e-02 	 89.2 	 8.920464E+02 	 2.222107E+04 	 1.982222E+07
1.00000e+01	9.99947e-02 	 89.2 	 8.920473E+02 	 2.222104E+04 	 1.982222E+07
1.00000e+01	9.99947e-02 	 89.2 	 8.920473E+02 	 2.222104E+04 	 1.982222E+07
1.00000e+01	9.99947e-02 	 89.2 	 8.920473E+02 	 2.222104E+04 	 1.982222E+07
1.00000e+01	9.99947e-02 	 89.2 	 8.920473E+02 	 2.222104E+04 	 1.982222E+07
1.00000e+01	9.99947e-02 	 89.2 	 8.920473E+02 	 2.222104E+04 	 1.982222E+07
1.00000e+01	9.99949e-02 	 83.18 	 8.318424E+02 	 2.222109E+04 	 1.848444E+07
1.00000e+01	9.99946e-02 	 86.19 	 8.619465E+02 	 2.222102E+04 	 1.915333E+07
1.00000e+01	9.99945e-02 	 89.19 	 8.919491E+02 	 2.2221E+04 	 1.982E+07
1.00000e+01	9.99949e-02 	 89.19 	 8.919455E+02 	 2.222109E+04 	 1.982E+07
1.00000e+01	9.99950e-02 	 89.2 	 8.920446E+02 	 2.222111E+04 	 1.982222E+07
1.00000e+01	9.99951e-02 	 89.2 	 8.920437E+02 	 2.222113E+04 	 1.982222E+07
1.00000e+01	9.99948e-02 	 89.2 	 8.920464E+02 	 2.222107E+04 	 1.982222E+07
1.00000e+01	9.99949e-02 	 89.2 	 8.920455E+02 	 2.222109E+04 	 1.982222E+07
1.00000e+01	9.99948e-02 	 89.2 	 8.920464E+02 	 2.222107E+04 	 1.982222E+07
1.00000e+01	9.99948e-02 	 63.14 	 6.314328E+02 	 2.222107E+04 	 1.403111E+07
>>END<<
DATA: /home/user/PycharmProjects/OFET_K2636B_2019.10.15/data/OLED_00_oled_ltp_043.txt
