V(__) I(__) lux CurrC oeff. CurrA/m^-2. lux/m^-1
1.00000e+01 9.99959e-02 0 0E+00 2.222131E+04 0E+00 
1.00000e+01 9.99961e-02 0 0E+00 2.222136E+04 0E+00 
1.00000e+01 9.99959e-02 0 0E+00 2.222131E+04 0E+00 
1.00000e+01 9.99958e-02 0 0E+00 2.222129E+04 0E+00 
1.00000e+01 9.99959e-02 0 0E+00 2.222131E+04 0E+00 
1.00000e+01 9.99960e-02 0 0E+00 2.222133E+04 0E+00 
1.00000e+01 9.99961e-02 0 0E+00 2.222136E+04 0E+00 
1.00000e+01 9.99960e-02 0 0E+00 2.222133E+04 0E+00 
1.00000e+01 9.99962e-02 0 0E+00 2.222138E+04 0E+00 
1.00000e+01 9.99961e-02 0 0E+00 2.222136E+04 0E+00 
1.00000e+01 9.99960e-02 0 0E+00 2.222133E+04 0E+00 
1.00000e+01 9.99961e-02 0 0E+00 2.222136E+04 0E+00 
      
