dt(__) I(__) lux CurrCoeff. CurrA/m^-2. lux/m^-2 %lux/m^-2
4.30000e-05 3.47916e-03 64.6 1.85677E+02 7.731467E+02 1.435556E+07 100.0
1.02040e+00 3.13150e-03 57.5 1.836181E+02 6.958889E+02 1.277778E+07 89.009
2.04082e+00 3.08037e-03 50.5 1.639413E+02 6.845267E+02 1.122222E+07 78.173
3.06124e+00 3.05851e-03 46.5 1.520348E+02 6.796689E+02 1.033333E+07 71.981
4.08172e+00 3.04005e-03 43.5 1.430898E+02 6.755667E+02 9.666667E+06 67.337
5.10221e+00 3.01864e-03 42.5 1.407919E+02 6.708089E+02 9.444444E+06 65.789
6.12270e+00 2.99901e-03 40.5 1.350446E+02 6.664467E+02 9E+06 62.693
7.14319e+00 2.99030e-03 39.5 1.320938E+02 6.645111E+02 8.777778E+06 61.146
8.16366e+00 2.93886e-03 38.4 1.306629E+02 6.5308E+02 8.533333E+06 59.443
9.18413e+00 2.80799e-03 36.4 1.296301E+02 6.239978E+02 8.088889E+06 56.347
1.02046e+01 2.77270e-03 34.4 1.240668E+02 6.161556E+02 7.644444E+06 53.251
1.12251e+01 2.77572e-03 34.4 1.239318E+02 6.168267E+02 7.644444E+06 53.251
1.22456e+01 2.77246e-03 33.4 1.204706E+02 6.161022E+02 7.422222E+06 51.703
1.32660e+01 2.77701e-03 33.4 1.202732E+02 6.171133E+02 7.422222E+06 51.703
1.42865e+01 2.77253e-03 33.4 1.204676E+02 6.161178E+02 7.422222E+06 51.703
1.53070e+01 2.77180e-03 32.4 1.168916E+02 6.159556E+02 7.2E+06 50.155
1.63677e+01 2.76746e-03 32.4 1.170749E+02 6.149911E+02 7.2E+06 50.155
1.73882e+01 2.76896e-03 32.4 1.170114E+02 6.153244E+02 7.2E+06 50.155
1.84087e+01 2.76703e-03 31.4 1.134791E+02 6.148956E+02 6.977778E+06 48.607
1.94292e+01 2.76288e-03 31.4 1.136495E+02 6.139733E+02 6.977778E+06 48.607
2.04496e+01 2.75522e-03 31.4 1.139655E+02 6.122711E+02 6.977778E+06 48.607
2.14701e+01 2.74030e-03 30.4 1.109368E+02 6.089556E+02 6.755556E+06 47.059
2.24906e+01 2.72670e-03 30.4 1.114901E+02 6.059333E+02 6.755556E+06 47.059
2.35110e+01 2.71708e-03 29.4 1.082044E+02 6.037956E+02 6.533333E+06 45.511
2.45315e+01 2.69238e-03 29.4 1.091971E+02 5.983067E+02 6.533333E+06 45.511
2.55520e+01 2.68145e-03 29.4 1.096422E+02 5.958778E+02 6.533333E+06 45.511
2.65725e+01 2.65192e-03 28.4 1.070922E+02 5.893156E+02 6.311111E+06 43.963
2.75929e+01 2.65090e-03 28.4 1.071334E+02 5.890889E+02 6.311111E+06 43.963
2.86134e+01 2.65191e-03 28.4 1.070926E+02 5.893133E+02 6.311111E+06 43.963
2.96339e+01 2.66060e-03 28.4 1.067428E+02 5.912444E+02 6.311111E+06 43.963
3.06544e+01 2.64006e-03 27.4 1.037855E+02 5.8668E+02 6.088889E+06 42.415
3.17151e+01 2.62778e-03 27.4 1.042705E+02 5.839511E+02 6.088889E+06 42.415
3.27356e+01 2.61989e-03 27.4 1.045845E+02 5.821978E+02 6.088889E+06 42.415
3.37561e+01 2.64280e-03 27.4 1.036779E+02 5.872889E+02 6.088889E+06 42.415
3.47765e+01 2.64095e-03 27.4 1.037505E+02 5.868778E+02 6.088889E+06 42.415
3.57970e+01 2.63849e-03 26.4 1.000572E+02 5.863311E+02 5.866667E+06 40.867
3.68175e+01 2.63557e-03 26.4 1.001681E+02 5.856822E+02 5.866667E+06 40.867
3.78379e+01 2.63788e-03 26.4 1.000804E+02 5.861956E+02 5.866667E+06 40.867
3.88584e+01 2.63006e-03 26.4 1.003779E+02 5.844578E+02 5.866667E+06 40.867
3.98789e+01 2.62459e-03 26.4 1.005871E+02 5.832422E+02 5.866667E+06 40.867
4.08993e+01 2.60774e-03 25.4 9.740235E+01 5.794978E+02 5.644444E+06 39.319
4.19198e+01 2.58579e-03 25.4 9.822917E+01 5.7462E+02 5.644444E+06 39.319
4.29402e+01 2.58200e-03 25.4 9.837335E+01 5.737778E+02 5.644444E+06 39.319
4.39607e+01 2.58094e-03 25.4 9.841376E+01 5.735422E+02 5.644444E+06 39.319
4.49812e+01 2.57931e-03 25.4 9.847595E+01 5.7318E+02 5.644444E+06 39.319
4.60017e+01 2.56859e-03 24.4 9.499375E+01 5.707978E+02 5.422222E+06 37.771
4.70624e+01 2.56706e-03 24.4 9.505037E+01 5.704578E+02 5.422222E+06 37.771
4.80829e+01 2.56218e-03 24.4 9.52314E+01 5.693733E+02 5.422222E+06 37.771
4.91034e+01 2.54879e-03 24.4 9.57317E+01 5.663978E+02 5.422222E+06 37.771
5.01239e+01 2.54485e-03 24.4 9.587991E+01 5.655222E+02 5.422222E+06 37.771
5.11443e+01 2.54108e-03 24.4 9.602216E+01 5.646844E+02 5.422222E+06 37.771
5.21648e+01 2.54049e-03 23.4 9.210822E+01 5.645533E+02 5.2E+06 36.223
5.31852e+01 2.53492e-03 23.4 9.231061E+01 5.633156E+02 5.2E+06 36.223
5.42057e+01 2.53025e-03 23.4 9.248098E+01 5.622778E+02 5.2E+06 36.223
5.52262e+01 2.52680e-03 23.4 9.260725E+01 5.615111E+02 5.2E+06 36.223
5.62467e+01 2.51700e-03 23.4 9.296782E+01 5.593333E+02 5.2E+06 36.223
5.72671e+01 2.50625e-03 23.4 9.336658E+01 5.569444E+02 5.2E+06 36.223
5.82876e+01 2.49651e-03 0.01 4.005592E-02 5.5478E+02 2.222222E+03 0.015
5.93081e+01 2.48151e-03 22.4 9.026762E+01 5.514467E+02 4.977778E+06 34.675
6.03286e+01 2.46225e-03 22.4 9.09737E+01 5.471667E+02 4.977778E+06 34.675
6.13491e+01 2.44142e-03 22.4 9.174988E+01 5.425378E+02 4.977778E+06 34.675
6.24098e+01 2.42746e-03 22.4 9.227752E+01 5.394356E+02 4.977778E+06 34.675
6.34303e+01 2.42953e-03 22.4 9.21989E+01 5.398956E+02 4.977778E+06 34.675
6.44508e+01 2.42677e-03 22.4 9.230376E+01 5.392822E+02 4.977778E+06 34.675
6.54712e+01 2.42337e-03 21.4 8.830678E+01 5.385267E+02 4.755556E+06 33.127
6.64917e+01 2.42385e-03 21.4 8.828929E+01 5.386333E+02 4.755556E+06 33.127
6.75121e+01 2.41127e-03 21.4 8.874991E+01 5.358378E+02 4.755556E+06 33.127
6.85326e+01 2.38279e-03 21.4 8.981068E+01 5.295089E+02 4.755556E+06 33.127
6.95531e+01 2.37733e-03 21.4 9.001695E+01 5.282956E+02 4.755556E+06 33.127
7.05736e+01 2.36346e-03 21.4 9.054522E+01 5.252133E+02 4.755556E+06 33.127
7.15940e+01 2.37449e-03 21.4 9.012462E+01 5.276644E+02 4.755556E+06 33.127
7.26145e+01 2.37280e-03 20.4 8.597438E+01 5.272889E+02 4.533333E+06 31.579
7.36350e+01 2.46966e-03 22.4 9.070074E+01 5.488133E+02 4.977778E+06 34.675
7.46554e+01 2.70465e-03 23.4 8.651766E+01 6.010333E+02 5.2E+06 36.223
7.56759e+01 2.72369e-03 23.4 8.591286E+01 6.052644E+02 5.2E+06 36.223
7.66964e+01 2.73689e-03 23.4 8.54985E+01 6.081978E+02 5.2E+06 36.223
7.77572e+01 2.73196e-03 23.4 8.565279E+01 6.071022E+02 5.2E+06 36.223
7.87777e+01 2.75796e-03 23.4 8.484532E+01 6.1288E+02 5.2E+06 36.223
7.97981e+01 2.78242e-03 23.4 8.409945E+01 6.183156E+02 5.2E+06 36.223
8.08186e+01 2.79264e-03 23.4 8.379168E+01 6.205867E+02 5.2E+06 36.223
8.18391e+01 2.80046e-03 23.4 8.35577E+01 6.223244E+02 5.2E+06 36.223
8.28595e+01 2.80487e-03 23.4 8.342633E+01 6.233044E+02 5.2E+06 36.223
8.38800e+01 2.81132e-03 23.4 8.323492E+01 6.247378E+02 5.2E+06 36.223
8.49005e+01 2.81144e-03 22.4 7.967447E+01 6.247644E+02 4.977778E+06 34.675
8.59210e+01 2.81111e-03 22.4 7.968383E+01 6.246911E+02 4.977778E+06 34.675
8.69415e+01 2.80850e-03 22.4 7.975788E+01 6.241111E+02 4.977778E+06 34.675
8.79619e+01 2.81432e-03 22.4 7.959294E+01 6.254044E+02 4.977778E+06 34.675
8.89824e+01 2.81506e-03 22.4 7.957202E+01 6.255689E+02 4.977778E+06 34.675
9.00029e+01 2.81904e-03 22.4 7.945967E+01 6.264533E+02 4.977778E+06 34.675
9.10234e+01 2.82141e-03 22.4 7.939293E+01 6.2698E+02 4.977778E+06 34.675
9.20438e+01 2.82200e-03 22.4 7.937633E+01 6.271111E+02 4.977778E+06 34.675
9.31046e+01 2.82496e-03 22.4 7.929316E+01 6.277689E+02 4.977778E+06 34.675
9.41251e+01 2.82595e-03 22.4 7.926538E+01 6.279889E+02 4.977778E+06 34.675
9.51455e+01 2.82356e-03 22.4 7.933247E+01 6.274578E+02 4.977778E+06 34.675
9.61660e+01 2.82477e-03 21.4 7.575838E+01 6.277267E+02 4.755556E+06 33.127
9.71865e+01 2.82138e-03 21.4 7.584941E+01 6.269733E+02 4.755556E+06 33.127
9.82070e+01 2.81617e-03 21.4 7.598973E+01 6.258156E+02 4.755556E+06 33.127
9.92274e+01 2.80792e-03 21.4 7.6213E+01 6.239822E+02 4.755556E+06 33.127
1.00248e+02 2.79806e-03 21.4 7.648156E+01 6.217911E+02 4.755556E+06 33.127
1.01268e+02 2.82456e-03 21.4 7.576401E+01 6.2768E+02 4.755556E+06 33.127
1.02289e+02 2.83267e-03 21.4 7.55471E+01 6.294822E+02 4.755556E+06 33.127
1.03309e+02 2.83297e-03 21.4 7.55391E+01 6.295489E+02 4.755556E+06 33.127
1.04330e+02 2.83527e-03 21.4 7.547782E+01 6.3006E+02 4.755556E+06 33.127
1.05350e+02 2.83247e-03 21.4 7.555243E+01 6.294378E+02 4.755556E+06 33.127
1.06371e+02 2.83479e-03 20.4 7.1963E+01 6.299533E+02 4.533333E+06 31.579
1.07391e+02 2.83333e-03 20.4 7.200008E+01 6.296289E+02 4.533333E+06 31.579
1.08452e+02 2.82734e-03 20.4 7.215262E+01 6.282978E+02 4.533333E+06 31.579
1.09472e+02 2.82462e-03 20.4 7.22221E+01 6.276933E+02 4.533333E+06 31.579
1.10493e+02 2.81852e-03 20.4 7.237841E+01 6.263378E+02 4.533333E+06 31.579
1.11513e+02 2.82235e-03 20.4 7.228019E+01 6.271889E+02 4.533333E+06 31.579
1.12534e+02 2.81703e-03 20.4 7.241669E+01 6.260067E+02 4.533333E+06 31.579
1.13554e+02 2.81416e-03 20.4 7.249055E+01 6.253689E+02 4.533333E+06 31.579
1.14575e+02 2.80008e-03 20.4 7.285506E+01 6.2224E+02 4.533333E+06 31.579
1.15595e+02 2.79686e-03 20.4 7.293894E+01 6.215244E+02 4.533333E+06 31.579
1.16616e+02 2.78373e-03 19.4 6.969067E+01 6.186067E+02 4.311111E+06 30.031
1.17636e+02 2.76912e-03 19.4 7.005836E+01 6.1536E+02 4.311111E+06 30.031
1.18657e+02 2.68003e-03 19.3 7.201412E+01 5.955622E+02 4.288889E+06 29.876
1.19677e+02 2.79165e-03 19.3 6.913474E+01 6.203667E+02 4.288889E+06 29.876
1.20698e+02 2.77491e-03 19.3 6.955181E+01 6.166467E+02 4.288889E+06 29.876
1.21718e+02 2.72812e-03 19.3 7.074469E+01 6.062489E+02 4.288889E+06 29.876
1.22739e+02 2.73888e-03 19.3 7.046676E+01 6.0864E+02 4.288889E+06 29.876
1.23799e+02 2.73087e-03 19.3 7.067345E+01 6.0686E+02 4.288889E+06 29.876
1.24820e+02 2.74225e-03 19.3 7.038016E+01 6.093889E+02 4.288889E+06 29.876
1.25840e+02 2.74137e-03 18.3 6.675494E+01 6.091933E+02 4.066667E+06 28.328
1.26861e+02 2.75979e-03 19.3 6.993286E+01 6.132867E+02 4.288889E+06 29.876
1.27881e+02 2.74052e-03 18.3 6.677565E+01 6.090044E+02 4.066667E+06 28.328
1.28902e+02 2.74597e-03 18.3 6.664312E+01 6.102156E+02 4.066667E+06 28.328
1.29922e+02 2.73908e-03 18.3 6.681075E+01 6.086844E+02 4.066667E+06 28.328
1.30943e+02 2.54832e-03 17.3 6.788786E+01 5.662933E+02 3.844444E+06 26.78
1.31963e+02 2.53674e-03 17.3 6.819777E+01 5.6372E+02 3.844444E+06 26.78
1.32984e+02 2.53414e-03 17.3 6.826774E+01 5.631422E+02 3.844444E+06 26.78
1.34004e+02 2.53392e-03 17.3 6.827366E+01 5.630933E+02 3.844444E+06 26.78
1.35024e+02 2.53169e-03 17.3 6.83338E+01 5.625978E+02 3.844444E+06 26.78
1.36045e+02 2.54239e-03 17.3 6.804621E+01 5.649756E+02 3.844444E+06 26.78
1.37065e+02 2.53909e-03 17.3 6.813465E+01 5.642422E+02 3.844444E+06 26.78
1.38086e+02 2.53687e-03 17.3 6.819427E+01 5.637489E+02 3.844444E+06 26.78
1.39147e+02 2.53381e-03 17.3 6.827663E+01 5.630689E+02 3.844444E+06 26.78
1.40167e+02 2.54161e-03 16.3 6.413258E+01 5.648022E+02 3.622222E+06 25.232
1.41188e+02 2.52976e-03 16.3 6.443299E+01 5.621689E+02 3.622222E+06 25.232
1.42208e+02 2.51530e-03 16.3 6.48034E+01 5.589556E+02 3.622222E+06 25.232
1.43228e+02 2.50445e-03 16.3 6.508415E+01 5.565444E+02 3.622222E+06 25.232
1.44249e+02 2.51557e-03 16.3 6.479645E+01 5.590156E+02 3.622222E+06 25.232
1.45269e+02 2.47999e-03 16.3 6.572607E+01 5.511089E+02 3.622222E+06 25.232
1.46290e+02 2.37424e-03 15.3 6.444167E+01 5.276089E+02 3.4E+06 23.684
1.47310e+02 2.31179e-03 16.3 7.050813E+01 5.137311E+02 3.622222E+06 25.232
1.48331e+02 2.29268e-03 15.3 6.673413E+01 5.094844E+02 3.4E+06 23.684
1.49351e+02 2.32318e-03 15.3 6.5858E+01 5.162622E+02 3.4E+06 23.684
1.50372e+02 2.33435e-03 15.3 6.554287E+01 5.187444E+02 3.4E+06 23.684
1.51392e+02 2.32926e-03 15.3 6.56861E+01 5.176133E+02 3.4E+06 23.684
1.52413e+02 2.32701e-03 15.3 6.574961E+01 5.171133E+02 3.4E+06 23.684
1.53433e+02 2.31619e-03 15.3 6.605676E+01 5.147089E+02 3.4E+06 23.684
1.54494e+02 2.30727e-03 15.3 6.631214E+01 5.127267E+02 3.4E+06 23.684
1.55514e+02 2.29853e-03 15.3 6.656428E+01 5.107844E+02 3.4E+06 23.684
1.56535e+02 2.29154e-03 15.3 6.676733E+01 5.092311E+02 3.4E+06 23.684
1.57555e+02 2.27035e-03 14.3 6.298588E+01 5.045222E+02 3.177778E+06 22.136
1.58576e+02 2.26484e-03 14.3 6.313912E+01 5.032978E+02 3.177778E+06 22.136
1.59596e+02 2.23778e-03 14.3 6.390262E+01 4.972844E+02 3.177778E+06 22.136
1.60617e+02 2.16996e-03 14.3 6.589983E+01 4.822133E+02 3.177778E+06 22.136
1.61637e+02 2.15457e-03 14.3 6.637055E+01 4.787933E+02 3.177778E+06 22.136
1.62658e+02 2.18306e-03 14.3 6.550438E+01 4.851244E+02 3.177778E+06 22.136
1.63678e+02 2.21968e-03 14.3 6.44237E+01 4.932622E+02 3.177778E+06 22.136
1.64699e+02 2.23208e-03 14.3 6.40658E+01 4.960178E+02 3.177778E+06 22.136
1.65719e+02 2.24214e-03 14.3 6.377835E+01 4.982533E+02 3.177778E+06 22.136
1.66740e+02 2.24453e-03 14.3 6.371044E+01 4.987844E+02 3.177778E+06 22.136
1.67760e+02 2.25025e-03 14.3 6.354849E+01 5.000556E+02 3.177778E+06 22.136
1.68781e+02 2.25375e-03 14.3 6.344981E+01 5.008333E+02 3.177778E+06 22.136
1.69841e+02 2.25155e-03 14.3 6.35118E+01 5.003444E+02 3.177778E+06 22.136
1.70862e+02 2.24891e-03 14.3 6.358636E+01 4.997578E+02 3.177778E+06 22.136
1.71882e+02 2.24086e-03 14.3 6.381479E+01 4.979689E+02 3.177778E+06 22.136
1.72903e+02 2.24587e-03 14.3 6.367243E+01 4.990822E+02 3.177778E+06 22.136
1.73923e+02 2.24051e-03 14.3 6.382475E+01 4.978911E+02 3.177778E+06 22.136
1.74944e+02 2.23001e-03 14.3 6.412527E+01 4.955578E+02 3.177778E+06 22.136
1.75964e+02 2.21434e-03 14.3 6.457906E+01 4.920756E+02 3.177778E+06 22.136
1.76985e+02 2.21171e-03 14.3 6.465585E+01 4.914911E+02 3.177778E+06 22.136
1.78005e+02 2.20951e-03 14.3 6.472023E+01 4.910022E+02 3.177778E+06 22.136
1.79026e+02 2.19684e-03 14.3 6.50935E+01 4.881867E+02 3.177778E+06 22.136
1.80046e+02 2.18489e-03 14.3 6.544952E+01 4.855311E+02 3.177778E+06 22.136
1.81067e+02 2.18603e-03 14.3 6.541539E+01 4.857844E+02 3.177778E+06 22.136
1.82087e+02 2.18476e-03 14.3 6.545341E+01 4.855022E+02 3.177778E+06 22.136
1.83108e+02 2.18462e-03 14.3 6.545761E+01 4.854711E+02 3.177778E+06 22.136
1.84128e+02 2.19004e-03 13.3 6.072948E+01 4.866756E+02 2.955556E+06 20.588
1.85189e+02 2.18453e-03 13.3 6.088266E+01 4.854511E+02 2.955556E+06 20.588
1.86209e+02 2.17864e-03 13.3 6.104726E+01 4.841422E+02 2.955556E+06 20.588
1.87230e+02 2.17008e-03 13.3 6.128806E+01 4.8224E+02 2.955556E+06 20.588
1.88250e+02 2.17160e-03 13.3 6.124516E+01 4.825778E+02 2.955556E+06 20.588
1.89271e+02 2.17053e-03 13.3 6.127536E+01 4.8234E+02 2.955556E+06 20.588
1.90291e+02 2.16939e-03 13.3 6.130756E+01 4.820867E+02 2.955556E+06 20.588
1.91312e+02 2.17017e-03 13.3 6.128552E+01 4.8226E+02 2.955556E+06 20.588
1.92332e+02 2.17016e-03 13.3 6.12858E+01 4.822578E+02 2.955556E+06 20.588
1.93353e+02 2.17337e-03 13.3 6.119529E+01 4.829711E+02 2.955556E+06 20.588
1.94373e+02 2.16985e-03 13.3 6.129456E+01 4.821889E+02 2.955556E+06 20.588
1.95393e+02 2.16665e-03 13.3 6.138509E+01 4.814778E+02 2.955556E+06 20.588
1.96414e+02 2.16634e-03 13.3 6.139387E+01 4.814089E+02 2.955556E+06 20.588
1.97434e+02 2.15590e-03 13.3 6.169117E+01 4.790889E+02 2.955556E+06 20.588
1.98455e+02 2.15358e-03 13.3 6.175763E+01 4.785733E+02 2.955556E+06 20.588
1.99475e+02 2.15040e-03 13.3 6.184896E+01 4.778667E+02 2.955556E+06 20.588
2.00536e+02 2.15265e-03 13.3 6.178431E+01 4.783667E+02 2.955556E+06 20.588
2.01557e+02 2.15319e-03 13.3 6.176882E+01 4.784867E+02 2.955556E+06 20.588
2.02577e+02 2.14216e-03 13.3 6.208687E+01 4.760356E+02 2.955556E+06 20.588
2.03598e+02 2.13572e-03 13.3 6.227408E+01 4.746044E+02 2.955556E+06 20.588
2.04618e+02 2.13602e-03 13.3 6.226533E+01 4.746711E+02 2.955556E+06 20.588
2.05638e+02 2.13434e-03 13.3 6.231435E+01 4.742978E+02 2.955556E+06 20.588
2.06659e+02 2.13066e-03 13.3 6.242197E+01 4.7348E+02 2.955556E+06 20.588
2.07679e+02 2.12674e-03 13.3 6.253703E+01 4.726089E+02 2.955556E+06 20.588
2.08700e+02 2.12166e-03 13.3 6.268676E+01 4.7148E+02 2.955556E+06 20.588
2.09720e+02 2.11723e-03 13.3 6.281793E+01 4.704956E+02 2.955556E+06 20.588
2.10741e+02 2.11425e-03 13.3 6.290647E+01 4.698333E+02 2.955556E+06 20.588
2.11761e+02 2.11478e-03 13.3 6.28907E+01 4.699511E+02 2.955556E+06 20.588
2.12782e+02 2.11027e-03 13.3 6.302511E+01 4.689489E+02 2.955556E+06 20.588
2.13802e+02 2.10716e-03 13.3 6.311813E+01 4.682578E+02 2.955556E+06 20.588
2.14823e+02 2.10193e-03 13.3 6.327518E+01 4.670956E+02 2.955556E+06 20.588
2.15883e+02 2.10081e-03 12.3 5.854885E+01 4.668467E+02 2.733333E+06 19.04
2.16904e+02 2.10181e-03 12.3 5.852099E+01 4.670689E+02 2.733333E+06 19.04
2.17924e+02 2.10546e-03 12.3 5.841954E+01 4.6788E+02 2.733333E+06 19.04
2.18945e+02 2.10790e-03 12.3 5.835191E+01 4.684222E+02 2.733333E+06 19.04
2.19965e+02 2.10819e-03 12.3 5.834389E+01 4.684867E+02 2.733333E+06 19.04
2.20986e+02 2.10050e-03 12.3 5.855749E+01 4.667778E+02 2.733333E+06 19.04
2.22006e+02 2.11318e-03 12.3 5.820612E+01 4.695956E+02 2.733333E+06 19.04
2.23027e+02 2.11305e-03 12.3 5.82097E+01 4.695667E+02 2.733333E+06 19.04
2.24047e+02 2.11712e-03 12.3 5.809779E+01 4.704711E+02 2.733333E+06 19.04
2.25068e+02 2.11883e-03 12.3 5.805091E+01 4.708511E+02 2.733333E+06 19.04
2.26088e+02 2.12397e-03 12.3 5.791042E+01 4.719933E+02 2.733333E+06 19.04
2.27109e+02 2.11768e-03 12.3 5.808243E+01 4.705956E+02 2.733333E+06 19.04
2.28129e+02 2.13214e-03 12.3 5.768852E+01 4.738089E+02 2.733333E+06 19.04
2.29150e+02 2.12893e-03 12.3 5.77755E+01 4.730956E+02 2.733333E+06 19.04
2.30170e+02 2.11546e-03 12.3 5.814338E+01 4.701022E+02 2.733333E+06 19.04
2.31231e+02 2.13310e-03 12.3 5.766256E+01 4.740222E+02 2.733333E+06 19.04
2.32251e+02 2.12545e-03 12.3 5.78701E+01 4.723222E+02 2.733333E+06 19.04
2.33272e+02 2.14805e-03 12.3 5.726124E+01 4.773444E+02 2.733333E+06 19.04
2.34292e+02 2.21361e-03 13.3 6.008285E+01 4.919133E+02 2.955556E+06 20.588
2.35313e+02 2.39694e-03 14.3 5.96594E+01 5.326533E+02 3.177778E+06 22.136
2.36333e+02 2.47403e-03 14.3 5.780043E+01 5.497844E+02 3.177778E+06 22.136
2.37354e+02 2.45758e-03 14.3 5.818732E+01 5.461289E+02 3.177778E+06 22.136
2.38374e+02 2.44571e-03 14.3 5.846973E+01 5.434911E+02 3.177778E+06 22.136
2.39395e+02 2.43552e-03 13.3 5.460846E+01 5.412267E+02 2.955556E+06 20.588
2.40415e+02 2.79442e-04 4.2 1.502995E+02 6.209822E+01 9.333333E+05 6.502
2.41456e+02 2.76270e-04 4.2 1.520252E+02 6.139333E+01 9.333333E+05 6.502
2.42476e+02 2.69700e-04 4.2 1.557286E+02 5.993333E+01 9.333333E+05 6.502
2.43497e+02 2.69825e-04 4.2 1.556564E+02 5.996111E+01 9.333333E+05 6.502
2.44518e+02 2.66782e-04 4.2 1.574319E+02 5.928489E+01 9.333333E+05 6.502
2.45538e+02 2.66149e-04 4.2 1.578063E+02 5.914422E+01 9.333333E+05 6.502
2.46599e+02 2.64620e-04 4.2 1.587182E+02 5.880444E+01 9.333333E+05 6.502
2.47620e+02 2.64210e-04 4.2 1.589645E+02 5.871333E+01 9.333333E+05 6.502
2.48640e+02 2.65465e-04 4.2 1.582129E+02 5.899222E+01 9.333333E+05 6.502
2.49661e+02 2.64703e-04 4.2 1.586684E+02 5.882289E+01 9.333333E+05 6.502
2.50681e+02 2.72865e-04 4.2 1.539223E+02 6.063667E+01 9.333333E+05 6.502
2.51702e+02 2.71432e-04 4.2 1.547349E+02 6.031822E+01 9.333333E+05 6.502
2.52723e+02 2.69822e-04 4.2 1.556582E+02 5.996044E+01 9.333333E+05 6.502
2.53743e+02 2.71400e-04 4.2 1.547531E+02 6.031111E+01 9.333333E+05 6.502
2.54764e+02 2.71890e-04 4.2 1.544742E+02 6.042E+01 9.333333E+05 6.502
2.55784e+02 2.68320e-04 4.2 1.565295E+02 5.962667E+01 9.333333E+05 6.502
2.56805e+02 2.67604e-04 4.2 1.569483E+02 5.946756E+01 9.333333E+05 6.502
2.57826e+02 2.68564e-04 4.2 1.563873E+02 5.968089E+01 9.333333E+05 6.502
2.58846e+02 2.69578e-04 4.2 1.557991E+02 5.990622E+01 9.333333E+05 6.502
2.59867e+02 2.72181e-04 4.2 1.543091E+02 6.048467E+01 9.333333E+05 6.502
2.60887e+02 2.71012e-04 4.2 1.549747E+02 6.022489E+01 9.333333E+05 6.502
2.61948e+02 2.72837e-04 4.2 1.539381E+02 6.063044E+01 9.333333E+05 6.502
2.62969e+02 2.71300e-04 4.2 1.548102E+02 6.028889E+01 9.333333E+05 6.502
2.63989e+02 2.69995e-04 4.2 1.555584E+02 5.999889E+01 9.333333E+05 6.502
2.65010e+02 2.79201e-03 5.2 1.862458E+01 6.204467E+02 1.155556E+06 8.05
2.66051e+02 2.73870e-03 16.3 5.951729E+01 6.086E+02 3.622222E+06 25.232
2.67071e+02 2.73759e-03 15.3 5.588857E+01 6.083533E+02 3.4E+06 23.684
2.68092e+02 2.74104e-03 15.3 5.581823E+01 6.0912E+02 3.4E+06 23.684
2.69112e+02 2.74314e-03 15.3 5.57755E+01 6.095867E+02 3.4E+06 23.684
2.70133e+02 2.75429e-03 15.3 5.554971E+01 6.120644E+02 3.4E+06 23.684
2.71153e+02 2.75962e-03 15.3 5.544242E+01 6.132489E+02 3.4E+06 23.684
2.72174e+02 2.75689e-03 15.3 5.549732E+01 6.126422E+02 3.4E+06 23.684
2.73194e+02 2.76219e-03 15.3 5.539083E+01 6.1382E+02 3.4E+06 23.684
2.74214e+02 2.76111e-03 14.3 5.179077E+01 6.1358E+02 3.177778E+06 22.136
2.75235e+02 2.76586e-03 14.3 5.170182E+01 6.146356E+02 3.177778E+06 22.136
2.76255e+02 2.76775e-03 14.3 5.166652E+01 6.150556E+02 3.177778E+06 22.136
2.77316e+02 2.76826e-03 14.3 5.1657E+01 6.151689E+02 3.177778E+06 22.136
2.78337e+02 2.76762e-03 14.3 5.166894E+01 6.150267E+02 3.177778E+06 22.136
2.79357e+02 2.78036e-03 14.3 5.143219E+01 6.178578E+02 3.177778E+06 22.136
2.80378e+02 2.77912e-03 14.3 5.145514E+01 6.175822E+02 3.177778E+06 22.136
2.81398e+02 2.77842e-03 14.3 5.14681E+01 6.174267E+02 3.177778E+06 22.136
2.82419e+02 2.77592e-03 14.3 5.151445E+01 6.168711E+02 3.177778E+06 22.136
2.83439e+02 2.77587e-03 14.3 5.151538E+01 6.1686E+02 3.177778E+06 22.136
2.84459e+02 2.77832e-03 14.3 5.146995E+01 6.174044E+02 3.177778E+06 22.136
2.85480e+02 2.77603e-03 14.3 5.151241E+01 6.168956E+02 3.177778E+06 22.136
2.86500e+02 2.74271e-03 14.3 5.213821E+01 6.094911E+02 3.177778E+06 22.136
2.87521e+02 2.73848e-03 14.3 5.221875E+01 6.085511E+02 3.177778E+06 22.136
2.88541e+02 2.73693e-03 14.3 5.224832E+01 6.082067E+02 3.177778E+06 22.136
2.89562e+02 2.73576e-03 13.3 4.861538E+01 6.079467E+02 2.955556E+06 20.588
2.90582e+02 2.73757e-03 13.3 4.858323E+01 6.083489E+02 2.955556E+06 20.588
2.91603e+02 2.72981e-03 13.3 4.872134E+01 6.066244E+02 2.955556E+06 20.588
2.92664e+02 2.72881e-03 13.3 4.873919E+01 6.064022E+02 2.955556E+06 20.588
2.93684e+02 2.72506e-03 13.3 4.880626E+01 6.055689E+02 2.955556E+06 20.588
2.94705e+02 2.72390e-03 13.3 4.882705E+01 6.053111E+02 2.955556E+06 20.588
2.95725e+02 2.72422e-03 13.3 4.882131E+01 6.053822E+02 2.955556E+06 20.588
2.96745e+02 2.71514e-03 13.3 4.898458E+01 6.033644E+02 2.955556E+06 20.588
2.97766e+02 2.71164e-03 13.3 4.904781E+01 6.025867E+02 2.955556E+06 20.588
2.98786e+02 2.69841e-03 13.3 4.928828E+01 5.996467E+02 2.955556E+06 20.588
2.99807e+02 2.83418e-03 13.3 4.692715E+01 6.298178E+02 2.955556E+06 20.588
3.00827e+02 2.84207e-03 13.3 4.679688E+01 6.315711E+02 2.955556E+06 20.588
3.01848e+02 2.84186e-03 13.3 4.680033E+01 6.315244E+02 2.955556E+06 20.588
3.02868e+02 2.84551e-03 13.3 4.67403E+01 6.323356E+02 2.955556E+06 20.588
3.03889e+02 2.84146e-03 13.3 4.680692E+01 6.314356E+02 2.955556E+06 20.588
3.04909e+02 2.84842e-03 13.3 4.669255E+01 6.329822E+02 2.955556E+06 20.588
3.05930e+02 2.85813e-03 13.3 4.653392E+01 6.3514E+02 2.955556E+06 20.588
3.06950e+02 2.87578e-03 13.3 4.624832E+01 6.390622E+02 2.955556E+06 20.588
3.08011e+02 2.91754e-03 14.3 4.90139E+01 6.483422E+02 3.177778E+06 22.136
3.09031e+02 2.92534e-03 14.3 4.888321E+01 6.500756E+02 3.177778E+06 22.136
3.10052e+02 2.94020e-03 14.3 4.863615E+01 6.533778E+02 3.177778E+06 22.136
3.11072e+02 2.94978e-03 14.3 4.847819E+01 6.555067E+02 3.177778E+06 22.136
3.12093e+02 2.95781e-03 14.3 4.834658E+01 6.572911E+02 3.177778E+06 22.136
3.13113e+02 2.96812e-03 14.3 4.817865E+01 6.595822E+02 3.177778E+06 22.136
3.14134e+02 2.96953e-03 13.3 4.478823E+01 6.598956E+02 2.955556E+06 20.588
3.15154e+02 2.97839e-03 13.3 4.4655E+01 6.618644E+02 2.955556E+06 20.588
3.16175e+02 2.98160e-03 13.3 4.460692E+01 6.625778E+02 2.955556E+06 20.588
3.17195e+02 2.98676e-03 13.3 4.452986E+01 6.637244E+02 2.955556E+06 20.588
3.18216e+02 2.99170e-03 13.3 4.445633E+01 6.648222E+02 2.955556E+06 20.588
3.19236e+02 2.99503e-03 13.3 4.44069E+01 6.655622E+02 2.955556E+06 20.588
3.20257e+02 2.99934e-03 13.3 4.434309E+01 6.6652E+02 2.955556E+06 20.588
3.21277e+02 2.99997e-03 13.3 4.433378E+01 6.6666E+02 2.955556E+06 20.588
3.22298e+02 2.99835e-03 13.3 4.435773E+01 6.663E+02 2.955556E+06 20.588
3.23358e+02 2.99922e-03 13.3 4.434486E+01 6.664933E+02 2.955556E+06 20.588
3.24379e+02 2.99745e-03 13.3 4.437105E+01 6.661E+02 2.955556E+06 20.588
3.25399e+02 3.00175e-03 13.3 4.430749E+01 6.670556E+02 2.955556E+06 20.588
3.26420e+02 3.00045e-03 13.3 4.432668E+01 6.667667E+02 2.955556E+06 20.588
3.27440e+02 3.00005e-03 13.3 4.433259E+01 6.666778E+02 2.955556E+06 20.588
3.28461e+02 3.00151e-03 13.3 4.431103E+01 6.670022E+02 2.955556E+06 20.588
3.29481e+02 2.99995e-03 13.3 4.433407E+01 6.666556E+02 2.955556E+06 20.588
3.30502e+02 3.00041e-03 13.3 4.432728E+01 6.667578E+02 2.955556E+06 20.588
3.31522e+02 2.99886e-03 13.3 4.435019E+01 6.664133E+02 2.955556E+06 20.588
3.32543e+02 3.00053e-03 13.3 4.43255E+01 6.667844E+02 2.955556E+06 20.588
3.33563e+02 2.99769e-03 13.3 4.43675E+01 6.661533E+02 2.955556E+06 20.588
3.34583e+02 2.99412e-03 13.3 4.44204E+01 6.6536E+02 2.955556E+06 20.588
3.35604e+02 2.99057e-03 13.3 4.447313E+01 6.645711E+02 2.955556E+06 20.588
3.36624e+02 2.98673e-03 13.3 4.453031E+01 6.637178E+02 2.955556E+06 20.588
3.37645e+02 2.98888e-03 13.3 4.449827E+01 6.641956E+02 2.955556E+06 20.588
3.38706e+02 2.98703e-03 13.3 4.452583E+01 6.637844E+02 2.955556E+06 20.588
3.39726e+02 2.98618e-03 13.3 4.453851E+01 6.635956E+02 2.955556E+06 20.588
3.40747e+02 2.98753e-03 12.3 4.117113E+01 6.638956E+02 2.733333E+06 19.04
3.41767e+02 2.98608e-03 12.3 4.119113E+01 6.635733E+02 2.733333E+06 19.04
3.42788e+02 2.98259e-03 12.3 4.123933E+01 6.627978E+02 2.733333E+06 19.04
3.43808e+02 2.98223e-03 12.3 4.12443E+01 6.627178E+02 2.733333E+06 19.04
3.44828e+02 2.98105e-03 12.3 4.126063E+01 6.624556E+02 2.733333E+06 19.04
3.45849e+02 2.98140e-03 12.3 4.125579E+01 6.625333E+02 2.733333E+06 19.04
3.46869e+02 2.97722e-03 12.3 4.131371E+01 6.616044E+02 2.733333E+06 19.04
3.47890e+02 2.97889e-03 12.3 4.129055E+01 6.619756E+02 2.733333E+06 19.04
3.48910e+02 2.98373e-03 12.3 4.122357E+01 6.630511E+02 2.733333E+06 19.04
3.49931e+02 2.98223e-03 12.3 4.12443E+01 6.627178E+02 2.733333E+06 19.04
3.50951e+02 2.98412e-03 12.3 4.121818E+01 6.631378E+02 2.733333E+06 19.04
3.51972e+02 2.98288e-03 12.3 4.123532E+01 6.628622E+02 2.733333E+06 19.04
3.52992e+02 2.98808e-03 12.3 4.116356E+01 6.640178E+02 2.733333E+06 19.04
3.54053e+02 2.98767e-03 12.3 4.116921E+01 6.639267E+02 2.733333E+06 19.04
3.55073e+02 2.98916e-03 12.3 4.114868E+01 6.642578E+02 2.733333E+06 19.04
3.56094e+02 2.99282e-03 12.3 4.109836E+01 6.650711E+02 2.733333E+06 19.04
3.57114e+02 2.99118e-03 12.3 4.11209E+01 6.647067E+02 2.733333E+06 19.04
3.58135e+02 2.99334e-03 12.3 4.109122E+01 6.651867E+02 2.733333E+06 19.04
3.59155e+02 2.99201e-03 12.3 4.110949E+01 6.648911E+02 2.733333E+06 19.04
3.60176e+02 2.99396e-03 12.3 4.108271E+01 6.653244E+02 2.733333E+06 19.04
3.61196e+02 2.99132e-03 12.3 4.111897E+01 6.647378E+02 2.733333E+06 19.04
3.62217e+02 2.99074e-03 12.3 4.112695E+01 6.646089E+02 2.733333E+06 19.04
3.63237e+02 2.99245e-03 12.3 4.110344E+01 6.649889E+02 2.733333E+06 19.04
3.64258e+02 2.98992e-03 12.3 4.113822E+01 6.644267E+02 2.733333E+06 19.04
3.65278e+02 2.98840e-03 12.3 4.115915E+01 6.640889E+02 2.733333E+06 19.04
3.66299e+02 2.98843e-03 12.3 4.115874E+01 6.640956E+02 2.733333E+06 19.04
3.67319e+02 2.99154e-03 12.3 4.111595E+01 6.647867E+02 2.733333E+06 19.04
3.68340e+02 2.98854e-03 12.3 4.115722E+01 6.6412E+02 2.733333E+06 19.04
3.69400e+02 2.98722e-03 12.3 4.117541E+01 6.638267E+02 2.733333E+06 19.04
3.70421e+02 2.98977e-03 12.3 4.114029E+01 6.643933E+02 2.733333E+06 19.04
3.71441e+02 2.98808e-03 12.3 4.116356E+01 6.640178E+02 2.733333E+06 19.04
3.72462e+02 2.98827e-03 12.3 4.116094E+01 6.6406E+02 2.733333E+06 19.04
3.73482e+02 2.98558e-03 11.3 3.784859E+01 6.634622E+02 2.511111E+06 17.492
3.74503e+02 2.98707e-03 11.3 3.782971E+01 6.637933E+02 2.511111E+06 17.492
3.75523e+02 2.98578e-03 11.3 3.784606E+01 6.635067E+02 2.511111E+06 17.492
3.76544e+02 2.98705e-03 11.3 3.782997E+01 6.637889E+02 2.511111E+06 17.492
3.77564e+02 2.98633e-03 11.3 3.783909E+01 6.636289E+02 2.511111E+06 17.492
3.78585e+02 2.98781e-03 11.3 3.782034E+01 6.639578E+02 2.511111E+06 17.492
3.79605e+02 2.98577e-03 11.3 3.784618E+01 6.635044E+02 2.511111E+06 17.492
3.80626e+02 2.98509e-03 11.3 3.785481E+01 6.633533E+02 2.511111E+06 17.492
3.81646e+02 2.98692e-03 11.3 3.783161E+01 6.6376E+02 2.511111E+06 17.492
3.82667e+02 2.98733e-03 11.3 3.782642E+01 6.638511E+02 2.511111E+06 17.492
3.83687e+02 2.98829e-03 11.3 3.781427E+01 6.640644E+02 2.511111E+06 17.492
3.84748e+02 2.98800e-03 11.3 3.781794E+01 6.64E+02 2.511111E+06 17.492
3.85768e+02 2.98969e-03 11.3 3.779656E+01 6.643756E+02 2.511111E+06 17.492
3.86789e+02 2.98677e-03 11.3 3.783351E+01 6.637267E+02 2.511111E+06 17.492
3.87809e+02 2.98931e-03 11.2 3.746684E+01 6.642911E+02 2.488889E+06 17.337
3.88830e+02 2.98692e-03 11.3 3.783161E+01 6.6376E+02 2.511111E+06 17.492
3.89850e+02 2.98728e-03 11.3 3.782705E+01 6.6384E+02 2.511111E+06 17.492
3.90871e+02 2.98799e-03 11.3 3.781806E+01 6.639978E+02 2.511111E+06 17.492
3.91891e+02 2.98405e-03 11.3 3.7868E+01 6.631222E+02 2.511111E+06 17.492
3.92912e+02 2.98511e-03 11.3 3.785455E+01 6.633578E+02 2.511111E+06 17.492
3.93932e+02 2.98520e-03 11.2 3.751842E+01 6.633778E+02 2.488889E+06 17.337
3.94952e+02 2.98514e-03 11.2 3.751918E+01 6.633644E+02 2.488889E+06 17.337
3.95973e+02 2.98223e-03 11.2 3.755579E+01 6.627178E+02 2.488889E+06 17.337
3.96993e+02 2.98465e-03 11.2 3.752534E+01 6.632556E+02 2.488889E+06 17.337
3.98014e+02 2.98004e-03 0.01 3.35566E-02 6.622311E+02 2.222222E+03 0.015
3.99034e+02 2.97999e-03 10.2 3.42283E+01 6.6222E+02 2.266667E+06 15.789
4.00095e+02 2.98321e-03 10.2 3.419136E+01 6.629356E+02 2.266667E+06 15.789
4.01116e+02 2.98139e-03 10.2 3.421223E+01 6.625311E+02 2.266667E+06 15.789
4.02136e+02 2.98016e-03 10.2 3.422635E+01 6.622578E+02 2.266667E+06 15.789
4.03156e+02 2.97894e-03 10.2 3.424037E+01 6.619867E+02 2.266667E+06 15.789
4.04177e+02 2.97827e-03 10.2 3.424807E+01 6.618378E+02 2.266667E+06 15.789
4.05197e+02 2.97593e-03 10.2 3.4275E+01 6.613178E+02 2.266667E+06 15.789
4.06218e+02 2.97682e-03 10.2 3.426475E+01 6.615156E+02 2.266667E+06 15.789
4.07238e+02 2.97401e-03 10.2 3.429713E+01 6.608911E+02 2.266667E+06 15.789
4.08259e+02 2.97397e-03 10.2 3.429759E+01 6.608822E+02 2.266667E+06 15.789
4.09279e+02 2.97404e-03 10.2 3.429678E+01 6.608978E+02 2.266667E+06 15.789
4.10300e+02 2.97287e-03 10.2 3.431028E+01 6.606378E+02 2.266667E+06 15.789
4.11320e+02 2.97122e-03 10.2 3.432933E+01 6.602711E+02 2.266667E+06 15.789
4.12341e+02 2.96946e-03 10.2 3.434968E+01 6.5988E+02 2.266667E+06 15.789
4.13361e+02 2.96878e-03 10.2 3.435755E+01 6.597289E+02 2.266667E+06 15.789
4.14382e+02 2.96993e-03 10.2 3.434424E+01 6.599844E+02 2.266667E+06 15.789
4.15442e+02 2.96570e-03 10.2 3.439323E+01 6.590444E+02 2.266667E+06 15.789
4.16463e+02 2.96486e-03 10.2 3.440297E+01 6.588578E+02 2.266667E+06 15.789
4.17483e+02 2.96439e-03 10.2 3.440843E+01 6.587533E+02 2.266667E+06 15.789
4.18504e+02 2.96380e-03 10.2 3.441528E+01 6.586222E+02 2.266667E+06 15.789
4.19524e+02 2.96256e-03 10.2 3.442968E+01 6.583467E+02 2.266667E+06 15.789
4.20545e+02 2.95884e-03 10.2 3.447297E+01 6.5752E+02 2.266667E+06 15.789
4.21565e+02 2.95828e-03 10.2 3.447949E+01 6.573956E+02 2.266667E+06 15.789
4.22586e+02 2.95842e-03 10.2 3.447786E+01 6.574267E+02 2.266667E+06 15.789
4.23606e+02 2.95809e-03 10.2 3.448171E+01 6.573533E+02 2.266667E+06 15.789
4.24627e+02 2.95504e-03 10.2 3.45173E+01 6.566756E+02 2.266667E+06 15.789
4.25647e+02 2.95361e-03 10.2 3.453401E+01 6.563578E+02 2.266667E+06 15.789
4.26668e+02 2.95265e-03 10.2 3.454524E+01 6.561444E+02 2.266667E+06 15.789
4.27688e+02 2.94866e-03 10.2 3.459198E+01 6.552578E+02 2.266667E+06 15.789
4.28708e+02 2.94631e-03 10.2 3.461957E+01 6.547356E+02 2.266667E+06 15.789
4.29729e+02 2.94390e-03 10.2 3.464792E+01 6.542E+02 2.266667E+06 15.789
4.30790e+02 2.94344e-03 10.2 3.465333E+01 6.540978E+02 2.266667E+06 15.789
4.31810e+02 2.94188e-03 10.2 3.467171E+01 6.537511E+02 2.266667E+06 15.789
4.32831e+02 2.94026e-03 10.2 3.469081E+01 6.533911E+02 2.266667E+06 15.789
4.33851e+02 2.94223e-03 10.2 3.466758E+01 6.538289E+02 2.266667E+06 15.789
4.34872e+02 2.93824e-03 9.2 3.131126E+01 6.529422E+02 2.044444E+06 14.241
4.35892e+02 2.93747e-03 9.2 3.131947E+01 6.527711E+02 2.044444E+06 14.241
4.36913e+02 2.93466e-03 9.2 3.134946E+01 6.521467E+02 2.044444E+06 14.241
4.37933e+02 2.93237e-03 9.2 3.137394E+01 6.516378E+02 2.044444E+06 14.241
4.38953e+02 2.93179e-03 9.2 3.138015E+01 6.515089E+02 2.044444E+06 14.241
4.39974e+02 2.92932e-03 9.2 3.140661E+01 6.5096E+02 2.044444E+06 14.241
4.40994e+02 2.92963e-03 9.2 3.140328E+01 6.510289E+02 2.044444E+06 14.241
4.42015e+02 2.92585e-03 9.2 3.144385E+01 6.501889E+02 2.044444E+06 14.241
4.43035e+02 2.92418e-03 9.2 3.146181E+01 6.498178E+02 2.044444E+06 14.241
4.44056e+02 2.92480e-03 9.2 3.145514E+01 6.499556E+02 2.044444E+06 14.241
4.45076e+02 2.92379e-03 9.2 3.146601E+01 6.497311E+02 2.044444E+06 14.241
4.46137e+02 2.92094e-03 9.2 3.149671E+01 6.490978E+02 2.044444E+06 14.241
4.47158e+02 2.91829e-03 9.2 3.152531E+01 6.485089E+02 2.044444E+06 14.241
4.48178e+02 2.91591e-03 9.2 3.155104E+01 6.4798E+02 2.044444E+06 14.241
4.49198e+02 2.91754e-03 9.2 3.153342E+01 6.483422E+02 2.044444E+06 14.241
4.50219e+02 2.91841e-03 9.2 3.152401E+01 6.485356E+02 2.044444E+06 14.241
4.51239e+02 2.91625e-03 9.2 3.154736E+01 6.480556E+02 2.044444E+06 14.241
4.52260e+02 2.91473e-03 9.2 3.156382E+01 6.477178E+02 2.044444E+06 14.241
4.53280e+02 2.90730e-03 0.01 3.439618E-02 6.460667E+02 2.222222E+03 0.015
4.54301e+02 2.90358e-03 9.2 3.168502E+01 6.4524E+02 2.044444E+06 14.241
4.55321e+02 2.89749e-03 9.2 3.175162E+01 6.438867E+02 2.044444E+06 14.241
4.56342e+02 2.89179e-03 9.2 3.181421E+01 6.4262E+02 2.044444E+06 14.241
4.57362e+02 2.88448e-03 9.2 3.189483E+01 6.409956E+02 2.044444E+06 14.241
4.58383e+02 2.88449e-03 9.2 3.189472E+01 6.409978E+02 2.044444E+06 14.241
4.59403e+02 2.87676e-03 9.2 3.198042E+01 6.3928E+02 2.044444E+06 14.241
4.60424e+02 2.87478e-03 9.2 3.200245E+01 6.3884E+02 2.044444E+06 14.241
4.61484e+02 2.87077e-03 9.2 3.204715E+01 6.379489E+02 2.044444E+06 14.241
4.62505e+02 2.86682e-03 9.2 3.209131E+01 6.370711E+02 2.044444E+06 14.241
4.63525e+02 2.86612e-03 9.2 3.209914E+01 6.369156E+02 2.044444E+06 14.241
4.64546e+02 2.86282e-03 9.2 3.213615E+01 6.361822E+02 2.044444E+06 14.241
4.65566e+02 2.86082e-03 9.2 3.215861E+01 6.357378E+02 2.044444E+06 14.241
4.66587e+02 2.85906e-03 9.2 3.217841E+01 6.353467E+02 2.044444E+06 14.241
4.67607e+02 2.85956e-03 9.2 3.217278E+01 6.354578E+02 2.044444E+06 14.241
4.68628e+02 2.85785e-03 9.2 3.219203E+01 6.350778E+02 2.044444E+06 14.241
4.69648e+02 2.85708e-03 9.2 3.220071E+01 6.349067E+02 2.044444E+06 14.241
4.70669e+02 2.86385e-03 9.2 3.212459E+01 6.364111E+02 2.044444E+06 14.241
4.71689e+02 2.86760e-03 9.2 3.208258E+01 6.372444E+02 2.044444E+06 14.241
4.72710e+02 2.87081e-03 9.2 3.20467E+01 6.379578E+02 2.044444E+06 14.241
4.73730e+02 2.87644e-03 9.2 3.198398E+01 6.392089E+02 2.044444E+06 14.241
4.74751e+02 2.87253e-03 9.2 3.202752E+01 6.3834E+02 2.044444E+06 14.241
4.75771e+02 2.86986e-03 9.2 3.205731E+01 6.377467E+02 2.044444E+06 14.241
4.76832e+02 2.86759e-03 9.2 3.208269E+01 6.372422E+02 2.044444E+06 14.241
4.77852e+02 2.86738e-03 9.2 3.208504E+01 6.371956E+02 2.044444E+06 14.241
4.78873e+02 2.86954e-03 9.2 3.206089E+01 6.376756E+02 2.044444E+06 14.241
4.79893e+02 2.86956e-03 9.2 3.206066E+01 6.3768E+02 2.044444E+06 14.241
4.80914e+02 2.87115e-03 9.2 3.204291E+01 6.380333E+02 2.044444E+06 14.241
4.81934e+02 2.86690e-03 9.2 3.209041E+01 6.370889E+02 2.044444E+06 14.241
4.82955e+02 2.86750e-03 9.2 3.20837E+01 6.372222E+02 2.044444E+06 14.241
4.83975e+02 2.86797e-03 9.2 3.207844E+01 6.373267E+02 2.044444E+06 14.241
4.84996e+02 2.86721e-03 9.2 3.208694E+01 6.371578E+02 2.044444E+06 14.241
4.86016e+02 2.86424e-03 9.2 3.212021E+01 6.364978E+02 2.044444E+06 14.241
4.87037e+02 2.86449e-03 9.2 3.211741E+01 6.365533E+02 2.044444E+06 14.241
4.88057e+02 2.85926e-03 9.2 3.217616E+01 6.353911E+02 2.044444E+06 14.241
4.89078e+02 2.85815e-03 9.2 3.218865E+01 6.351444E+02 2.044444E+06 14.241
4.90098e+02 2.85372e-03 8.2 2.873442E+01 6.3416E+02 1.822222E+06 12.693
4.91119e+02 2.85065e-03 8.2 2.876537E+01 6.334778E+02 1.822222E+06 12.693
4.92179e+02 2.84924e-03 8.2 2.87796E+01 6.331644E+02 1.822222E+06 12.693
4.93200e+02 2.84392e-03 8.2 2.883344E+01 6.319822E+02 1.822222E+06 12.693
4.94220e+02 2.84408e-03 8.2 2.883182E+01 6.320178E+02 1.822222E+06 12.693
4.95241e+02 2.84050e-03 8.2 2.886816E+01 6.312222E+02 1.822222E+06 12.693
4.96261e+02 2.83752e-03 8.2 2.889847E+01 6.3056E+02 1.822222E+06 12.693
4.97282e+02 2.83604e-03 8.2 2.891356E+01 6.302311E+02 1.822222E+06 12.693
4.98302e+02 2.83613e-03 8.2 2.891264E+01 6.302511E+02 1.822222E+06 12.693
4.99323e+02 2.83385e-03 8.2 2.89359E+01 6.297444E+02 1.822222E+06 12.693
5.00343e+02 2.83266e-03 8.2 2.894806E+01 6.2948E+02 1.822222E+06 12.693
5.01364e+02 2.83251e-03 8.2 2.894959E+01 6.294467E+02 1.822222E+06 12.693
5.02384e+02 2.83137e-03 8.2 2.896124E+01 6.291933E+02 1.822222E+06 12.693
5.03404e+02 2.83102e-03 8.2 2.896483E+01 6.291156E+02 1.822222E+06 12.693
5.04425e+02 2.82675e-03 8.2 2.900858E+01 6.281667E+02 1.822222E+06 12.693
5.05445e+02 2.82593e-03 8.2 2.9017E+01 6.279844E+02 1.822222E+06 12.693
5.06466e+02 2.82352e-03 8.2 2.904176E+01 6.274489E+02 1.822222E+06 12.693
5.07527e+02 2.82497e-03 8.2 2.902686E+01 6.277711E+02 1.822222E+06 12.693
5.08547e+02 2.82374e-03 8.2 2.90395E+01 6.274978E+02 1.822222E+06 12.693
5.09568e+02 2.82146e-03 8.2 2.906297E+01 6.269911E+02 1.822222E+06 12.693
5.10588e+02 2.82119e-03 8.2 2.906575E+01 6.269311E+02 1.822222E+06 12.693
5.11608e+02 2.81985e-03 8.2 2.907956E+01 6.266333E+02 1.822222E+06 12.693
5.12629e+02 2.81672e-03 8.2 2.911187E+01 6.259378E+02 1.822222E+06 12.693
5.13649e+02 2.81759e-03 8.2 2.910289E+01 6.261311E+02 1.822222E+06 12.693
5.14670e+02 2.81279e-03 8.2 2.915255E+01 6.250644E+02 1.822222E+06 12.693
5.15690e+02 2.81411e-03 8.2 2.913888E+01 6.253578E+02 1.822222E+06 12.693
5.16711e+02 2.81180e-03 8.2 2.916281E+01 6.248444E+02 1.822222E+06 12.693
5.17731e+02 2.80806e-03 8.2 2.920166E+01 6.240133E+02 1.822222E+06 12.693
5.18752e+02 2.80824e-03 8.2 2.919978E+01 6.240533E+02 1.822222E+06 12.693
5.19772e+02 2.80613e-03 8.2 2.922174E+01 6.235844E+02 1.822222E+06 12.693
5.20793e+02 2.80657e-03 8.2 2.921716E+01 6.236822E+02 1.822222E+06 12.693
5.21813e+02 2.80393e-03 8.2 2.924467E+01 6.230956E+02 1.822222E+06 12.693
5.22874e+02 2.80035e-03 8.2 2.928205E+01 6.223E+02 1.822222E+06 12.693
5.23894e+02 2.80006e-03 8.2 2.928509E+01 6.222356E+02 1.822222E+06 12.693
5.24915e+02 2.79689e-03 8.2 2.931828E+01 6.215311E+02 1.822222E+06 12.693
5.25935e+02 2.79575e-03 8.2 2.933023E+01 6.212778E+02 1.822222E+06 12.693
5.26956e+02 2.79010e-03 8.2 2.938963E+01 6.200222E+02 1.822222E+06 12.693
5.27976e+02 2.78934e-03 8.2 2.939764E+01 6.198533E+02 1.822222E+06 12.693
5.28997e+02 2.78745e-03 8.2 2.941757E+01 6.194333E+02 1.822222E+06 12.693
5.30017e+02 2.78782e-03 8.2 2.941366E+01 6.195156E+02 1.822222E+06 12.693
5.31038e+02 2.78512e-03 8.2 2.944218E+01 6.189156E+02 1.822222E+06 12.693
5.32058e+02 2.78143e-03 8.2 2.948124E+01 6.180956E+02 1.822222E+06 12.693
5.33079e+02 2.77656e-03 8.2 2.953295E+01 6.170133E+02 1.822222E+06 12.693
5.34099e+02 2.77546e-03 8.2 2.954465E+01 6.167689E+02 1.822222E+06 12.693
5.35120e+02 2.77453e-03 8.2 2.955456E+01 6.165622E+02 1.822222E+06 12.693
5.36140e+02 2.77096e-03 8.2 2.959263E+01 6.157689E+02 1.822222E+06 12.693
5.37161e+02 2.76710e-03 8.2 2.963391E+01 6.149111E+02 1.822222E+06 12.693
5.38221e+02 2.76691e-03 8.2 2.963595E+01 6.148689E+02 1.822222E+06 12.693
5.39242e+02 2.76377e-03 8.2 2.966962E+01 6.141711E+02 1.822222E+06 12.693
5.40262e+02 2.75795e-03 8.2 2.973223E+01 6.128778E+02 1.822222E+06 12.693
5.41283e+02 2.75599e-03 8.2 2.975337E+01 6.124422E+02 1.822222E+06 12.693
5.42303e+02 2.75173e-03 8.2 2.979944E+01 6.114956E+02 1.822222E+06 12.693
5.43324e+02 2.75049e-03 8.2 2.981287E+01 6.1122E+02 1.822222E+06 12.693
5.44344e+02 2.74473e-03 8.2 2.987543E+01 6.0994E+02 1.822222E+06 12.693
5.45365e+02 2.73655e-03 8.2 2.996474E+01 6.081222E+02 1.822222E+06 12.693
5.46385e+02 2.72992e-03 8.2 3.003751E+01 6.066489E+02 1.822222E+06 12.693
5.47406e+02 2.72365e-03 8.2 3.010666E+01 6.052556E+02 1.822222E+06 12.693
5.48426e+02 2.72499e-03 8.2 3.009185E+01 6.055533E+02 1.822222E+06 12.693
5.49447e+02 2.72475e-03 8.2 3.00945E+01 6.055E+02 1.822222E+06 12.693
5.50467e+02 2.72094e-03 8.2 3.013664E+01 6.046533E+02 1.822222E+06 12.693
5.51487e+02 2.73890e-03 8.2 2.993903E+01 6.086444E+02 1.822222E+06 12.693
5.52508e+02 2.74402e-03 8.2 2.988316E+01 6.097822E+02 1.822222E+06 12.693
5.53569e+02 2.74450e-03 8.2 2.987794E+01 6.098889E+02 1.822222E+06 12.693
5.54589e+02 2.74227e-03 8.2 2.990223E+01 6.093933E+02 1.822222E+06 12.693
5.55610e+02 2.73777e-03 7.2 2.629878E+01 6.083933E+02 1.6E+06 11.146
5.56630e+02 2.73224e-03 7.2 2.6352E+01 6.071644E+02 1.6E+06 11.146
5.57651e+02 2.73003e-03 7.2 2.637334E+01 6.066733E+02 1.6E+06 11.146
5.58671e+02 2.72886e-03 7.2 2.638464E+01 6.064133E+02 1.6E+06 11.146
5.59692e+02 2.72655e-03 7.2 2.6407E+01 6.059E+02 1.6E+06 11.146
5.60712e+02 2.72452e-03 7.2 2.642667E+01 6.054489E+02 1.6E+06 11.146
5.61733e+02 2.72236e-03 7.2 2.644764E+01 6.049689E+02 1.6E+06 11.146
5.62753e+02 2.71802e-03 7.2 2.648987E+01 6.040044E+02 1.6E+06 11.146
5.63774e+02 2.71286e-03 7.2 2.654026E+01 6.028578E+02 1.6E+06 11.146
5.64794e+02 2.70736e-03 7.2 2.659417E+01 6.016356E+02 1.6E+06 11.146
5.65814e+02 2.70189e-03 7.2 2.664801E+01 6.0042E+02 1.6E+06 11.146
5.66835e+02 2.69382e-03 7.2 2.672784E+01 5.986267E+02 1.6E+06 11.146
5.67855e+02 2.68575e-03 7.2 2.680815E+01 5.968333E+02 1.6E+06 11.146
5.68916e+02 2.68003e-03 7.2 2.686537E+01 5.955622E+02 1.6E+06 11.146
5.69937e+02 2.67361e-03 7.2 2.692988E+01 5.941356E+02 1.6E+06 11.146
5.70957e+02 2.66832e-03 7.2 2.698327E+01 5.9296E+02 1.6E+06 11.146
5.71978e+02 2.66353e-03 7.2 2.70318E+01 5.918956E+02 1.6E+06 11.146
5.72998e+02 2.65967e-03 7.2 2.707103E+01 5.910378E+02 1.6E+06 11.146
5.74019e+02 2.65187e-03 7.2 2.715065E+01 5.893044E+02 1.6E+06 11.146
5.75039e+02 2.64233e-03 7.2 2.724868E+01 5.871844E+02 1.6E+06 11.146
5.76059e+02 2.30636e-03 7.2 3.121802E+01 5.125244E+02 1.6E+06 11.146
5.77080e+02 2.35270e-03 6.2 2.63527E+01 5.228222E+02 1.377778E+06 9.598
5.78100e+02 2.35727e-03 6.2 2.630161E+01 5.238378E+02 1.377778E+06 9.598
5.79121e+02 2.36146e-03 6.2 2.625494E+01 5.247689E+02 1.377778E+06 9.598
5.80141e+02 2.35832e-03 6.2 2.62899E+01 5.240711E+02 1.377778E+06 9.598
5.81162e+02 2.36248e-03 6.2 2.624361E+01 5.249956E+02 1.377778E+06 9.598
5.82182e+02 2.36682e-03 6.2 2.619549E+01 5.2596E+02 1.377778E+06 9.598
5.83203e+02 2.36464e-03 6.2 2.621964E+01 5.254756E+02 1.377778E+06 9.598
5.84263e+02 2.36591e-03 6.2 2.620556E+01 5.257578E+02 1.377778E+06 9.598
5.85284e+02 2.35761e-03 6.2 2.629782E+01 5.239133E+02 1.377778E+06 9.598
5.86304e+02 2.37931e-03 6.2 2.605797E+01 5.287356E+02 1.377778E+06 9.598
5.87325e+02 2.37717e-03 6.2 2.608143E+01 5.2826E+02 1.377778E+06 9.598
5.88345e+02 2.37170e-03 6.2 2.614159E+01 5.270444E+02 1.377778E+06 9.598
5.89366e+02 2.36925e-03 6.2 2.616862E+01 5.265E+02 1.377778E+06 9.598
5.90386e+02 2.37030e-03 6.2 2.615703E+01 5.267333E+02 1.377778E+06 9.598
5.91407e+02 2.37315e-03 6.2 2.612561E+01 5.273667E+02 1.377778E+06 9.598
5.92427e+02 2.37420e-03 6.2 2.611406E+01 5.276E+02 1.377778E+06 9.598
5.93448e+02 2.37619e-03 6.2 2.609219E+01 5.280422E+02 1.377778E+06 9.598
5.94468e+02 2.36890e-03 6.2 2.617249E+01 5.264222E+02 1.377778E+06 9.598
5.95489e+02 2.36760e-03 6.2 2.618686E+01 5.261333E+02 1.377778E+06 9.598
5.96509e+02 2.36347e-03 6.2 2.623262E+01 5.252156E+02 1.377778E+06 9.598
5.97530e+02 2.36579e-03 6.2 2.620689E+01 5.257311E+02 1.377778E+06 9.598
5.98550e+02 2.36656e-03 6.2 2.619836E+01 5.259022E+02 1.377778E+06 9.598
5.99611e+02 2.37220e-03 6.2 2.613608E+01 5.271556E+02 1.377778E+06 9.598
6.00631e+02 2.38199e-03 6.2 2.602866E+01 5.293311E+02 1.377778E+06 9.598
6.01652e+02 2.39325e-03 6.2 2.590619E+01 5.318333E+02 1.377778E+06 9.598
6.02672e+02 2.37800e-03 6.2 2.607233E+01 5.284444E+02 1.377778E+06 9.598
6.03693e+02 2.37158e-03 6.2 2.614291E+01 5.270178E+02 1.377778E+06 9.598
6.04713e+02 2.35973e-03 6.2 2.627419E+01 5.243844E+02 1.377778E+06 9.598
6.05734e+02 2.36748e-03 6.2 2.618818E+01 5.261067E+02 1.377778E+06 9.598
6.06754e+02 2.37669e-03 6.2 2.60867E+01 5.281533E+02 1.377778E+06 9.598
6.07775e+02 2.36881e-03 6.2 2.617348E+01 5.264022E+02 1.377778E+06 9.598
6.08795e+02 2.37257e-03 6.2 2.6132E+01 5.272378E+02 1.377778E+06 9.598
6.09816e+02 2.37759e-03 6.2 2.607683E+01 5.283533E+02 1.377778E+06 9.598
6.10836e+02 2.43165e-03 7.2 2.960952E+01 5.403667E+02 1.6E+06 11.146
6.11857e+02 2.39116e-03 6.2 2.592884E+01 5.313689E+02 1.377778E+06 9.598
6.12877e+02 2.36178e-03 6.2 2.625139E+01 5.2484E+02 1.377778E+06 9.598
6.13898e+02 2.34733e-03 6.2 2.641299E+01 5.216289E+02 1.377778E+06 9.598
6.14958e+02 2.34142e-03 6.2 2.647966E+01 5.203156E+02 1.377778E+06 9.598
6.15979e+02 2.34346e-03 6.2 2.645661E+01 5.207689E+02 1.377778E+06 9.598
6.16999e+02 2.33910e-03 6.2 2.650592E+01 5.198E+02 1.377778E+06 9.598
6.18020e+02 2.33937e-03 6.2 2.650286E+01 5.1986E+02 1.377778E+06 9.598
6.19040e+02 2.33563e-03 6.2 2.65453E+01 5.190289E+02 1.377778E+06 9.598
6.20061e+02 2.33440e-03 6.2 2.655929E+01 5.187556E+02 1.377778E+06 9.598
6.21081e+02 2.33827e-03 6.2 2.651533E+01 5.196156E+02 1.377778E+06 9.598
6.22102e+02 2.33906e-03 6.2 2.650637E+01 5.197911E+02 1.377778E+06 9.598
6.23122e+02 2.33964e-03 6.2 2.64998E+01 5.1992E+02 1.377778E+06 9.598
6.24143e+02 2.34241e-03 6.2 2.646847E+01 5.205356E+02 1.377778E+06 9.598
6.25163e+02 2.34582e-03 6.2 2.642999E+01 5.212933E+02 1.377778E+06 9.598
6.26184e+02 2.34439e-03 6.2 2.644611E+01 5.209756E+02 1.377778E+06 9.598
6.27204e+02 2.33658e-03 6.2 2.653451E+01 5.1924E+02 1.377778E+06 9.598
6.28224e+02 2.33976e-03 6.2 2.649844E+01 5.199467E+02 1.377778E+06 9.598
6.29245e+02 2.33683e-03 6.2 2.653167E+01 5.192956E+02 1.377778E+06 9.598
6.30306e+02 2.33315e-03 6.2 2.657352E+01 5.184778E+02 1.377778E+06 9.598
6.31326e+02 2.32603e-03 6.2 2.665486E+01 5.168956E+02 1.377778E+06 9.598
6.32347e+02 2.32818e-03 6.2 2.663024E+01 5.173733E+02 1.377778E+06 9.598
6.33367e+02 2.31941e-03 6.2 2.673094E+01 5.154244E+02 1.377778E+06 9.598
6.34388e+02 2.31300e-03 6.2 2.680502E+01 5.14E+02 1.377778E+06 9.598
6.35408e+02 2.30956e-03 6.2 2.684494E+01 5.132356E+02 1.377778E+06 9.598
6.36429e+02 2.30501e-03 6.2 2.689793E+01 5.122244E+02 1.377778E+06 9.598
6.37449e+02 2.29107e-03 6.2 2.706159E+01 5.091267E+02 1.377778E+06 9.598
6.38470e+02 2.28274e-03 6.2 2.716034E+01 5.072756E+02 1.377778E+06 9.598
6.39490e+02 2.27361e-03 6.2 2.726941E+01 5.052467E+02 1.377778E+06 9.598
6.40510e+02 2.26169e-03 6.2 2.741313E+01 5.025978E+02 1.377778E+06 9.598
6.41531e+02 2.23265e-03 6.2 2.776969E+01 4.961444E+02 1.377778E+06 9.598
6.42551e+02 2.34013e-03 6.2 2.649425E+01 5.200289E+02 1.377778E+06 9.598
6.43572e+02 2.32088e-03 6.2 2.671401E+01 5.157511E+02 1.377778E+06 9.598
6.44592e+02 2.31749e-03 6.2 2.675308E+01 5.149978E+02 1.377778E+06 9.598
6.45653e+02 2.32397e-03 6.2 2.667849E+01 5.164378E+02 1.377778E+06 9.598
6.46674e+02 2.31276e-03 6.2 2.68078E+01 5.139467E+02 1.377778E+06 9.598
6.47694e+02 2.31566e-03 6.2 2.677422E+01 5.145911E+02 1.377778E+06 9.598
6.48715e+02 2.31276e-03 6.2 2.68078E+01 5.139467E+02 1.377778E+06 9.598
6.49735e+02 2.31394e-03 6.2 2.679413E+01 5.142089E+02 1.377778E+06 9.598
6.50756e+02 2.31191e-03 6.2 2.681765E+01 5.137578E+02 1.377778E+06 9.598
6.51776e+02 2.30970e-03 6.2 2.684331E+01 5.132667E+02 1.377778E+06 9.598
6.52796e+02 2.31220e-03 6.2 2.681429E+01 5.138222E+02 1.377778E+06 9.598
6.53817e+02 2.30780e-03 6.2 2.686541E+01 5.128444E+02 1.377778E+06 9.598
6.54838e+02 2.30823e-03 6.2 2.686041E+01 5.1294E+02 1.377778E+06 9.598
6.55858e+02 2.30460e-03 6.2 2.690272E+01 5.121333E+02 1.377778E+06 9.598
6.56878e+02 2.30394e-03 6.2 2.691042E+01 5.119867E+02 1.377778E+06 9.598
6.57899e+02 2.30789e-03 6.2 2.686437E+01 5.128644E+02 1.377778E+06 9.598
6.58919e+02 2.30371e-03 6.2 2.691311E+01 5.119356E+02 1.377778E+06 9.598
6.59940e+02 2.30062e-03 6.2 2.694926E+01 5.112489E+02 1.377778E+06 9.598
6.61001e+02 2.31262e-03 6.2 2.680942E+01 5.139156E+02 1.377778E+06 9.598
6.62021e+02 2.30044e-03 6.2 2.695137E+01 5.112089E+02 1.377778E+06 9.598
6.63042e+02 2.32458e-03 6.2 2.667148E+01 5.165733E+02 1.377778E+06 9.598
6.64062e+02 2.33313e-03 6.2 2.657374E+01 5.184733E+02 1.377778E+06 9.598
6.65083e+02 2.34425e-03 7.2 3.071345E+01 5.209444E+02 1.6E+06 11.146
6.66103e+02 2.32274e-03 6.2 2.669261E+01 5.161644E+02 1.377778E+06 9.598
6.67123e+02 2.28630e-03 6.2 2.711805E+01 5.080667E+02 1.377778E+06 9.598
6.68144e+02 2.49142e-03 7.2 2.889918E+01 5.536489E+02 1.6E+06 11.146
6.69164e+02 2.48812e-03 7.2 2.893751E+01 5.529156E+02 1.6E+06 11.146
6.70185e+02 2.47607e-03 7.2 2.907834E+01 5.502378E+02 1.6E+06 11.146
6.71205e+02 2.34551e-03 7.2 3.069695E+01 5.212244E+02 1.6E+06 11.146
6.72226e+02 2.34935e-03 7.2 3.064677E+01 5.220778E+02 1.6E+06 11.146
6.73246e+02 2.34973e-03 6.2 2.638601E+01 5.221622E+02 1.377778E+06 9.598
6.74267e+02 2.34111e-03 6.2 2.648316E+01 5.202467E+02 1.377778E+06 9.598
6.75287e+02 2.33178e-03 6.2 2.658913E+01 5.181733E+02 1.377778E+06 9.598
6.76348e+02 2.34403e-03 6.2 2.645017E+01 5.208956E+02 1.377778E+06 9.598
6.77369e+02 2.38872e-03 7.2 3.014167E+01 5.308267E+02 1.6E+06 11.146
6.78389e+02 2.36582e-03 7.2 3.043342E+01 5.257378E+02 1.6E+06 11.146
6.79410e+02 2.40987e-03 7.2 2.987713E+01 5.355267E+02 1.6E+06 11.146
6.80430e+02 2.40904e-03 7.2 2.988742E+01 5.353422E+02 1.6E+06 11.146
6.81450e+02 2.41459e-03 7.2 2.981873E+01 5.365756E+02 1.6E+06 11.146
6.82471e+02 2.39874e-03 7.2 3.001576E+01 5.330533E+02 1.6E+06 11.146
6.83491e+02 2.41472e-03 7.2 2.981712E+01 5.366044E+02 1.6E+06 11.146
6.84512e+02 2.41426e-03 7.2 2.98228E+01 5.365022E+02 1.6E+06 11.146
6.85532e+02 2.40445e-03 7.2 2.994448E+01 5.343222E+02 1.6E+06 11.146
6.86553e+02 2.47810e-03 7.2 2.905452E+01 5.506889E+02 1.6E+06 11.146
6.87573e+02 2.43101e-03 7.2 2.961732E+01 5.402244E+02 1.6E+06 11.146
6.88594e+02 2.41480e-03 7.2 2.981613E+01 5.366222E+02 1.6E+06 11.146
6.89614e+02 2.40976e-03 7.2 2.987849E+01 5.355022E+02 1.6E+06 11.146
6.90635e+02 2.43319e-03 7.2 2.959078E+01 5.407089E+02 1.6E+06 11.146
6.91696e+02 2.43394e-03 7.2 2.958167E+01 5.408756E+02 1.6E+06 11.146
6.92716e+02 2.42625e-03 7.2 2.967543E+01 5.391667E+02 1.6E+06 11.146
6.93736e+02 2.42200e-03 6.2 2.559868E+01 5.382222E+02 1.377778E+06 9.598
6.94757e+02 2.40798e-03 6.2 2.574772E+01 5.351067E+02 1.377778E+06 9.598
6.95777e+02 2.40164e-03 6.2 2.581569E+01 5.336978E+02 1.377778E+06 9.598
6.96798e+02 2.44516e-03 7.2 2.944593E+01 5.433689E+02 1.6E+06 11.146
6.97818e+02 2.42607e-03 6.2 2.555573E+01 5.391267E+02 1.377778E+06 9.598
6.98839e+02 2.42041e-03 6.2 2.561549E+01 5.378689E+02 1.377778E+06 9.598
6.99859e+02 2.42247e-03 6.2 2.559371E+01 5.383267E+02 1.377778E+06 9.598
7.00880e+02 2.43695e-03 6.2 2.544164E+01 5.415444E+02 1.377778E+06 9.598
7.01900e+02 2.44583e-03 6.2 2.534927E+01 5.435178E+02 1.377778E+06 9.598
7.02921e+02 2.43936e-03 6.2 2.54165E+01 5.4208E+02 1.377778E+06 9.598
7.03941e+02 2.42396e-03 6.2 2.557798E+01 5.386578E+02 1.377778E+06 9.598
7.04962e+02 2.40566e-03 6.2 2.577255E+01 5.345911E+02 1.377778E+06 9.598
7.05982e+02 2.39675e-03 6.2 2.586836E+01 5.326111E+02 1.377778E+06 9.598
7.07043e+02 2.40528e-03 6.2 2.577662E+01 5.345067E+02 1.377778E+06 9.598
7.08063e+02 2.39852e-03 6.2 2.584927E+01 5.330044E+02 1.377778E+06 9.598
7.09084e+02 2.39175e-03 6.2 2.592244E+01 5.315E+02 1.377778E+06 9.598
7.10104e+02 2.39701e-03 6.2 2.586556E+01 5.326689E+02 1.377778E+06 9.598
7.11125e+02 2.39465e-03 6.2 2.589105E+01 5.321444E+02 1.377778E+06 9.598
7.12145e+02 2.39496e-03 6.2 2.58877E+01 5.322133E+02 1.377778E+06 9.598
7.13166e+02 2.41138e-03 6.2 2.571142E+01 5.358622E+02 1.377778E+06 9.598
7.14186e+02 2.41772e-03 6.2 2.5644E+01 5.372711E+02 1.377778E+06 9.598
7.15207e+02 2.41590e-03 6.2 2.566331E+01 5.368667E+02 1.377778E+06 9.598
7.16227e+02 2.41342e-03 6.2 2.568969E+01 5.363156E+02 1.377778E+06 9.598
7.17248e+02 2.41068e-03 6.2 2.571888E+01 5.357067E+02 1.377778E+06 9.598
7.18268e+02 2.40248e-03 6.2 2.580667E+01 5.338844E+02 1.377778E+06 9.598
7.19289e+02 2.40028e-03 6.2 2.583032E+01 5.333956E+02 1.377778E+06 9.598
7.20309e+02 2.39495e-03 6.2 2.588781E+01 5.322111E+02 1.377778E+06 9.598
7.21330e+02 2.38654e-03 6.2 2.597903E+01 5.303422E+02 1.377778E+06 9.598
7.22390e+02 2.37876e-03 6.2 2.6064E+01 5.286133E+02 1.377778E+06 9.598
7.23411e+02 2.36008e-03 6.2 2.62703E+01 5.244622E+02 1.377778E+06 9.598
7.24431e+02 2.35439e-03 6.2 2.633378E+01 5.231978E+02 1.377778E+06 9.598
7.25452e+02 2.33589e-03 6.2 2.654235E+01 5.190867E+02 1.377778E+06 9.598
7.26472e+02 2.32851e-03 6.2 2.662647E+01 5.174467E+02 1.377778E+06 9.598
7.27493e+02 2.32869e-03 6.2 2.662441E+01 5.174867E+02 1.377778E+06 9.598
7.28513e+02 2.27836e-03 6.2 2.721256E+01 5.063022E+02 1.377778E+06 9.598
7.29534e+02 2.30627e-03 6.2 2.688324E+01 5.125044E+02 1.377778E+06 9.598
7.30554e+02 2.14169e-03 6.2 2.89491E+01 4.759311E+02 1.377778E+06 9.598
7.31575e+02 2.12116e-03 5.2 2.451489E+01 4.713689E+02 1.155556E+06 8.05
7.32595e+02 2.11535e-03 5.2 2.458222E+01 4.700778E+02 1.155556E+06 8.05
7.33616e+02 2.10833e-03 5.2 2.466407E+01 4.685178E+02 1.155556E+06 8.05
7.34636e+02 2.11453e-03 5.2 2.459175E+01 4.698956E+02 1.155556E+06 8.05
7.35657e+02 2.09349e-03 5.2 2.483891E+01 4.6522E+02 1.155556E+06 8.05
7.36677e+02 2.08293e-03 5.2 2.496483E+01 4.628733E+02 1.155556E+06 8.05
7.37738e+02 2.07858e-03 5.2 2.501708E+01 4.619067E+02 1.155556E+06 8.05
7.38758e+02 2.03370e-03 5.2 2.556916E+01 4.519333E+02 1.155556E+06 8.05
7.39779e+02 2.01862e-03 5.2 2.576017E+01 4.485822E+02 1.155556E+06 8.05
7.40799e+02 2.01506e-03 5.2 2.580568E+01 4.477911E+02 1.155556E+06 8.05
7.41820e+02 2.01154e-03 5.2 2.585084E+01 4.470089E+02 1.155556E+06 8.05
7.42840e+02 2.00336e-03 5.2 2.595639E+01 4.451911E+02 1.155556E+06 8.05
7.43861e+02 1.99689e-03 5.2 2.604049E+01 4.437533E+02 1.155556E+06 8.05
7.44881e+02 1.98310e-03 5.2 2.622157E+01 4.406889E+02 1.155556E+06 8.05
7.45902e+02 1.98222e-03 5.2 2.623321E+01 4.404933E+02 1.155556E+06 8.05
7.46922e+02 1.97111e-03 5.2 2.638107E+01 4.380244E+02 1.155556E+06 8.05
7.47943e+02 1.96881e-03 5.2 2.641189E+01 4.375133E+02 1.155556E+06 8.05
7.48963e+02 1.95804e-03 5.2 2.655717E+01 4.3512E+02 1.155556E+06 8.05
7.49984e+02 1.94552e-03 5.2 2.672807E+01 4.323378E+02 1.155556E+06 8.05
7.51004e+02 1.97605e-03 5.2 2.631512E+01 4.391222E+02 1.155556E+06 8.05
7.52024e+02 2.60544e-03 6.2 2.379636E+01 5.789867E+02 1.377778E+06 9.598
7.53085e+02 2.60449e-03 6.2 2.380504E+01 5.787756E+02 1.377778E+06 9.598
7.54106e+02 2.59533e-03 6.2 2.388906E+01 5.7674E+02 1.377778E+06 9.598
7.55126e+02 2.59389e-03 6.2 2.390232E+01 5.7642E+02 1.377778E+06 9.598
7.56147e+02 2.58734e-03 6.2 2.396283E+01 5.749644E+02 1.377778E+06 9.598
7.57167e+02 2.58081e-03 6.2 2.402347E+01 5.735133E+02 1.377778E+06 9.598
7.58188e+02 2.57570e-03 6.2 2.407113E+01 5.723778E+02 1.377778E+06 9.598
7.59208e+02 2.57149e-03 6.2 2.411054E+01 5.714422E+02 1.377778E+06 9.598
7.60228e+02 2.56508e-03 6.2 2.417079E+01 5.700178E+02 1.377778E+06 9.598
7.61249e+02 2.55482e-03 6.2 2.426785E+01 5.677378E+02 1.377778E+06 9.598
7.62269e+02 2.54446e-03 6.2 2.436666E+01 5.654356E+02 1.377778E+06 9.598
7.63290e+02 2.53784e-03 6.2 2.443022E+01 5.639644E+02 1.377778E+06 9.598
7.64310e+02 2.54953e-03 6.2 2.431821E+01 5.665622E+02 1.377778E+06 9.598
7.65331e+02 2.54698e-03 6.2 2.434255E+01 5.659956E+02 1.377778E+06 9.598
7.66351e+02 2.55468e-03 6.2 2.426918E+01 5.677067E+02 1.377778E+06 9.598
7.67372e+02 2.53986e-03 6.2 2.441079E+01 5.644133E+02 1.377778E+06 9.598
7.68433e+02 2.53227e-03 6.2 2.448396E+01 5.627267E+02 1.377778E+06 9.598
7.69453e+02 2.15799e-03 5.2 2.40965E+01 4.795533E+02 1.155556E+06 8.05
7.70474e+02 2.16643e-03 5.2 2.400262E+01 4.814289E+02 1.155556E+06 8.05
7.71494e+02 2.50154e-03 5.2 2.07872E+01 5.558978E+02 1.155556E+06 8.05
7.72514e+02 2.45656e-03 6.2 2.523854E+01 5.459022E+02 1.377778E+06 9.598
7.73535e+02 2.46131e-03 6.2 2.518984E+01 5.469578E+02 1.377778E+06 9.598
7.74555e+02 2.42278e-03 6.2 2.559044E+01 5.383956E+02 1.377778E+06 9.598
7.75576e+02 2.30932e-03 6.2 2.684773E+01 5.131822E+02 1.377778E+06 9.598
7.76596e+02 2.38128e-03 6.2 2.603642E+01 5.291733E+02 1.377778E+06 9.598
7.77617e+02 2.42274e-03 6.2 2.559086E+01 5.383867E+02 1.377778E+06 9.598
7.78637e+02 2.37624e-03 6.2 2.609164E+01 5.280533E+02 1.377778E+06 9.598
7.79658e+02 2.48283e-03 6.2 2.49715E+01 5.5174E+02 1.377778E+06 9.598
7.80678e+02 2.46619e-03 6.2 2.513999E+01 5.480422E+02 1.377778E+06 9.598
7.81699e+02 2.44832e-03 6.2 2.532349E+01 5.440711E+02 1.377778E+06 9.598
7.82719e+02 2.41378e-03 6.2 2.568585E+01 5.363956E+02 1.377778E+06 9.598
7.83780e+02 2.44418e-03 6.2 2.536638E+01 5.431511E+02 1.377778E+06 9.598
7.84800e+02 2.49182e-03 6.2 2.488141E+01 5.537378E+02 1.377778E+06 9.598
7.85821e+02 2.47180e-03 6.2 2.508294E+01 5.492889E+02 1.377778E+06 9.598
7.86841e+02 2.46023e-03 6.2 2.52009E+01 5.467178E+02 1.377778E+06 9.598
7.87862e+02 2.45720e-03 6.2 2.523197E+01 5.460444E+02 1.377778E+06 9.598
7.88882e+02 2.46415e-03 6.2 2.516081E+01 5.475889E+02 1.377778E+06 9.598
7.89903e+02 2.48471e-03 6.2 2.495261E+01 5.521578E+02 1.377778E+06 9.598
7.90923e+02 2.48404e-03 6.2 2.495934E+01 5.520089E+02 1.377778E+06 9.598
7.91944e+02 2.46955e-03 6.2 2.510579E+01 5.487889E+02 1.377778E+06 9.598
7.92964e+02 2.47281e-03 6.2 2.507269E+01 5.495133E+02 1.377778E+06 9.598
7.93985e+02 2.53154e-03 6.2 2.449102E+01 5.625644E+02 1.377778E+06 9.598
7.95005e+02 2.54374e-03 6.2 2.437356E+01 5.652756E+02 1.377778E+06 9.598
7.96026e+02 2.61428e-03 6.2 2.37159E+01 5.809511E+02 1.377778E+06 9.598
7.97046e+02 2.61384e-03 6.2 2.371989E+01 5.808533E+02 1.377778E+06 9.598
7.98067e+02 2.61497e-03 6.2 2.370964E+01 5.811044E+02 1.377778E+06 9.598
7.99127e+02 2.61820e-03 6.2 2.368039E+01 5.818222E+02 1.377778E+06 9.598
8.00148e+02 2.61606e-03 6.2 2.369976E+01 5.813467E+02 1.377778E+06 9.598
8.01168e+02 2.61882e-03 6.2 2.367478E+01 5.8196E+02 1.377778E+06 9.598
8.02189e+02 2.61523e-03 6.2 2.370728E+01 5.811622E+02 1.377778E+06 9.598
8.03209e+02 2.61394e-03 6.2 2.371898E+01 5.808756E+02 1.377778E+06 9.598
8.04230e+02 2.61195e-03 6.2 2.373705E+01 5.804333E+02 1.377778E+06 9.598
8.05250e+02 2.60939e-03 6.2 2.376034E+01 5.798644E+02 1.377778E+06 9.598
8.06271e+02 2.60835e-03 6.2 2.376982E+01 5.796333E+02 1.377778E+06 9.598
8.07291e+02 2.60611e-03 6.2 2.379025E+01 5.791356E+02 1.377778E+06 9.598
8.08312e+02 2.60714e-03 6.2 2.378085E+01 5.793644E+02 1.377778E+06 9.598
8.09332e+02 2.60453e-03 6.2 2.380468E+01 5.787844E+02 1.377778E+06 9.598
8.10353e+02 2.60058e-03 6.2 2.384084E+01 5.779067E+02 1.377778E+06 9.598
8.11373e+02 2.59675e-03 6.2 2.3876E+01 5.770556E+02 1.377778E+06 9.598
8.12393e+02 2.59479e-03 6.2 2.389403E+01 5.7662E+02 1.377778E+06 9.598
8.13414e+02 2.59109e-03 6.2 2.392815E+01 5.757978E+02 1.377778E+06 9.598
8.14475e+02 2.58629e-03 6.2 2.397256E+01 5.747311E+02 1.377778E+06 9.598
8.15495e+02 2.58267e-03 6.2 2.400616E+01 5.739267E+02 1.377778E+06 9.598
8.16516e+02 2.57835e-03 6.2 2.404639E+01 5.729667E+02 1.377778E+06 9.598
8.17536e+02 2.57325e-03 6.2 2.409404E+01 5.718333E+02 1.377778E+06 9.598
8.18557e+02 2.56811e-03 6.2 2.414227E+01 5.706911E+02 1.377778E+06 9.598
8.19577e+02 2.56002e-03 6.2 2.421856E+01 5.688933E+02 1.377778E+06 9.598
8.20598e+02 2.54878e-03 6.2 2.432536E+01 5.663956E+02 1.377778E+06 9.598
8.21618e+02 2.53554e-03 6.2 2.445238E+01 5.634533E+02 1.377778E+06 9.598
8.22639e+02 2.51209e-03 6.2 2.468064E+01 5.582422E+02 1.377778E+06 9.598
8.23659e+02 2.01038e-03 5.2 2.586576E+01 4.467511E+02 1.155556E+06 8.05
8.24680e+02 1.98556e-03 5.2 2.618909E+01 4.412356E+02 1.155556E+06 8.05
8.25700e+02 1.97830e-03 5.2 2.628519E+01 4.396222E+02 1.155556E+06 8.05
8.26721e+02 2.64776e-03 5.2 1.963924E+01 5.883911E+02 1.155556E+06 8.05
8.27741e+02 2.66721e-03 6.2 2.324526E+01 5.927133E+02 1.377778E+06 9.598
8.28761e+02 2.67486e-03 6.2 2.317878E+01 5.944133E+02 1.377778E+06 9.598
8.29822e+02 2.67864e-03 6.2 2.314607E+01 5.952533E+02 1.377778E+06 9.598
8.30843e+02 2.68758e-03 6.2 2.306908E+01 5.9724E+02 1.377778E+06 9.598
8.31863e+02 2.69016e-03 6.2 2.304696E+01 5.978133E+02 1.377778E+06 9.598
8.32884e+02 2.69120e-03 6.2 2.303805E+01 5.980444E+02 1.377778E+06 9.598
8.33904e+02 2.69205e-03 6.2 2.303078E+01 5.982333E+02 1.377778E+06 9.598
8.34925e+02 2.69391e-03 6.2 2.301487E+01 5.986467E+02 1.377778E+06 9.598
8.35945e+02 2.69510e-03 6.2 2.300471E+01 5.989111E+02 1.377778E+06 9.598
8.36966e+02 2.69570e-03 6.2 2.299959E+01 5.990444E+02 1.377778E+06 9.598
8.37986e+02 2.69204e-03 6.2 2.303086E+01 5.982311E+02 1.377778E+06 9.598
8.39007e+02 2.69148e-03 6.2 2.303565E+01 5.981067E+02 1.377778E+06 9.598
8.40027e+02 2.69209e-03 6.2 2.303043E+01 5.982422E+02 1.377778E+06 9.598
8.41047e+02 2.68681e-03 6.2 2.307569E+01 5.970689E+02 1.377778E+06 9.598
8.42068e+02 2.68781e-03 6.2 2.306711E+01 5.972911E+02 1.377778E+06 9.598
8.43088e+02 2.68878e-03 6.2 2.305879E+01 5.975067E+02 1.377778E+06 9.598
8.44109e+02 2.68543e-03 6.2 2.308755E+01 5.967622E+02 1.377778E+06 9.598
8.45170e+02 2.68643e-03 6.2 2.307896E+01 5.969844E+02 1.377778E+06 9.598
8.46190e+02 2.68093e-03 6.2 2.31263E+01 5.957622E+02 1.377778E+06 9.598
8.47211e+02 2.67783e-03 6.2 2.315308E+01 5.950733E+02 1.377778E+06 9.598
8.48231e+02 2.68110e-03 6.2 2.312484E+01 5.958E+02 1.377778E+06 9.598
8.49251e+02 2.67582e-03 6.2 2.317047E+01 5.946267E+02 1.377778E+06 9.598
8.50272e+02 2.67730e-03 6.2 2.315766E+01 5.949556E+02 1.377778E+06 9.598
8.51292e+02 2.68195e-03 6.2 2.311751E+01 5.959889E+02 1.377778E+06 9.598
8.52313e+02 2.67716e-03 6.2 2.315887E+01 5.949244E+02 1.377778E+06 9.598
8.53333e+02 2.67589e-03 6.2 2.316986E+01 5.946422E+02 1.377778E+06 9.598
8.54354e+02 2.67755e-03 6.2 2.31555E+01 5.950111E+02 1.377778E+06 9.598
8.55374e+02 2.67539e-03 6.2 2.317419E+01 5.945311E+02 1.377778E+06 9.598
8.56395e+02 2.67374e-03 6.2 2.318849E+01 5.941644E+02 1.377778E+06 9.598
8.57415e+02 2.65903e-03 6.2 2.331677E+01 5.908956E+02 1.377778E+06 9.598
8.58436e+02 2.65527e-03 6.2 2.334979E+01 5.9006E+02 1.377778E+06 9.598
8.59456e+02 2.65540e-03 6.2 2.334865E+01 5.900889E+02 1.377778E+06 9.598
8.60517e+02 2.62995e-03 6.2 2.357459E+01 5.844333E+02 1.377778E+06 9.598
8.61537e+02 2.56679e-03 6.2 2.415468E+01 5.703978E+02 1.377778E+06 9.598
8.62558e+02 2.40610e-03 5.2 2.161174E+01 5.346889E+02 1.155556E+06 8.05
8.63578e+02 2.49848e-03 5.2 2.081265E+01 5.552178E+02 1.155556E+06 8.05
8.64599e+02 2.48540e-03 5.2 2.092219E+01 5.523111E+02 1.155556E+06 8.05
8.65619e+02 2.47770e-03 5.2 2.098721E+01 5.506E+02 1.155556E+06 8.05
8.66640e+02 2.47163e-03 5.2 2.103875E+01 5.492511E+02 1.155556E+06 8.05
8.67660e+02 2.46574e-03 5.2 2.1089E+01 5.479422E+02 1.155556E+06 8.05
8.68681e+02 2.45554e-03 5.2 2.11766E+01 5.456756E+02 1.155556E+06 8.05
8.69701e+02 2.41490e-03 5.2 2.153298E+01 5.366444E+02 1.155556E+06 8.05
8.70722e+02 2.50864e-03 5.2 2.072836E+01 5.574756E+02 1.155556E+06 8.05
8.71742e+02 2.52704e-03 5.2 2.057743E+01 5.615644E+02 1.155556E+06 8.05
8.72763e+02 2.51724e-03 5.2 2.065755E+01 5.593867E+02 1.155556E+06 8.05
8.73783e+02 2.51251e-03 5.2 2.069644E+01 5.583356E+02 1.155556E+06 8.05
8.74804e+02 2.51372e-03 5.2 2.068647E+01 5.586044E+02 1.155556E+06 8.05
8.75864e+02 2.51201e-03 5.2 2.070055E+01 5.582244E+02 1.155556E+06 8.05
8.76885e+02 2.50589e-03 5.2 2.075111E+01 5.568644E+02 1.155556E+06 8.05
8.77905e+02 2.49356e-03 5.2 2.085372E+01 5.541244E+02 1.155556E+06 8.05
8.78926e+02 2.48347e-03 5.2 2.093844E+01 5.518822E+02 1.155556E+06 8.05
8.79946e+02 2.47304e-03 5.2 2.102675E+01 5.495644E+02 1.155556E+06 8.05
8.80967e+02 2.46337e-03 5.2 2.110929E+01 5.474156E+02 1.155556E+06 8.05
8.81987e+02 2.45890e-03 5.2 2.114767E+01 5.464222E+02 1.155556E+06 8.05
8.83008e+02 2.44177e-03 5.2 2.129603E+01 5.426156E+02 1.155556E+06 8.05
8.84028e+02 2.41334e-03 5.2 2.15469E+01 5.362978E+02 1.155556E+06 8.05
8.85049e+02 2.33014e-03 5.2 2.231626E+01 5.178089E+02 1.155556E+06 8.05
8.86069e+02 2.27582e-03 5.2 2.284891E+01 5.057378E+02 1.155556E+06 8.05
8.87089e+02 1.99408e-03 5.2 2.607719E+01 4.431289E+02 1.155556E+06 8.05
8.88110e+02 1.92448e-03 4.2 2.182408E+01 4.276622E+02 9.333333E+05 6.502
8.89130e+02 1.91735e-03 4.2 2.190523E+01 4.260778E+02 9.333333E+05 6.502
8.90151e+02 1.90672e-03 4.2 2.202736E+01 4.237156E+02 9.333333E+05 6.502
8.91212e+02 1.91365e-03 4.2 2.194759E+01 4.252556E+02 9.333333E+05 6.502
8.92232e+02 1.90087e-03 4.2 2.209515E+01 4.224156E+02 9.333333E+05 6.502
8.93253e+02 2.33256e-03 5.2 2.22931E+01 5.183467E+02 1.155556E+06 8.05
8.94273e+02 2.31824e-03 5.2 2.243081E+01 5.151644E+02 1.155556E+06 8.05
8.95294e+02 2.32081e-03 5.2 2.240597E+01 5.157356E+02 1.155556E+06 8.05
8.96314e+02 2.31402e-03 5.2 2.247172E+01 5.142267E+02 1.155556E+06 8.05
8.97334e+02 2.31127e-03 5.2 2.249845E+01 5.136156E+02 1.155556E+06 8.05
8.98355e+02 2.27817e-03 5.2 2.282534E+01 5.0626E+02 1.155556E+06 8.05
8.99375e+02 2.26591e-03 5.2 2.294884E+01 5.035356E+02 1.155556E+06 8.05
9.00396e+02 2.27674e-03 5.2 2.283967E+01 5.059422E+02 1.155556E+06 8.05
9.01416e+02 2.28189e-03 5.2 2.278813E+01 5.070867E+02 1.155556E+06 8.05
9.02437e+02 2.29946e-03 5.2 2.261401E+01 5.109911E+02 1.155556E+06 8.05
9.03457e+02 2.26520e-03 5.2 2.295603E+01 5.033778E+02 1.155556E+06 8.05
9.04478e+02 2.27212e-03 5.2 2.288612E+01 5.049156E+02 1.155556E+06 8.05
9.05498e+02 2.25650e-03 5.2 2.304454E+01 5.014444E+02 1.155556E+06 8.05
9.06559e+02 2.21034e-03 5.2 2.352579E+01 4.911867E+02 1.155556E+06 8.05
9.07579e+02 1.82947e-03 4.2 2.295747E+01 4.065489E+02 9.333333E+05 6.502
9.08600e+02 1.83016e-03 4.2 2.294881E+01 4.067022E+02 9.333333E+05 6.502
9.09620e+02 1.83067e-03 4.2 2.294242E+01 4.068156E+02 9.333333E+05 6.502
9.10641e+02 1.83696e-03 4.2 2.286386E+01 4.082133E+02 9.333333E+05 6.502
9.11661e+02 1.83504e-03 4.2 2.288778E+01 4.077867E+02 9.333333E+05 6.502
9.12682e+02 1.82827e-03 4.2 2.297254E+01 4.062822E+02 9.333333E+05 6.502
9.13702e+02 1.83502e-03 4.2 2.288803E+01 4.077822E+02 9.333333E+05 6.502
9.14723e+02 1.83725e-03 4.2 2.286025E+01 4.082778E+02 9.333333E+05 6.502
9.15743e+02 1.84131e-03 4.2 2.280985E+01 4.0918E+02 9.333333E+05 6.502
9.16764e+02 1.84270e-03 4.2 2.279264E+01 4.094889E+02 9.333333E+05 6.502
9.17784e+02 1.84105e-03 4.2 2.281307E+01 4.091222E+02 9.333333E+05 6.502
9.18804e+02 1.84438e-03 4.2 2.277188E+01 4.098622E+02 9.333333E+05 6.502
9.19825e+02 1.84455e-03 4.2 2.276978E+01 4.099E+02 9.333333E+05 6.502
9.20845e+02 1.84815e-03 4.2 2.272543E+01 4.107E+02 9.333333E+05 6.502
9.21906e+02 1.84855e-03 4.2 2.272051E+01 4.107889E+02 9.333333E+05 6.502
9.22927e+02 1.84612e-03 4.2 2.275042E+01 4.102489E+02 9.333333E+05 6.502
9.23947e+02 1.84430e-03 4.2 2.277287E+01 4.098444E+02 9.333333E+05 6.502
9.24968e+02 1.84313e-03 4.2 2.278732E+01 4.095844E+02 9.333333E+05 6.502
9.25988e+02 1.84441e-03 4.2 2.277151E+01 4.098689E+02 9.333333E+05 6.502
9.27009e+02 1.84396e-03 4.2 2.277707E+01 4.097689E+02 9.333333E+05 6.502
9.28029e+02 1.84893e-03 4.2 2.271584E+01 4.108733E+02 9.333333E+05 6.502
9.29049e+02 1.85069e-03 4.2 2.269424E+01 4.112644E+02 9.333333E+05 6.502
9.30070e+02 1.84837e-03 4.2 2.272272E+01 4.107489E+02 9.333333E+05 6.502
9.31090e+02 1.84591e-03 4.2 2.275301E+01 4.102022E+02 9.333333E+05 6.502
9.32111e+02 1.84770e-03 4.2 2.273096E+01 4.106E+02 9.333333E+05 6.502
9.33131e+02 1.85050e-03 4.2 2.269657E+01 4.112222E+02 9.333333E+05 6.502
9.34152e+02 1.84369e-03 4.2 2.27804E+01 4.097089E+02 9.333333E+05 6.502
9.35172e+02 1.84918e-03 4.2 2.271277E+01 4.109289E+02 9.333333E+05 6.502
9.36193e+02 1.85741e-03 4.2 2.261213E+01 4.127578E+02 9.333333E+05 6.502
9.37253e+02 1.88359e-03 4.2 2.229785E+01 4.185756E+02 9.333333E+05 6.502
9.38274e+02 1.91916e-03 4.2 2.188457E+01 4.2648E+02 9.333333E+05 6.502
9.39294e+02 1.91197e-03 4.2 2.196687E+01 4.248822E+02 9.333333E+05 6.502
9.40315e+02 1.90263e-03 4.2 2.207471E+01 4.228067E+02 9.333333E+05 6.502
9.41335e+02 1.89793e-03 4.2 2.212937E+01 4.217622E+02 9.333333E+05 6.502
9.42356e+02 1.89223e-03 4.2 2.219603E+01 4.204956E+02 9.333333E+05 6.502
9.43376e+02 1.89757e-03 4.2 2.213357E+01 4.216822E+02 9.333333E+05 6.502
9.44397e+02 1.88947e-03 4.2 2.222846E+01 4.198822E+02 9.333333E+05 6.502
9.45417e+02 1.89110e-03 4.2 2.22093E+01 4.202444E+02 9.333333E+05 6.502
9.46438e+02 1.88967e-03 4.2 2.22261E+01 4.199267E+02 9.333333E+05 6.502
9.47458e+02 1.89228e-03 4.2 2.219545E+01 4.205067E+02 9.333333E+05 6.502
9.48479e+02 1.88532e-03 4.2 2.227739E+01 4.1896E+02 9.333333E+05 6.502
9.49499e+02 1.88534e-03 4.2 2.227715E+01 4.189644E+02 9.333333E+05 6.502
9.50520e+02 1.88598e-03 4.2 2.226959E+01 4.191067E+02 9.333333E+05 6.502
9.51540e+02 1.88894e-03 4.2 2.223469E+01 4.197644E+02 9.333333E+05 6.502
9.52601e+02 1.88790e-03 4.2 2.224694E+01 4.195333E+02 9.333333E+05 6.502
9.53621e+02 1.88729e-03 4.2 2.225413E+01 4.193978E+02 9.333333E+05 6.502
9.54642e+02 1.88499e-03 4.2 2.228129E+01 4.188867E+02 9.333333E+05 6.502
9.55662e+02 1.88394e-03 4.2 2.22937E+01 4.186533E+02 9.333333E+05 6.502
9.56683e+02 1.88067e-03 4.2 2.233247E+01 4.179267E+02 9.333333E+05 6.502
9.57703e+02 1.87342e-03 4.2 2.241889E+01 4.163156E+02 9.333333E+05 6.502
9.58724e+02 1.86945e-03 4.2 2.24665E+01 4.154333E+02 9.333333E+05 6.502
9.59744e+02 1.86845e-03 4.2 2.247852E+01 4.152111E+02 9.333333E+05 6.502
9.60765e+02 1.86922e-03 4.2 2.246927E+01 4.153822E+02 9.333333E+05 6.502
9.61785e+02 1.86339e-03 4.2 2.253956E+01 4.140867E+02 9.333333E+05 6.502
9.62806e+02 1.86350e-03 4.2 2.253823E+01 4.141111E+02 9.333333E+05 6.502
9.63826e+02 1.86008e-03 4.2 2.257967E+01 4.133511E+02 9.333333E+05 6.502
9.64847e+02 1.85437e-03 4.2 2.26492E+01 4.120822E+02 9.333333E+05 6.502
9.65867e+02 1.85421e-03 4.2 2.265116E+01 4.120467E+02 9.333333E+05 6.502
9.66888e+02 1.85263e-03 4.2 2.267047E+01 4.116956E+02 9.333333E+05 6.502
9.67948e+02 1.84892e-03 4.2 2.271596E+01 4.108711E+02 9.333333E+05 6.502
9.68969e+02 1.84684e-03 4.2 2.274155E+01 4.104089E+02 9.333333E+05 6.502
9.69989e+02 1.84965e-03 4.2 2.2707E+01 4.110333E+02 9.333333E+05 6.502
9.71010e+02 1.84853e-03 4.2 2.272076E+01 4.107844E+02 9.333333E+05 6.502
9.72030e+02 1.84606e-03 4.2 2.275116E+01 4.102356E+02 9.333333E+05 6.502
9.73051e+02 1.83766e-03 4.2 2.285515E+01 4.083689E+02 9.333333E+05 6.502
9.74071e+02 1.80980e-03 4.2 2.320698E+01 4.021778E+02 9.333333E+05 6.502
9.75092e+02 1.81708e-03 4.2 2.311401E+01 4.037956E+02 9.333333E+05 6.502
9.76112e+02 1.81234e-03 4.2 2.317446E+01 4.027422E+02 9.333333E+05 6.502
9.77133e+02 1.81660e-03 4.2 2.312011E+01 4.036889E+02 9.333333E+05 6.502
9.78153e+02 1.81942e-03 4.2 2.308428E+01 4.043156E+02 9.333333E+05 6.502
9.79174e+02 1.82335e-03 4.2 2.303452E+01 4.051889E+02 9.333333E+05 6.502
9.80194e+02 1.83160e-03 4.2 2.293077E+01 4.070222E+02 9.333333E+05 6.502
9.81215e+02 1.83783e-03 4.2 2.285304E+01 4.084067E+02 9.333333E+05 6.502
9.82235e+02 1.83834e-03 4.2 2.28467E+01 4.0852E+02 9.333333E+05 6.502
9.83296e+02 1.83557e-03 4.2 2.288118E+01 4.079044E+02 9.333333E+05 6.502
9.84316e+02 1.84009e-03 4.2 2.282497E+01 4.089089E+02 9.333333E+05 6.502
9.85337e+02 1.84341e-03 4.2 2.278386E+01 4.096467E+02 9.333333E+05 6.502
9.86357e+02 1.83123e-03 4.2 2.29354E+01 4.0694E+02 9.333333E+05 6.502
9.87378e+02 1.82406e-03 4.2 2.302556E+01 4.053467E+02 9.333333E+05 6.502
9.88398e+02 1.83111e-03 4.2 2.293691E+01 4.069133E+02 9.333333E+05 6.502
9.89419e+02 1.83799e-03 4.2 2.285105E+01 4.084422E+02 9.333333E+05 6.502
9.90439e+02 1.84721e-03 4.2 2.273699E+01 4.104911E+02 9.333333E+05 6.502
9.91460e+02 1.84862e-03 4.2 2.271965E+01 4.108044E+02 9.333333E+05 6.502
9.92480e+02 1.85134e-03 4.2 2.268627E+01 4.114089E+02 9.333333E+05 6.502
9.93501e+02 1.85961e-03 4.2 2.258538E+01 4.132467E+02 9.333333E+05 6.502
9.94521e+02 1.85590e-03 4.2 2.263053E+01 4.124222E+02 9.333333E+05 6.502
9.95542e+02 1.86232e-03 4.2 2.255252E+01 4.138489E+02 9.333333E+05 6.502
9.96562e+02 1.86034e-03 4.2 2.257652E+01 4.134089E+02 9.333333E+05 6.502
9.97583e+02 1.87212e-03 4.2 2.243446E+01 4.160267E+02 9.333333E+05 6.502
9.98643e+02 1.87356e-03 4.2 2.241722E+01 4.163467E+02 9.333333E+05 6.502
9.99664e+02 1.86480e-03 4.2 2.252252E+01 4.144E+02 9.333333E+05 6.502
1.00068e+03 1.86794e-03 4.2 2.248466E+01 4.150978E+02 9.333333E+05 6.502
1.00170e+03 1.86911e-03 4.2 2.247059E+01 4.153578E+02 9.333333E+05 6.502
1.00273e+03 1.86628e-03 4.2 2.250466E+01 4.147289E+02 9.333333E+05 6.502
1.00375e+03 1.86344e-03 4.2 2.253896E+01 4.140978E+02 9.333333E+05 6.502
1.00477e+03 1.85769e-03 4.2 2.260872E+01 4.1282E+02 9.333333E+05 6.502
1.00579e+03 1.85683e-03 4.2 2.26192E+01 4.126289E+02 9.333333E+05 6.502
1.00681e+03 1.85341e-03 4.2 2.266093E+01 4.118689E+02 9.333333E+05 6.502
1.00783e+03 1.85294e-03 4.2 2.266668E+01 4.117644E+02 9.333333E+05 6.502
1.00885e+03 1.85473e-03 4.2 2.264481E+01 4.121622E+02 9.333333E+05 6.502
1.00987e+03 1.85318e-03 4.2 2.266375E+01 4.118178E+02 9.333333E+05 6.502
1.01089e+03 1.85426e-03 4.2 2.265055E+01 4.120578E+02 9.333333E+05 6.502
1.01191e+03 1.85403e-03 4.2 2.265336E+01 4.120067E+02 9.333333E+05 6.502
1.01293e+03 1.85566e-03 4.2 2.263346E+01 4.123689E+02 9.333333E+05 6.502
1.01399e+03 1.85537e-03 4.2 2.263699E+01 4.123044E+02 9.333333E+05 6.502
1.01501e+03 1.85453e-03 4.2 2.264725E+01 4.121178E+02 9.333333E+05 6.502
1.01603e+03 1.85651e-03 4.2 2.262309E+01 4.125578E+02 9.333333E+05 6.502
1.01705e+03 1.85701e-03 4.2 2.2617E+01 4.126689E+02 9.333333E+05 6.502
1.01807e+03 1.86559e-03 4.2 2.251299E+01 4.145756E+02 9.333333E+05 6.502
1.01909e+03 1.86475e-03 4.2 2.252313E+01 4.143889E+02 9.333333E+05 6.502
1.02011e+03 1.85945e-03 4.2 2.258732E+01 4.132111E+02 9.333333E+05 6.502
1.02113e+03 1.85079e-03 4.2 2.269301E+01 4.112867E+02 9.333333E+05 6.502
1.02215e+03 1.82851e-03 4.2 2.296952E+01 4.063356E+02 9.333333E+05 6.502
1.02318e+03 1.82510e-03 4.2 2.301244E+01 4.055778E+02 9.333333E+05 6.502
1.02420e+03 1.82881e-03 4.2 2.296575E+01 4.064022E+02 9.333333E+05 6.502
1.02522e+03 1.82964e-03 4.2 2.295534E+01 4.065867E+02 9.333333E+05 6.502
1.02624e+03 1.83127e-03 4.2 2.29349E+01 4.069489E+02 9.333333E+05 6.502
1.02726e+03 1.83141e-03 4.2 2.293315E+01 4.0698E+02 9.333333E+05 6.502
1.02828e+03 1.83155e-03 4.2 2.29314E+01 4.070111E+02 9.333333E+05 6.502
1.02934e+03 1.83129e-03 4.2 2.293465E+01 4.069533E+02 9.333333E+05 6.502
1.03036e+03 1.82523e-03 4.2 2.30108E+01 4.056067E+02 9.333333E+05 6.502
1.03138e+03 1.81855e-03 4.2 2.309532E+01 4.041222E+02 9.333333E+05 6.502
1.03240e+03 1.81436e-03 4.2 2.314866E+01 4.031911E+02 9.333333E+05 6.502
1.03342e+03 1.77691e-03 4.2 2.363654E+01 3.948689E+02 9.333333E+05 6.502
1.03444e+03 1.77871e-03 4.2 2.361262E+01 3.952689E+02 9.333333E+05 6.502
1.03546e+03 1.78824e-03 4.2 2.348678E+01 3.973867E+02 9.333333E+05 6.502
1.03648e+03 1.79467e-03 4.2 2.340263E+01 3.988156E+02 9.333333E+05 6.502
1.03750e+03 1.79280e-03 4.2 2.342704E+01 3.984E+02 9.333333E+05 6.502
1.03852e+03 1.79750e-03 4.2 2.336579E+01 3.994444E+02 9.333333E+05 6.502
1.03954e+03 1.80286e-03 4.2 2.329632E+01 4.006356E+02 9.333333E+05 6.502
1.04056e+03 1.80316e-03 4.2 2.329244E+01 4.007022E+02 9.333333E+05 6.502
1.04158e+03 1.80099e-03 4.2 2.332051E+01 4.0022E+02 9.333333E+05 6.502
1.04260e+03 1.80522e-03 4.2 2.326586E+01 4.0116E+02 9.333333E+05 6.502
1.04362e+03 1.81004e-03 4.2 2.320391E+01 4.022311E+02 9.333333E+05 6.502
1.04469e+03 1.81000e-03 4.2 2.320442E+01 4.022222E+02 9.333333E+05 6.502
1.04571e+03 1.81339e-03 4.2 2.316104E+01 4.029756E+02 9.333333E+05 6.502
1.04673e+03 1.81474e-03 4.2 2.314381E+01 4.032756E+02 9.333333E+05 6.502
1.04775e+03 1.81588e-03 4.2 2.312928E+01 4.035289E+02 9.333333E+05 6.502
1.04877e+03 1.81207e-03 4.2 2.317791E+01 4.026822E+02 9.333333E+05 6.502
1.04979e+03 1.83896e-03 4.2 2.2839E+01 4.086578E+02 9.333333E+05 6.502
1.05081e+03 1.84386e-03 4.2 2.27783E+01 4.097467E+02 9.333333E+05 6.502
1.05183e+03 1.84530e-03 4.2 2.276053E+01 4.100667E+02 9.333333E+05 6.502
1.05285e+03 1.84784e-03 4.2 2.272924E+01 4.106311E+02 9.333333E+05 6.502
1.05387e+03 1.84918e-03 4.2 2.271277E+01 4.109289E+02 9.333333E+05 6.502
1.05489e+03 1.83029e-03 4.2 2.294718E+01 4.067311E+02 9.333333E+05 6.502
1.05591e+03 1.82219e-03 4.2 2.304919E+01 4.049311E+02 9.333333E+05 6.502
1.05693e+03 1.80350e-03 4.2 2.328805E+01 4.007778E+02 9.333333E+05 6.502
1.05795e+03 1.80949e-03 4.2 2.321096E+01 4.021089E+02 9.333333E+05 6.502
1.05897e+03 1.81252e-03 4.2 2.317216E+01 4.027822E+02 9.333333E+05 6.502
1.06003e+03 1.81549e-03 4.2 2.313425E+01 4.034422E+02 9.333333E+05 6.502
1.06105e+03 1.81480e-03 4.2 2.314305E+01 4.032889E+02 9.333333E+05 6.502
1.06207e+03 1.82192e-03 4.2 2.30526E+01 4.048711E+02 9.333333E+05 6.502
1.06309e+03 1.82340e-03 4.2 2.303389E+01 4.052E+02 9.333333E+05 6.502
1.06411e+03 1.82764e-03 4.2 2.298046E+01 4.061422E+02 9.333333E+05 6.502
1.06514e+03 1.82730e-03 4.2 2.298473E+01 4.060667E+02 9.333333E+05 6.502
1.06616e+03 1.82551e-03 4.2 2.300727E+01 4.056689E+02 9.333333E+05 6.502
1.06718e+03 1.82728e-03 4.2 2.298498E+01 4.060622E+02 9.333333E+05 6.502
1.06820e+03 1.82731e-03 4.2 2.298461E+01 4.060689E+02 9.333333E+05 6.502
1.06922e+03 1.82566e-03 4.2 2.300538E+01 4.057022E+02 9.333333E+05 6.502
1.07024e+03 1.82736e-03 4.2 2.298398E+01 4.0608E+02 9.333333E+05 6.502
1.07126e+03 1.83000e-03 4.2 2.295082E+01 4.066667E+02 9.333333E+05 6.502
1.07228e+03 1.82112e-03 4.2 2.306273E+01 4.046933E+02 9.333333E+05 6.502
1.07330e+03 1.81624e-03 4.2 2.31247E+01 4.036089E+02 9.333333E+05 6.502
1.07432e+03 1.81505e-03 4.2 2.313986E+01 4.033444E+02 9.333333E+05 6.502
1.07538e+03 1.80833e-03 4.2 2.322585E+01 4.018511E+02 9.333333E+05 6.502
1.07640e+03 1.81324e-03 4.2 2.316296E+01 4.029422E+02 9.333333E+05 6.502
1.07742e+03 1.81362e-03 4.2 2.31581E+01 4.030267E+02 9.333333E+05 6.502
1.07844e+03 1.82106e-03 4.2 2.306349E+01 4.0468E+02 9.333333E+05 6.502
1.07946e+03 1.82035e-03 4.2 2.307249E+01 4.045222E+02 9.333333E+05 6.502
1.08048e+03 1.82159e-03 4.2 2.305678E+01 4.047978E+02 9.333333E+05 6.502
1.08150e+03 1.82045e-03 4.2 2.307122E+01 4.045444E+02 9.333333E+05 6.502
1.08252e+03 1.82565e-03 4.2 2.30055E+01 4.057E+02 9.333333E+05 6.502
1.08354e+03 1.83239e-03 4.2 2.292088E+01 4.071978E+02 9.333333E+05 6.502
1.08456e+03 1.82694e-03 4.2 2.298926E+01 4.059867E+02 9.333333E+05 6.502
1.08559e+03 1.82639e-03 4.2 2.299618E+01 4.058644E+02 9.333333E+05 6.502
1.08661e+03 1.82627e-03 4.2 2.299769E+01 4.058378E+02 9.333333E+05 6.502
1.08763e+03 1.81675e-03 4.2 2.311821E+01 4.037222E+02 9.333333E+05 6.502
1.08865e+03 1.81897e-03 4.2 2.308999E+01 4.042156E+02 9.333333E+05 6.502
1.08967e+03 1.81524e-03 4.2 2.313744E+01 4.033867E+02 9.333333E+05 6.502
1.09073e+03 1.81803e-03 4.2 2.310193E+01 4.040067E+02 9.333333E+05 6.502
1.09175e+03 1.81753e-03 4.2 2.310828E+01 4.038956E+02 9.333333E+05 6.502
1.09277e+03 1.81877e-03 4.2 2.309253E+01 4.041711E+02 9.333333E+05 6.502
1.09379e+03 1.81376e-03 4.2 2.315632E+01 4.030578E+02 9.333333E+05 6.502
1.09481e+03 1.81193e-03 4.2 2.31797E+01 4.026511E+02 9.333333E+05 6.502
1.09583e+03 1.81746e-03 4.2 2.310917E+01 4.0388E+02 9.333333E+05 6.502
1.09685e+03 1.81808e-03 4.2 2.310129E+01 4.040178E+02 9.333333E+05 6.502
1.09787e+03 1.81993e-03 4.2 2.307781E+01 4.044289E+02 9.333333E+05 6.502
1.09889e+03 1.81783e-03 4.2 2.310447E+01 4.039622E+02 9.333333E+05 6.502
1.09991e+03 1.81753e-03 4.2 2.310828E+01 4.038956E+02 9.333333E+05 6.502
1.10093e+03 1.81849e-03 4.2 2.309609E+01 4.041089E+02 9.333333E+05 6.502
1.10195e+03 1.82267e-03 4.2 2.304312E+01 4.050378E+02 9.333333E+05 6.502
1.10297e+03 1.82117e-03 4.2 2.30621E+01 4.047044E+02 9.333333E+05 6.502
1.10399e+03 1.82256e-03 4.2 2.304451E+01 4.050133E+02 9.333333E+05 6.502
1.10501e+03 1.81798e-03 4.2 2.310256E+01 4.039956E+02 9.333333E+05 6.502
1.10608e+03 1.82301e-03 4.2 2.303882E+01 4.051133E+02 9.333333E+05 6.502
1.10710e+03 1.82369e-03 4.2 2.303023E+01 4.052644E+02 9.333333E+05 6.502
1.10812e+03 1.82754e-03 4.2 2.298171E+01 4.0612E+02 9.333333E+05 6.502
1.10914e+03 1.82910e-03 4.2 2.296211E+01 4.064667E+02 9.333333E+05 6.502
1.11016e+03 1.82820e-03 4.2 2.297342E+01 4.062667E+02 9.333333E+05 6.502
1.11118e+03 1.83464e-03 4.2 2.289277E+01 4.076978E+02 9.333333E+05 6.502
1.11220e+03 1.83407e-03 4.2 2.289989E+01 4.075711E+02 9.333333E+05 6.502
1.11322e+03 1.83331e-03 4.2 2.290938E+01 4.074022E+02 9.333333E+05 6.502
1.11424e+03 1.83097e-03 4.2 2.293866E+01 4.068822E+02 9.333333E+05 6.502
1.11526e+03 1.83620e-03 4.2 2.287333E+01 4.080444E+02 9.333333E+05 6.502
1.11628e+03 1.83684e-03 4.2 2.286536E+01 4.081867E+02 9.333333E+05 6.502
1.11730e+03 1.83776e-03 4.2 2.285391E+01 4.083911E+02 9.333333E+05 6.502
1.11832e+03 1.84002e-03 4.2 2.282584E+01 4.088933E+02 9.333333E+05 6.502
1.11934e+03 1.84195e-03 4.2 2.280192E+01 4.093222E+02 9.333333E+05 6.502
1.12036e+03 1.84064e-03 4.2 2.281815E+01 4.090311E+02 9.333333E+05 6.502
1.12142e+03 1.84198e-03 4.2 2.280155E+01 4.093289E+02 9.333333E+05 6.502
1.12244e+03 1.84179e-03 4.2 2.28039E+01 4.092867E+02 9.333333E+05 6.502
1.12346e+03 1.83997e-03 4.2 2.282646E+01 4.088822E+02 9.333333E+05 6.502
1.12448e+03 1.83905e-03 4.2 2.283788E+01 4.086778E+02 9.333333E+05 6.502
1.12550e+03 1.84370e-03 4.2 2.278028E+01 4.097111E+02 9.333333E+05 6.502
1.12652e+03 1.84283e-03 4.2 2.279103E+01 4.095178E+02 9.333333E+05 6.502
1.12755e+03 1.84310e-03 4.2 2.278769E+01 4.095778E+02 9.333333E+05 6.502
1.12857e+03 1.84238e-03 4.2 2.27966E+01 4.094178E+02 9.333333E+05 6.502
1.12959e+03 1.84172e-03 4.2 2.280477E+01 4.092711E+02 9.333333E+05 6.502
1.13061e+03 1.84847e-03 4.2 2.272149E+01 4.107711E+02 9.333333E+05 6.502
1.13163e+03 1.84882e-03 4.2 2.271719E+01 4.108489E+02 9.333333E+05 6.502
1.13265e+03 1.85104e-03 4.2 2.268995E+01 4.113422E+02 9.333333E+05 6.502
1.13367e+03 1.84988e-03 4.2 2.270418E+01 4.110844E+02 9.333333E+05 6.502
1.13469e+03 1.85233e-03 4.2 2.267415E+01 4.116289E+02 9.333333E+05 6.502
1.13571e+03 1.85441e-03 4.2 2.264871E+01 4.120911E+02 9.333333E+05 6.502
1.13677e+03 1.85456e-03 4.2 2.264688E+01 4.121244E+02 9.333333E+05 6.502
1.13779e+03 1.85188e-03 4.2 2.267966E+01 4.115289E+02 9.333333E+05 6.502
1.13881e+03 1.85514e-03 4.2 2.26398E+01 4.122533E+02 9.333333E+05 6.502
1.13983e+03 1.86304e-03 4.2 2.25438E+01 4.140089E+02 9.333333E+05 6.502
1.14085e+03 1.85910e-03 4.2 2.259158E+01 4.131333E+02 9.333333E+05 6.502
1.14187e+03 1.85881e-03 4.2 2.25951E+01 4.130689E+02 9.333333E+05 6.502
1.14289e+03 1.91321e-03 4.2 2.195263E+01 4.251578E+02 9.333333E+05 6.502
1.14391e+03 1.91434e-03 4.2 2.193968E+01 4.254089E+02 9.333333E+05 6.502
1.14493e+03 1.91238e-03 4.2 2.196216E+01 4.249733E+02 9.333333E+05 6.502
1.14595e+03 1.92411e-03 4.2 2.182827E+01 4.2758E+02 9.333333E+05 6.502
1.14697e+03 1.92061e-03 4.2 2.186805E+01 4.268022E+02 9.333333E+05 6.502
1.14800e+03 1.91745e-03 4.2 2.190409E+01 4.261E+02 9.333333E+05 6.502
1.14902e+03 1.93864e-03 4.2 2.166467E+01 4.308089E+02 9.333333E+05 6.502
1.15004e+03 1.91449e-03 4.2 2.193796E+01 4.254422E+02 9.333333E+05 6.502
1.15106e+03 1.91532e-03 4.2 2.192845E+01 4.256267E+02 9.333333E+05 6.502
1.15212e+03 1.92077e-03 4.2 2.186623E+01 4.268378E+02 9.333333E+05 6.502
1.15314e+03 1.91664e-03 4.2 2.191335E+01 4.2592E+02 9.333333E+05 6.502
1.15416e+03 1.91592e-03 4.2 2.192158E+01 4.2576E+02 9.333333E+05 6.502
1.15518e+03 1.91570e-03 4.2 2.19241E+01 4.257111E+02 9.333333E+05 6.502
1.15620e+03 1.94192e-03 4.2 2.162808E+01 4.315378E+02 9.333333E+05 6.502
1.15722e+03 1.94345e-03 4.2 2.161105E+01 4.318778E+02 9.333333E+05 6.502
1.15824e+03 1.94289e-03 4.2 2.161728E+01 4.317533E+02 9.333333E+05 6.502
1.15926e+03 1.94680e-03 4.2 2.157386E+01 4.326222E+02 9.333333E+05 6.502
1.16028e+03 1.94715e-03 4.2 2.156999E+01 4.327E+02 9.333333E+05 6.502
1.16130e+03 1.94625e-03 4.2 2.157996E+01 4.325E+02 9.333333E+05 6.502
1.16232e+03 1.94323e-03 4.2 2.16135E+01 4.318289E+02 9.333333E+05 6.502
1.16334e+03 1.94348e-03 4.2 2.161072E+01 4.318844E+02 9.333333E+05 6.502
1.16436e+03 1.94215e-03 4.2 2.162552E+01 4.315889E+02 9.333333E+05 6.502
1.16538e+03 1.94000e-03 4.2 2.164948E+01 4.311111E+02 9.333333E+05 6.502
1.16640e+03 1.94164e-03 4.2 2.16312E+01 4.314756E+02 9.333333E+05 6.502
1.16746e+03 1.94410e-03 4.2 2.160383E+01 4.320222E+02 9.333333E+05 6.502
1.16849e+03 1.94066e-03 4.2 2.164212E+01 4.312578E+02 9.333333E+05 6.502
1.16951e+03 1.93877e-03 4.2 2.166322E+01 4.308378E+02 9.333333E+05 6.502
1.17053e+03 1.93898e-03 4.2 2.166087E+01 4.308844E+02 9.333333E+05 6.502
1.17155e+03 1.93512e-03 4.2 2.170408E+01 4.300267E+02 9.333333E+05 6.502
1.17257e+03 1.93277e-03 4.2 2.173047E+01 4.295044E+02 9.333333E+05 6.502
1.17359e+03 1.93549e-03 4.2 2.169993E+01 4.301089E+02 9.333333E+05 6.502
1.17461e+03 1.93510e-03 4.2 2.17043E+01 4.300222E+02 9.333333E+05 6.502
1.17563e+03 1.93647e-03 4.2 2.168895E+01 4.303267E+02 9.333333E+05 6.502
1.17665e+03 1.92605e-03 4.2 2.180629E+01 4.280111E+02 9.333333E+05 6.502
1.17767e+03 1.92507e-03 4.2 2.181739E+01 4.277933E+02 9.333333E+05 6.502
1.17869e+03 1.93867e-03 4.2 2.166434E+01 4.308156E+02 9.333333E+05 6.502
1.17971e+03 1.93539e-03 4.2 2.170105E+01 4.300867E+02 9.333333E+05 6.502
1.18073e+03 1.93508e-03 4.2 2.170453E+01 4.300178E+02 9.333333E+05 6.502
1.18175e+03 1.93025e-03 4.2 2.175884E+01 4.289444E+02 9.333333E+05 6.502
1.18281e+03 1.93466e-03 4.2 2.170924E+01 4.299244E+02 9.333333E+05 6.502
1.18383e+03 1.94334e-03 4.2 2.161228E+01 4.318533E+02 9.333333E+05 6.502
1.18485e+03 1.95745e-03 4.2 2.145649E+01 4.349889E+02 9.333333E+05 6.502
1.18587e+03 1.95337e-03 4.2 2.15013E+01 4.340822E+02 9.333333E+05 6.502
1.18689e+03 1.95525e-03 4.2 2.148063E+01 4.345E+02 9.333333E+05 6.502
1.18791e+03 1.95335e-03 4.2 2.150152E+01 4.340778E+02 9.333333E+05 6.502
1.18893e+03 1.95698e-03 4.2 2.146164E+01 4.348844E+02 9.333333E+05 6.502
1.18996e+03 1.96202e-03 4.2 2.140651E+01 4.360044E+02 9.333333E+05 6.502
1.19098e+03 1.96252e-03 4.2 2.140106E+01 4.361156E+02 9.333333E+05 6.502
1.19200e+03 1.96759e-03 4.2 2.134591E+01 4.372422E+02 9.333333E+05 6.502
1.19302e+03 1.97145e-03 4.2 2.130412E+01 4.381E+02 9.333333E+05 6.502
1.19404e+03 1.97514e-03 4.2 2.126432E+01 4.3892E+02 9.333333E+05 6.502
1.19506e+03 1.98038e-03 4.2 2.120805E+01 4.400844E+02 9.333333E+05 6.502
1.19608e+03 1.98655e-03 4.2 2.114218E+01 4.414556E+02 9.333333E+05 6.502
1.19710e+03 1.99302e-03 4.2 2.107355E+01 4.428933E+02 9.333333E+05 6.502
1.19816e+03 2.00532e-03 4.2 2.094429E+01 4.456267E+02 9.333333E+05 6.502
1.19918e+03 1.99524e-03 4.2 2.10501E+01 4.433867E+02 9.333333E+05 6.502
1.20020e+03 2.01089e-03 4.2 2.088627E+01 4.468644E+02 9.333333E+05 6.502
1.20122e+03 2.00109e-03 4.2 2.098856E+01 4.446867E+02 9.333333E+05 6.502
1.20224e+03 2.00515e-03 4.2 2.094606E+01 4.455889E+02 9.333333E+05 6.502
1.20326e+03 1.99281e-03 4.2 2.107577E+01 4.428467E+02 9.333333E+05 6.502
1.20428e+03 1.98804e-03 4.2 2.112634E+01 4.417867E+02 9.333333E+05 6.502
1.20530e+03 1.99440e-03 4.2 2.105897E+01 4.432E+02 9.333333E+05 6.502
1.20632e+03 1.98765e-03 4.2 2.113048E+01 4.417E+02 9.333333E+05 6.502
1.20734e+03 1.98738e-03 4.2 2.113335E+01 4.4164E+02 9.333333E+05 6.502
1.20836e+03 1.98730e-03 4.2 2.11342E+01 4.416222E+02 9.333333E+05 6.502
1.20938e+03 1.98554e-03 4.2 2.115294E+01 4.412311E+02 9.333333E+05 6.502
1.21040e+03 1.98808e-03 4.2 2.112591E+01 4.417956E+02 9.333333E+05 6.502
1.21143e+03 1.98480e-03 4.2 2.116082E+01 4.410667E+02 9.333333E+05 6.502
1.21245e+03 1.97101e-03 4.2 2.130887E+01 4.380022E+02 9.333333E+05 6.502
1.21351e+03 1.95961e-03 4.2 2.143284E+01 4.354689E+02 9.333333E+05 6.502
1.21453e+03 1.97137e-03 4.2 2.130498E+01 4.380822E+02 9.333333E+05 6.502
1.21555e+03 1.96178e-03 4.2 2.140913E+01 4.359511E+02 9.333333E+05 6.502
1.21657e+03 1.97868e-03 4.2 2.122627E+01 4.397067E+02 9.333333E+05 6.502
1.21759e+03 1.98041e-03 4.2 2.120773E+01 4.400911E+02 9.333333E+05 6.502
1.21861e+03 1.97354e-03 4.2 2.128155E+01 4.385644E+02 9.333333E+05 6.502
1.21963e+03 1.98084e-03 4.2 2.120313E+01 4.401867E+02 9.333333E+05 6.502
1.22065e+03 1.98044e-03 4.2 2.120741E+01 4.400978E+02 9.333333E+05 6.502
1.22167e+03 1.98322e-03 4.2 2.117768E+01 4.407156E+02 9.333333E+05 6.502
1.22269e+03 1.98078e-03 4.2 2.120377E+01 4.401733E+02 9.333333E+05 6.502
1.22371e+03 1.97693e-03 4.2 2.124506E+01 4.393178E+02 9.333333E+05 6.502
1.22473e+03 1.98222e-03 4.2 2.118836E+01 4.404933E+02 9.333333E+05 6.502
1.22575e+03 1.97370e-03 4.2 2.127983E+01 4.386E+02 9.333333E+05 6.502
1.22677e+03 1.97164e-03 4.2 2.130206E+01 4.381422E+02 9.333333E+05 6.502
1.22779e+03 1.97551e-03 4.2 2.126033E+01 4.390022E+02 9.333333E+05 6.502
1.22885e+03 1.97589e-03 4.2 2.125624E+01 4.390867E+02 9.333333E+05 6.502
1.22987e+03 1.97685e-03 4.2 2.124592E+01 4.393E+02 9.333333E+05 6.502
1.23089e+03 1.97729e-03 4.2 2.124119E+01 4.393978E+02 9.333333E+05 6.502
1.23192e+03 1.96981e-03 4.2 2.132185E+01 4.377356E+02 9.333333E+05 6.502
1.23294e+03 1.96668e-03 4.2 2.135579E+01 4.3704E+02 9.333333E+05 6.502
1.23396e+03 1.96743e-03 4.2 2.134765E+01 4.372067E+02 9.333333E+05 6.502
1.23498e+03 1.95956e-03 4.2 2.143338E+01 4.354578E+02 9.333333E+05 6.502
1.23600e+03 1.95452e-03 4.2 2.148865E+01 4.343378E+02 9.333333E+05 6.502
1.23702e+03 1.95161e-03 4.2 2.152069E+01 4.336911E+02 9.333333E+05 6.502
1.23804e+03 1.95479e-03 4.2 2.148568E+01 4.343978E+02 9.333333E+05 6.502
1.23906e+03 1.95181e-03 4.2 2.151849E+01 4.337356E+02 9.333333E+05 6.502
1.24008e+03 1.95293e-03 4.2 2.150615E+01 4.339844E+02 9.333333E+05 6.502
1.24110e+03 1.95630e-03 4.2 2.14691E+01 4.347333E+02 9.333333E+05 6.502
1.24212e+03 1.95721e-03 4.2 2.145912E+01 4.349356E+02 9.333333E+05 6.502
1.24314e+03 1.96720e-03 4.2 2.135014E+01 4.371556E+02 9.333333E+05 6.502
1.24420e+03 1.97096e-03 4.2 2.130941E+01 4.379911E+02 9.333333E+05 6.502
1.24522e+03 1.96764e-03 4.2 2.134537E+01 4.372533E+02 9.333333E+05 6.502
1.24624e+03 1.96704e-03 4.2 2.135188E+01 4.3712E+02 9.333333E+05 6.502
1.24726e+03 1.96895e-03 4.2 2.133117E+01 4.375444E+02 9.333333E+05 6.502
1.24828e+03 1.96857e-03 4.2 2.133528E+01 4.3746E+02 9.333333E+05 6.502
1.24930e+03 1.96735e-03 4.2 2.134851E+01 4.371889E+02 9.333333E+05 6.502
1.25032e+03 1.96698e-03 4.2 2.135253E+01 4.371067E+02 9.333333E+05 6.502
1.25134e+03 1.96617e-03 4.2 2.136133E+01 4.369267E+02 9.333333E+05 6.502
1.25237e+03 1.96597e-03 4.2 2.13635E+01 4.368822E+02 9.333333E+05 6.502
1.25339e+03 1.96684e-03 4.2 2.135405E+01 4.370756E+02 9.333333E+05 6.502
1.25441e+03 1.96628e-03 4.2 2.136013E+01 4.369511E+02 9.333333E+05 6.502
1.25543e+03 1.96654e-03 4.2 2.135731E+01 4.370089E+02 9.333333E+05 6.502
1.25645e+03 1.96494e-03 4.2 2.13747E+01 4.366533E+02 9.333333E+05 6.502
1.25747e+03 1.96685e-03 4.2 2.135394E+01 4.370778E+02 9.333333E+05 6.502
1.25849e+03 1.96560e-03 4.2 2.136752E+01 4.368E+02 9.333333E+05 6.502
1.25955e+03 1.97361e-03 4.2 2.12808E+01 4.3858E+02 9.333333E+05 6.502
1.26057e+03 1.96592e-03 4.2 2.136404E+01 4.368711E+02 9.333333E+05 6.502
1.26159e+03 1.96700e-03 4.2 2.135231E+01 4.371111E+02 9.333333E+05 6.502
1.26261e+03 1.96759e-03 4.2 2.134591E+01 4.372422E+02 9.333333E+05 6.502
1.26363e+03 1.96737e-03 4.2 2.13483E+01 4.371933E+02 9.333333E+05 6.502
1.26465e+03 1.96883e-03 4.2 2.133247E+01 4.375178E+02 9.333333E+05 6.502
1.26567e+03 1.96519e-03 4.2 2.137198E+01 4.367089E+02 9.333333E+05 6.502
1.26669e+03 1.96795e-03 4.2 2.134201E+01 4.373222E+02 9.333333E+05 6.502
1.26771e+03 1.97961e-03 4.2 2.12163E+01 4.399133E+02 9.333333E+05 6.502
1.26873e+03 1.98476e-03 4.2 2.116125E+01 4.410578E+02 9.333333E+05 6.502
1.26975e+03 1.98193e-03 4.2 2.119146E+01 4.404289E+02 9.333333E+05 6.502
1.27077e+03 1.97250e-03 4.2 2.129278E+01 4.383333E+02 9.333333E+05 6.502
1.27179e+03 1.97462e-03 4.2 2.126992E+01 4.388044E+02 9.333333E+05 6.502
1.27281e+03 1.96948e-03 4.2 2.132543E+01 4.376622E+02 9.333333E+05 6.502
1.27384e+03 2.00881e-03 4.2 2.09079E+01 4.464022E+02 9.333333E+05 6.502
1.27490e+03 1.96838e-03 4.2 2.133734E+01 4.374178E+02 9.333333E+05 6.502
1.27592e+03 1.96578e-03 4.2 2.136556E+01 4.3684E+02 9.333333E+05 6.502
1.27694e+03 1.96564e-03 4.2 2.136709E+01 4.368089E+02 9.333333E+05 6.502
1.27796e+03 1.96892e-03 4.2 2.133149E+01 4.375378E+02 9.333333E+05 6.502
1.27898e+03 1.96923e-03 4.2 2.132813E+01 4.376067E+02 9.333333E+05 6.502
1.28000e+03 1.97919e-03 4.2 2.12208E+01 4.3982E+02 9.333333E+05 6.502
1.28102e+03 1.99268e-03 4.2 2.107714E+01 4.428178E+02 9.333333E+05 6.502
1.28204e+03 1.97759e-03 4.2 2.123797E+01 4.394644E+02 9.333333E+05 6.502
1.28306e+03 1.97991e-03 4.2 2.121309E+01 4.3998E+02 9.333333E+05 6.502
1.28408e+03 1.97784e-03 4.2 2.123529E+01 4.3952E+02 9.333333E+05 6.502
1.28510e+03 1.98187e-03 4.2 2.119211E+01 4.404156E+02 9.333333E+05 6.502
1.28612e+03 1.99131e-03 4.2 2.109164E+01 4.425133E+02 9.333333E+05 6.502
1.28714e+03 1.98104e-03 4.2 2.120099E+01 4.402311E+02 9.333333E+05 6.502
1.28816e+03 1.98325e-03 4.2 2.117736E+01 4.407222E+02 9.333333E+05 6.502
1.28918e+03 1.98424e-03 4.2 2.116679E+01 4.409422E+02 9.333333E+05 6.502
1.29024e+03 1.99726e-03 4.2 2.102881E+01 4.438356E+02 9.333333E+05 6.502
1.29126e+03 1.99528e-03 4.2 2.104968E+01 4.433956E+02 9.333333E+05 6.502
1.29228e+03 1.99480e-03 4.2 2.105474E+01 4.432889E+02 9.333333E+05 6.502
1.29330e+03 1.99365e-03 4.2 2.106689E+01 4.430333E+02 9.333333E+05 6.502
1.29433e+03 1.99341e-03 4.2 2.106942E+01 4.4298E+02 9.333333E+05 6.502
1.29535e+03 1.99212e-03 4.2 2.108307E+01 4.426933E+02 9.333333E+05 6.502
1.29637e+03 1.99436e-03 4.2 2.105939E+01 4.431911E+02 9.333333E+05 6.502
1.29739e+03 1.99281e-03 4.2 2.107577E+01 4.428467E+02 9.333333E+05 6.502
1.29841e+03 1.99352e-03 4.2 2.106826E+01 4.430044E+02 9.333333E+05 6.502
1.29943e+03 1.99239e-03 4.2 2.108021E+01 4.427533E+02 9.333333E+05 6.502
1.30045e+03 1.99332e-03 4.2 2.107038E+01 4.4296E+02 9.333333E+05 6.502
1.30147e+03 1.99479e-03 4.2 2.105485E+01 4.432867E+02 9.333333E+05 6.502
1.30249e+03 1.99133e-03 4.2 2.109143E+01 4.425178E+02 9.333333E+05 6.502
1.30351e+03 1.99488e-03 4.2 2.10539E+01 4.433067E+02 9.333333E+05 6.502
1.30453e+03 1.99262e-03 4.2 2.107778E+01 4.428044E+02 9.333333E+05 6.502
1.30559e+03 1.99678e-03 4.2 2.103386E+01 4.437289E+02 9.333333E+05 6.502
1.30661e+03 1.99364e-03 4.2 2.106699E+01 4.430311E+02 9.333333E+05 6.502
1.30763e+03 1.99134e-03 4.2 2.109133E+01 4.4252E+02 9.333333E+05 6.502
1.30865e+03 1.99273e-03 4.2 2.107661E+01 4.428289E+02 9.333333E+05 6.502
1.30967e+03 1.99391e-03 4.2 2.106414E+01 4.430911E+02 9.333333E+05 6.502
1.31069e+03 1.99534e-03 4.2 2.104904E+01 4.434089E+02 9.333333E+05 6.502
1.31171e+03 1.99211e-03 4.2 2.108317E+01 4.426911E+02 9.333333E+05 6.502
1.31273e+03 1.99124e-03 4.2 2.109238E+01 4.424978E+02 9.333333E+05 6.502
1.31375e+03 1.99390e-03 4.2 2.106425E+01 4.430889E+02 9.333333E+05 6.502
1.31478e+03 1.99220e-03 4.2 2.108222E+01 4.427111E+02 9.333333E+05 6.502
1.31580e+03 1.99105e-03 4.2 2.10944E+01 4.424556E+02 9.333333E+05 6.502
1.31682e+03 1.99182e-03 4.2 2.108624E+01 4.426267E+02 9.333333E+05 6.502
1.31784e+03 1.99246e-03 4.2 2.107947E+01 4.427689E+02 9.333333E+05 6.502
1.31886e+03 1.99360e-03 4.2 2.106742E+01 4.430222E+02 9.333333E+05 6.502
1.31988e+03 1.99324e-03 4.2 2.107122E+01 4.429422E+02 9.333333E+05 6.502
1.32094e+03 1.99466e-03 4.2 2.105622E+01 4.432578E+02 9.333333E+05 6.502
1.32196e+03 1.99406e-03 4.2 2.106256E+01 4.431244E+02 9.333333E+05 6.502
1.32298e+03 1.99409e-03 4.2 2.106224E+01 4.431311E+02 9.333333E+05 6.502
1.32400e+03 1.99809e-03 4.2 2.102007E+01 4.4402E+02 9.333333E+05 6.502
1.32502e+03 1.99921e-03 4.2 2.10083E+01 4.442689E+02 9.333333E+05 6.502
1.32604e+03 2.00323e-03 4.2 2.096614E+01 4.451622E+02 9.333333E+05 6.502
1.32706e+03 2.02030e-03 4.2 2.078899E+01 4.489556E+02 9.333333E+05 6.502
1.32808e+03 2.01898e-03 4.2 2.080258E+01 4.486622E+02 9.333333E+05 6.502
1.32910e+03 2.01461e-03 4.2 2.084771E+01 4.476911E+02 9.333333E+05 6.502
1.33012e+03 2.01789e-03 4.2 2.081382E+01 4.4842E+02 9.333333E+05 6.502
1.33114e+03 2.01734e-03 4.2 2.081949E+01 4.482978E+02 9.333333E+05 6.502
1.33216e+03 2.01695e-03 4.2 2.082352E+01 4.482111E+02 9.333333E+05 6.502
1.33318e+03 2.01668e-03 4.2 2.082631E+01 4.481511E+02 9.333333E+05 6.502
1.33420e+03 2.01775e-03 0.01 4.956015E-02 4.483889E+02 2.222222E+03 0.015
1.33522e+03 2.02098e-03 4.2 2.0782E+01 4.491067E+02 9.333333E+05 6.502
1.33629e+03 2.01996e-03 4.2 2.079249E+01 4.4888E+02 9.333333E+05 6.502
1.33731e+03 2.01738e-03 4.2 2.081908E+01 4.483067E+02 9.333333E+05 6.502
1.33833e+03 2.01877e-03 4.2 2.080475E+01 4.486156E+02 9.333333E+05 6.502
1.33935e+03 2.01456e-03 4.2 2.084822E+01 4.4768E+02 9.333333E+05 6.502
1.34037e+03 2.01486e-03 4.2 2.084512E+01 4.477467E+02 9.333333E+05 6.502
1.34139e+03 2.01860e-03 4.2 2.08065E+01 4.485778E+02 9.333333E+05 6.502
1.34241e+03 2.01217e-03 4.2 2.087299E+01 4.471489E+02 9.333333E+05 6.502
1.34343e+03 2.01022e-03 4.2 2.089324E+01 4.467156E+02 9.333333E+05 6.502
1.34445e+03 2.01042e-03 4.2 2.089116E+01 4.4676E+02 9.333333E+05 6.502
1.34547e+03 2.01362e-03 4.2 2.085796E+01 4.474711E+02 9.333333E+05 6.502
1.34649e+03 2.01149e-03 4.2 2.088004E+01 4.469978E+02 9.333333E+05 6.502
1.34751e+03 2.01131e-03 4.2 2.088191E+01 4.469578E+02 9.333333E+05 6.502
1.34853e+03 2.01552e-03 4.2 2.083829E+01 4.478933E+02 9.333333E+05 6.502
