V(__) I(__) lux CurrC oeff. CurrA/m^-2. lux/m^-1
0.00000e+00 -3.20738e-11 0.01 -3.11781E+08 -7.127511E-06 2.222222E+03 
2.50000e-01 1.03804e-07 0.01 9.63354E+04 2.306756E-02 2.222222E+03 
5.00000e-01 2.16227e-07 0.01 4.624769E+04 4.805044E-02 2.222222E+03 
7.50000e-01 3.20775e-07 0.01 3.11745E+04 7.128333E-02 2.222222E+03 
1.00000e+00 4.25624e-07 0.01 2.349492E+04 9.458311E-02 2.222222E+03 
1.25000e+00 5.31088e-07 0.01 1.882927E+04 1.180196E-01 2.222222E+03 
1.50000e+00 6.37102e-07 0.01 1.569607E+04 1.415782E-01 2.222222E+03 
1.75000e+00 7.43477e-07 0.01 1.345032E+04 1.652171E-01 2.222222E+03 
2.00000e+00 8.51008e-07 1.1 1.292585E+06 1.891129E-01 2.444444E+05 
2.25000e+00 9.59023e-07 0.01 1.042728E+04 2.131162E-01 2.222222E+03 
2.50000e+00 1.06206e-06 1.1 1.035723E+06 2.360133E-01 2.444444E+05 
2.75000e+00 1.18241e-06 1.1 9.303034E+05 2.627578E-01 2.444444E+05 
3.00000e+00 1.29501e-06 2.1 1.621609E+06 2.8778E-01 4.666667E+05 
3.25000e+00 1.40878e-06 0.01 7.09834E+03 3.130622E-01 2.222222E+03 
3.50000e+00 1.56069e-06 2.1 1.345559E+06 3.4682E-01 4.666667E+05 
3.75000e+00 1.71075e-06 2.1 1.227532E+06 3.801667E-01 4.666667E+05 
4.00000e+00 1.77329e-06 3.1 1.748163E+06 3.940644E-01 6.888889E+05 
4.25000e+00 1.99199e-06 0.01 5.020106E+03 4.426644E-01 2.222222E+03 
4.50000e+00 2.32603e-06 4.1 1.76266E+06 5.168956E-01 9.111111E+05 
4.75000e+00 2.30173e-06 4.1 1.781269E+06 5.114956E-01 9.111111E+05 
5.00000e+00 2.49953e-06 5.1 2.040384E+06 5.554511E-01 1.133333E+06 
5.25000e+00 2.84941e-06 0.01 3.509498E+03 6.332022E-01 2.222222E+03 
5.50000e+00 3.37256e-06 6.1 1.808715E+06 7.494578E-01 1.355556E+06 
5.75000e+00 3.37725e-06 7.1 2.102302E+06 7.505E-01 1.577778E+06 
6.00000e+00 3.41491e-06 8.1 2.371951E+06 7.588689E-01 1.8E+06 
6.25000e+00 3.90053e-06 0.01 2.563754E+03 8.667844E-01 2.222222E+03 
6.50000e+00 3.92931e-06 9.1 2.315928E+06 8.7318E-01 2.022222E+06 
6.75000e+00 4.20644e-06 11.1 2.638811E+06 9.347644E-01 2.466667E+06 
7.00000e+00 4.39127e-06 12.1 2.755467E+06 9.758378E-01 2.688889E+06 
7.25000e+00 4.75423e-06 13.1 2.755441E+06 1.056496E+00 2.911111E+06 
7.50000e+00 5.29327e-06 15.1 2.852679E+06 1.176282E+00 3.355556E+06 
7.75000e+00 6.06505e-06 17.1 2.819433E+06 1.347789E+00 3.8E+06 
8.00000e+00 1.69009e-05 19.1 1.130117E+06 3.755756E+00 4.244444E+06 
8.25000e+00 1.20017e-05 20.1 1.674763E+06 2.667044E+00 4.466667E+06 
8.50000e+00 1.88001e-05 22.1 1.175526E+06 4.1778E+00 4.911111E+06 
8.75000e+00 1.66963e-05 24.2 1.449423E+06 3.710289E+00 5.377778E+06 
9.00000e+00 2.51306e-05 28.2 1.122138E+06 5.584578E+00 6.266667E+06 
9.25000e+00 1.96773e-05 30.2 1.534763E+06 4.372733E+00 6.711111E+06 
9.50000e+00 4.59668e-05 31.2 6.787508E+05 1.021484E+01 6.933333E+06 
9.75000e+00 3.86859e-05 34.2 8.84043E+05 8.596867E+00 7.6E+06 
1.00000e+01 4.44678e-05 38.2 8.590486E+05 9.881733E+00 8.488889E+06 
1.02500e+01 4.66733e-05 41.2 8.827317E+05 1.037184E+01 9.155556E+06 
1.05000e+01 4.85351e-05 43.2 8.900775E+05 1.078558E+01 9.6E+06 
1.07500e+01 5.44976e-05 46.2 8.477438E+05 1.211058E+01 1.026667E+07 
1.10000e+01 5.86601e-05 50.2 8.557776E+05 1.303558E+01 1.115556E+07 
1.12500e+01 6.01980e-05 55.3 9.186352E+05 1.337733E+01 1.228889E+07 
1.15000e+01 7.55851e-05 59.3 7.845462E+05 1.679669E+01 1.317778E+07 
1.17500e+01 7.51551e-05 63.3 8.422582E+05 1.670113E+01 1.406667E+07 
1.20000e+01 7.75656e-05 68.3 8.80545E+05 1.72368E+01 1.517778E+07 
1.22500e+01 8.11530e-05 75.3 9.27877E+05 1.8034E+01 1.673333E+07 
1.25000e+01 9.36626e-05 79.4 8.477236E+05 2.081391E+01 1.764444E+07 
1.27500e+01 9.21329e-05 85.4 9.269219E+05 2.047398E+01 1.897778E+07 
1.30000e+01 9.07266e-05 89.4 9.85378E+05 2.016147E+01 1.986667E+07 
1.32500e+01 8.81080e-05 97.4 1.105461E+06 1.957956E+01 2.164444E+07 
1.35000e+01 8.29614e-05 101.4 1.222255E+06 1.843587E+01 2.253333E+07 
1.37500e+01 8.82881e-05 0.01 1.132655E+02 1.961958E+01 2.222222E+03 
1.40000e+01 7.94149e-05 107.5 1.35365E+06 1.764776E+01 2.388889E+07 
1.42500e+01 8.95623e-05 111.5 1.244943E+06 1.990273E+01 2.477778E+07 
1.45000e+01 9.50304e-05 117.5 1.236446E+06 2.111787E+01 2.611111E+07 
1.47500e+01 9.91743e-05 0.01 1.008326E+02 2.203873E+01 2.222222E+03 
1.50000e+01 1.24989e-04 25.2 2.016177E+05 2.777533E+01 5.6E+06 
