V(__) I(__) lux CurrC oeff. CurrA/m^-2. lux/m^-1
2.50000e-01 3.01596e-03 6.4 2.122044E+03 6.702133E+02 1.422222E+06 
5.00000e-01 6.03303e-03 6.4 1.060827E+03 1.340673E+03 1.422222E+06 
7.50000e-01 9.05032e-03 6.4 7.071573E+02 2.011182E+03 1.422222E+06 
1.00000e+00 1.20683e-02 6.4 5.30315E+02 2.681844E+03 1.422222E+06 
1.25000e+00 1.50861e-02 6.4 4.242316E+02 3.352467E+03 1.422222E+06 
1.50000e+00 1.81028e-02 6.4 3.535365E+02 4.022844E+03 1.422222E+06 
1.75000e+00 2.11186e-02 6.4 3.030504E+02 4.693022E+03 1.422222E+06 
2.00000e+00 2.41323e-02 5.4 2.237665E+02 5.362733E+03 1.2E+06 
2.25000e+00 2.71359e-02 5.4 1.989984E+02 6.0302E+03 1.2E+06 
2.50000e+00 3.01407e-02 5.4 1.791597E+02 6.697933E+03 1.2E+06 
2.75000e+00 3.31463e-02 5.4 1.629141E+02 7.365844E+03 1.2E+06 
3.00000e+00 3.61484e-02 5.4 1.493842E+02 8.032978E+03 1.2E+06 
3.25000e+00 3.91461e-02 5.3 1.353902E+02 8.699133E+03 1.177778E+06 
3.50000e+00 4.21386e-02 5.3 1.257754E+02 9.364133E+03 1.177778E+06 
3.75000e+00 4.51238e-02 5.3 1.174546E+02 1.002751E+04 1.177778E+06 
4.00000e+00 4.81015e-02 5.3 1.101837E+02 1.068922E+04 1.177778E+06 
4.25000e+00 5.10725e-02 5.3 1.03774E+02 1.134944E+04 1.177778E+06 
4.50000e+00 5.40344e-02 5.3 9.808566E+01 1.200764E+04 1.177778E+06 
4.75000e+00 5.69872e-02 5.3 9.300334E+01 1.266382E+04 1.177778E+06 
5.00000e+00 5.99240e-02 5.3 8.844536E+01 1.331644E+04 1.177778E+06 
5.25000e+00 6.28542e-02 5.3 8.432213E+01 1.39676E+04 1.177778E+06 
5.50000e+00 6.57716e-02 5.3 8.058189E+01 1.461591E+04 1.177778E+06 
5.75000e+00 6.86772e-02 5.3 7.717263E+01 1.52616E+04 1.177778E+06 
6.00000e+00 7.15682e-02 5.3 7.405524E+01 1.590404E+04 1.177778E+06 
6.25000e+00 7.44470e-02 5.3 7.119159E+01 1.654378E+04 1.177778E+06 
6.50000e+00 7.73066e-02 5.3 6.855818E+01 1.717924E+04 1.177778E+06 
6.75000e+00 8.01533e-02 5.3 6.612329E+01 1.781184E+04 1.177778E+06 
7.00000e+00 8.29821e-02 5.3 6.38692E+01 1.844047E+04 1.177778E+06 
7.25000e+00 8.57927e-02 5.3 6.177682E+01 1.906504E+04 1.177778E+06 
7.50000e+00 8.85822e-02 5.3 5.983143E+01 1.968493E+04 1.177778E+06 
7.75000e+00 9.13517e-02 5.3 5.801753E+01 2.030038E+04 1.177778E+06 
8.00000e+00 9.40990e-02 5.3 5.632366E+01 2.091089E+04 1.177778E+06 
8.25000e+00 9.68236e-02 5.3 5.473872E+01 2.151636E+04 1.177778E+06 
8.50000e+00 9.95308e-02 5.3 5.324985E+01 2.211796E+04 1.177778E+06 
8.75000e+00 9.99950e-02 5.3 5.300265E+01 2.222111E+04 1.177778E+06 
9.00000e+00 9.99952e-02 5.3 5.300254E+01 2.222116E+04 1.177778E+06 
9.25000e+00 9.99951e-02 5.3 5.30026E+01 2.222113E+04 1.177778E+06 
9.50000e+00 9.99951e-02 5.3 5.30026E+01 2.222113E+04 1.177778E+06 
9.75000e+00 9.99952e-02 5.3 5.300254E+01 2.222116E+04 1.177778E+06 
1.00000e+01 9.99952e-02 5.3 5.300254E+01 2.222116E+04 1.177778E+06 
1.02500e+01 9.99951e-02 5.3 5.30026E+01 2.222113E+04 1.177778E+06 
1.05000e+01 9.99950e-02 5.3 5.300265E+01 2.222111E+04 1.177778E+06 
1.07500e+01 9.99950e-02 5.3 5.300265E+01 2.222111E+04 1.177778E+06 
1.10000e+01 9.99951e-02 5.3 5.30026E+01 2.222113E+04 1.177778E+06 
1.12500e+01 9.99953e-02 5.3 5.300249E+01 2.222118E+04 1.177778E+06 
1.15000e+01 9.99953e-02 5.3 5.300249E+01 2.222118E+04 1.177778E+06 
1.17500e+01 9.99953e-02 5.3 5.300249E+01 2.222118E+04 1.177778E+06 
1.20000e+01 9.99952e-02 5.3 5.300254E+01 2.222116E+04 1.177778E+06 
1.22500e+01 9.99952e-02 5.3 5.300254E+01 2.222116E+04 1.177778E+06 
1.25000e+01 9.99953e-02 5.3 5.300249E+01 2.222118E+04 1.177778E+06 
1.27500e+01 9.99952e-02 5.3 5.300254E+01 2.222116E+04 1.177778E+06 
1.30000e+01 9.99952e-02 5.3 5.300254E+01 2.222116E+04 1.177778E+06 
1.32500e+01 9.99952e-02 5.3 5.300254E+01 2.222116E+04 1.177778E+06 
1.35000e+01 9.99954e-02 5.3 5.300244E+01 2.22212E+04 1.177778E+06 
1.37500e+01 9.99952e-02 5.3 5.300254E+01 2.222116E+04 1.177778E+06 
1.40000e+01 9.99952e-02 5.3 5.300254E+01 2.222116E+04 1.177778E+06 
1.42500e+01 9.99952e-02 5.3 5.300254E+01 2.222116E+04 1.177778E+06 
1.45000e+01 9.99952e-02 5.3 5.300254E+01 2.222116E+04 1.177778E+06 
1.47500e+01 9.99951e-02 5.3 5.30026E+01 2.222113E+04 1.177778E+06 
1.50000e+01 9.99951e-02 5.3 5.30026E+01 2.222113E+04 1.177778E+06 
1.52500e+01 9.99953e-02 5.3 5.300249E+01 2.222118E+04 1.177778E+06 
1.55000e+01 9.99954e-02 5.3 5.300244E+01 2.22212E+04 1.177778E+06 
1.57500e+01 9.99952e-02 5.3 5.300254E+01 2.222116E+04 1.177778E+06 
1.60000e+01 9.99954e-02 5.3 5.300244E+01 2.22212E+04 1.177778E+06 
1.62500e+01 9.99955e-02 5.3 5.300239E+01 2.222122E+04 1.177778E+06 
1.65000e+01 9.99957e-02 5.3 5.300228E+01 2.222127E+04 1.177778E+06 
1.67500e+01 9.99957e-02 5.3 5.300228E+01 2.222127E+04 1.177778E+06 
1.70000e+01 9.99957e-02 5.3 5.300228E+01 2.222127E+04 1.177778E+06 
1.72500e+01 9.99957e-02 5.3 5.300228E+01 2.222127E+04 1.177778E+06 
1.75000e+01 9.99957e-02 5.3 5.300228E+01 2.222127E+04 1.177778E+06 
1.77500e+01 9.99955e-02 5.3 5.300239E+01 2.222122E+04 1.177778E+06 
1.80000e+01 9.99955e-02 5.3 5.300239E+01 2.222122E+04 1.177778E+06 
1.82500e+01 9.99954e-02 5.3 5.300244E+01 2.22212E+04 1.177778E+06 
1.85000e+01 9.99954e-02 5.3 5.300244E+01 2.22212E+04 1.177778E+06 
1.87500e+01 9.99955e-02 5.3 5.300239E+01 2.222122E+04 1.177778E+06 
1.90000e+01 9.99954e-02 5.3 5.300244E+01 2.22212E+04 1.177778E+06 
1.92500e+01 9.99954e-02 5.3 5.300244E+01 2.22212E+04 1.177778E+06 
1.95000e+01 9.99952e-02 5.3 5.300254E+01 2.222116E+04 1.177778E+06 
1.97500e+01 9.99952e-02 5.3 5.300254E+01 2.222116E+04 1.177778E+06 
2.00000e+01 9.99952e-02 5.3 5.300254E+01 2.222116E+04 1.177778E+06 
2.02500e+01 9.99960e-02 5.3 5.300212E+01 2.222133E+04 1.177778E+06 
2.00000e+01 9.99953e-02 5.3 5.300249E+01 2.222118E+04 1.177778E+06 
1.97500e+01 9.99956e-02 5.3 5.300233E+01 2.222124E+04 1.177778E+06 
1.95000e+01 9.99955e-02 5.3 5.300239E+01 2.222122E+04 1.177778E+06 
1.92500e+01 9.99955e-02 5.3 5.300239E+01 2.222122E+04 1.177778E+06 
1.90000e+01 9.99956e-02 5.3 5.300233E+01 2.222124E+04 1.177778E+06 
1.87500e+01 9.99957e-02 5.3 5.300228E+01 2.222127E+04 1.177778E+06 
1.85000e+01 9.99955e-02 5.3 5.300239E+01 2.222122E+04 1.177778E+06 
1.82500e+01 9.99954e-02 5.3 5.300244E+01 2.22212E+04 1.177778E+06 
1.80000e+01 9.99953e-02 5.3 5.300249E+01 2.222118E+04 1.177778E+06 
1.77500e+01 9.99954e-02 5.3 5.300244E+01 2.22212E+04 1.177778E+06 
1.75000e+01 9.99954e-02 5.3 5.300244E+01 2.22212E+04 1.177778E+06 
1.72500e+01 9.99954e-02 5.3 5.300244E+01 2.22212E+04 1.177778E+06 
1.70000e+01 9.99954e-02 5.3 5.300244E+01 2.22212E+04 1.177778E+06 
1.67500e+01 9.99955e-02 5.3 5.300239E+01 2.222122E+04 1.177778E+06 
1.65000e+01 9.99955e-02 5.3 5.300239E+01 2.222122E+04 1.177778E+06 
1.62500e+01 9.99955e-02 5.3 5.300239E+01 2.222122E+04 1.177778E+06 
1.60000e+01 9.99955e-02 5.3 5.300239E+01 2.222122E+04 1.177778E+06 
1.57500e+01 9.99953e-02 5.3 5.300249E+01 2.222118E+04 1.177778E+06 
1.55000e+01 9.99953e-02 5.3 5.300249E+01 2.222118E+04 1.177778E+06 
1.52500e+01 9.99955e-02 5.3 5.300239E+01 2.222122E+04 1.177778E+06 
1.50000e+01 9.99956e-02 5.3 5.300233E+01 2.222124E+04 1.177778E+06 
1.47500e+01 9.99954e-02 5.3 5.300244E+01 2.22212E+04 1.177778E+06 
1.45000e+01 9.99952e-02 5.3 5.300254E+01 2.222116E+04 1.177778E+06 
1.42500e+01 9.99951e-02 5.3 5.30026E+01 2.222113E+04 1.177778E+06 
1.40000e+01 9.99952e-02 5.3 5.300254E+01 2.222116E+04 1.177778E+06 
1.37500e+01 9.99952e-02 5.3 5.300254E+01 2.222116E+04 1.177778E+06 
1.35000e+01 9.99952e-02 5.3 5.300254E+01 2.222116E+04 1.177778E+06 
1.32500e+01 9.99954e-02 5.3 5.300244E+01 2.22212E+04 1.177778E+06 
1.30000e+01 9.99952e-02 5.3 5.300254E+01 2.222116E+04 1.177778E+06 
1.27500e+01 9.99951e-02 5.3 5.30026E+01 2.222113E+04 1.177778E+06 
1.25000e+01 9.99951e-02 5.3 5.30026E+01 2.222113E+04 1.177778E+06 
1.22500e+01 9.99950e-02 5.3 5.300265E+01 2.222111E+04 1.177778E+06 
1.20000e+01 9.99951e-02 5.3 5.30026E+01 2.222113E+04 1.177778E+06 
1.17500e+01 9.99952e-02 5.3 5.300254E+01 2.222116E+04 1.177778E+06 
1.15000e+01 9.99952e-02 5.3 5.300254E+01 2.222116E+04 1.177778E+06 
1.12500e+01 9.99952e-02 5.3 5.300254E+01 2.222116E+04 1.177778E+06 
1.10000e+01 9.99952e-02 5.3 5.300254E+01 2.222116E+04 1.177778E+06 
1.07500e+01 9.99952e-02 5.3 5.300254E+01 2.222116E+04 1.177778E+06 
1.05000e+01 9.99953e-02 5.3 5.300249E+01 2.222118E+04 1.177778E+06 
1.02500e+01 9.99953e-02 5.3 5.300249E+01 2.222118E+04 1.177778E+06 
1.00000e+01 9.99953e-02 5.3 5.300249E+01 2.222118E+04 1.177778E+06 
9.75000e+00 9.99951e-02 5.3 5.30026E+01 2.222113E+04 1.177778E+06 
9.50000e+00 9.99950e-02 5.3 5.300265E+01 2.222111E+04 1.177778E+06 
9.25000e+00 9.99948e-02 5.3 5.300276E+01 2.222107E+04 1.177778E+06 
9.00000e+00 9.99948e-02 5.3 5.300276E+01 2.222107E+04 1.177778E+06 
8.75000e+00 9.76906e-02 5.3 5.425292E+01 2.170902E+04 1.177778E+06 
8.50000e+00 9.49784e-02 5.3 5.580216E+01 2.110631E+04 1.177778E+06 
8.25000e+00 9.22666e-02 5.3 5.744224E+01 2.050369E+04 1.177778E+06 
8.00000e+00 8.95651e-02 5.3 5.917483E+01 1.990336E+04 1.177778E+06 
7.75000e+00 8.68673e-02 5.3 6.10126E+01 1.930384E+04 1.177778E+06 
7.50000e+00 8.41706e-02 5.3 6.296735E+01 1.870458E+04 1.177778E+06 
7.25000e+00 8.14680e-02 5.3 6.505622E+01 1.8104E+04 1.177778E+06 
7.00000e+00 7.87615e-02 5.3 6.729176E+01 1.750256E+04 1.177778E+06 
6.75000e+00 7.60510e-02 5.3 6.969008E+01 1.690022E+04 1.177778E+06 
6.50000e+00 7.33375e-02 5.3 7.226862E+01 1.629722E+04 1.177778E+06 
6.25000e+00 7.06167e-02 5.3 7.505307E+01 1.56926E+04 1.177778E+06 
6.00000e+00 6.78870e-02 5.3 7.807091E+01 1.5086E+04 1.177778E+06 
5.75000e+00 6.51487e-02 5.3 8.135235E+01 1.447749E+04 1.177778E+06 
5.50000e+00 6.24043e-02 5.3 8.493004E+01 1.386762E+04 1.177778E+06 
5.25000e+00 5.96500e-02 5.3 8.885163E+01 1.325556E+04 1.177778E+06 
5.00000e+00 5.68881e-02 5.3 9.316535E+01 1.26418E+04 1.177778E+06 
4.75000e+00 5.41239e-02 5.3 9.792347E+01 1.202753E+04 1.177778E+06 
4.50000e+00 5.13452e-02 5.3 1.032229E+02 1.141004E+04 1.177778E+06 
4.25000e+00 4.85583e-02 5.3 1.091471E+02 1.079073E+04 1.177778E+06 
4.00000e+00 4.57662e-02 5.3 1.15806E+02 1.017027E+04 1.177778E+06 
3.75000e+00 4.29639e-02 5.3 1.233594E+02 9.547533E+03 1.177778E+06 
3.50000e+00 4.01525e-02 5.3 1.319968E+02 8.922778E+03 1.177778E+06 
3.25000e+00 3.73316e-02 5.3 1.419709E+02 8.295911E+03 1.177778E+06 
3.00000e+00 3.45030e-02 5.3 1.536098E+02 7.667333E+03 1.177778E+06 
2.75000e+00 3.16665e-02 5.3 1.673693E+02 7.037E+03 1.177778E+06 
2.50000e+00 2.88216e-02 5.3 1.838899E+02 6.4048E+03 1.177778E+06 
2.25000e+00 2.59729e-02 5.3 2.040588E+02 5.771756E+03 1.177778E+06 
2.00000e+00 2.31217e-02 5.3 2.292219E+02 5.138156E+03 1.177778E+06 
1.75000e+00 2.02545e-02 5.3 2.616702E+02 4.501E+03 1.177778E+06 
1.50000e+00 1.73803e-02 5.3 3.04943E+02 3.862289E+03 1.177778E+06 
1.25000e+00 1.44993e-02 5.3 3.655349E+02 3.222067E+03 1.177778E+06 
1.00000e+00 1.16112e-02 5.3 4.564558E+02 2.580267E+03 1.177778E+06 
7.50000e-01 8.71786e-03 5.3 6.079474E+02 1.937302E+03 1.177778E+06 
5.00000e-01 5.81861e-03 5.3 9.108705E+02 1.293024E+03 1.177778E+06 
2.50000e-01 2.91378e-03 5.3 1.818943E+03 6.475067E+02 1.177778E+06 
0.00000e+00 4.10001e-06 5.3 1.29268E+06 9.111133E-01 1.177778E+06 
