V(__) I(__) lux CurrC oeff. CurrA/m^-2. lux/m^-1
1.00000e+01 4.85718e-05 58.13 1.196785E+06 1.079373E+01 1.291778E+07 
1.00000e+01 5.16528e-05 58.13 1.125399E+06 1.14784E+01 1.291778E+07 
1.00000e+01 5.04560e-05 58.13 1.152093E+06 1.121244E+01 1.291778E+07 
1.00000e+01 4.81433e-05 58.13 1.207437E+06 1.069851E+01 1.291778E+07 
1.00000e+01 5.22786e-05 58.13 1.111927E+06 1.161747E+01 1.291778E+07 
1.00000e+01 5.07473e-05 58.13 1.14548E+06 1.127718E+01 1.291778E+07 
1.00000e+01 5.02350e-05 58.13 1.157161E+06 1.116333E+01 1.291778E+07 
1.00000e+01 4.95981e-05 58.13 1.172021E+06 1.10218E+01 1.291778E+07 
1.00000e+01 5.14672e-05 58.13 1.129457E+06 1.143716E+01 1.291778E+07 
1.00000e+01 5.00890e-05 58.13 1.160534E+06 1.113089E+01 1.291778E+07 
1.00000e+01 5.24347e-05 58.13 1.108617E+06 1.165216E+01 1.291778E+07 
      
