>>head<<V(__) 	 I(__) 	 lux 	 CurrC oeff. 	 CurrA/m^-2. 	 lux/m^-1
5.00000e+00	9.93888e-02 	 0 	 0E+00 	 2.20864E+04 	 0E+00
6.00000e+00	9.93665e-02 	 0 	 0E+00 	 2.208144E+04 	 0E+00
7.00000e+00	9.93799e-02 	 0 	 0E+00 	 2.208442E+04 	 0E+00
8.00000e+00	9.93874e-02 	 0 	 0E+00 	 2.208609E+04 	 0E+00
9.00000e+00	9.93768e-02 	 0 	 0E+00 	 2.208373E+04 	 0E+00
1.00000e+01	9.93687e-02 	 0 	 0E+00 	 2.208193E+04 	 0E+00
1.00000e+01	9.94027e-02 	 0 	 0E+00 	 2.208949E+04 	 0E+00
9.00000e+00	9.93907e-02 	 0 	 0E+00 	 2.208682E+04 	 0E+00
8.00000e+00	9.93956e-02 	 0 	 0E+00 	 2.208791E+04 	 0E+00
7.00000e+00	9.94004e-02 	 0 	 0E+00 	 2.208898E+04 	 0E+00
6.00000e+00	9.94177e-02 	 0 	 0E+00 	 2.209282E+04 	 0E+00
5.00000e+00	9.94025e-02 	 0 	 0E+00 	 2.208944E+04 	 0E+00
>>END<<
DATA: /home/user/PycharmProjects/OFET_K2636B_2019.10.15/data/OLED_00_oled_144.txt
