V(__) I(__) lux CurrC oeff. CurrA/m^-2. lux/m^-1
1.00000e+01 1.31536e-04 95.14 7.233001E+05 2.923022E+01 2.114222E+07 
1.00000e+01 1.39993e-04 95.14 6.796054E+05 3.110956E+01 2.114222E+07 
1.00000e+01 1.17280e-04 94.14 8.026944E+05 2.606222E+01 2.092E+07 
1.00000e+01 1.16337e-04 94.14 8.092009E+05 2.585267E+01 2.092E+07 
1.00000e+01 1.14593e-04 93.14 8.127896E+05 2.546511E+01 2.069778E+07 
1.00000e+01 1.13829e-04 93.14 8.182449E+05 2.529533E+01 2.069778E+07 
1.00000e+01 1.14046e-04 92.14 8.079196E+05 2.534356E+01 2.047556E+07 
1.00000e+01 1.14106e-04 92.14 8.074948E+05 2.535689E+01 2.047556E+07 
1.00000e+01 1.14540e-04 92.14 8.044351E+05 2.545333E+01 2.047556E+07 
1.00000e+01 1.17380e-04 91.14 7.764525E+05 2.608444E+01 2.025333E+07 
1.00000e+01 1.15909e-04 91.14 7.863065E+05 2.575756E+01 2.025333E+07 
1.00000e+01 1.15634e-04 91.14 7.881765E+05 2.569644E+01 2.025333E+07 
1.00000e+01 1.17696e-04 91.14 7.743679E+05 2.615467E+01 2.025333E+07 
1.00000e+01 1.15891e-04 90.14 7.777998E+05 2.575356E+01 2.003111E+07 
1.00000e+01 1.16476e-04 90.14 7.738933E+05 2.588356E+01 2.003111E+07 
1.00000e+01 1.18869e-04 90.14 7.583138E+05 2.641533E+01 2.003111E+07 
1.00000e+01 1.17311e-04 90.14 7.683849E+05 2.606911E+01 2.003111E+07 
1.00000e+01 1.18287e-04 90.14 7.620449E+05 2.6286E+01 2.003111E+07 
1.00000e+01 1.17814e-04 89.14 7.566164E+05 2.618089E+01 1.980889E+07 
1.00000e+01 1.19558e-04 89.14 7.455796E+05 2.656844E+01 1.980889E+07 
1.00000e+01 1.19335e-04 89.14 7.469728E+05 2.651889E+01 1.980889E+07 
1.00000e+01 1.21058e-04 89.14 7.363413E+05 2.690178E+01 1.980889E+07 
1.00000e+01 1.18997e-04 89.13 7.490105E+05 2.644378E+01 1.980667E+07 
1.00000e+01 1.22305e-04 88.13 7.205756E+05 2.717889E+01 1.958444E+07 
1.00000e+01 1.18354e-04 88.13 7.446305E+05 2.630089E+01 1.958444E+07 
1.00000e+01 1.19807e-04 88.13 7.355998E+05 2.662378E+01 1.958444E+07 
1.00000e+01 1.19564e-04 88.13 7.370948E+05 2.656978E+01 1.958444E+07 
1.00000e+01 1.19335e-04 88.13 7.385092E+05 2.651889E+01 1.958444E+07 
1.00000e+01 1.18896e-04 88.13 7.41236E+05 2.642133E+01 1.958444E+07 
1.00000e+01 1.23285e-04 87.13 7.067364E+05 2.739667E+01 1.936222E+07 
1.00000e+01 1.23768e-04 87.13 7.039784E+05 2.7504E+01 1.936222E+07 
1.00000e+01 1.21996e-04 87.13 7.142037E+05 2.711022E+01 1.936222E+07 
1.00000e+01 1.21205e-04 87.13 7.188647E+05 2.693444E+01 1.936222E+07 
1.00000e+01 1.20771e-04 87.13 7.21448E+05 2.6838E+01 1.936222E+07 
1.00000e+01 1.22125e-04 86.13 7.05261E+05 2.713889E+01 1.914E+07 
1.00000e+01 1.23002e-04 86.13 7.002325E+05 2.733378E+01 1.914E+07 
1.00000e+01 1.21965e-04 86.13 7.061862E+05 2.710333E+01 1.914E+07 
1.00000e+01 1.21498e-04 86.13 7.089006E+05 2.699956E+01 1.914E+07 
1.00000e+01 1.20908e-04 85.13 7.040891E+05 2.686844E+01 1.891778E+07 
1.00000e+01 1.20839e-04 85.13 7.044911E+05 2.685311E+01 1.891778E+07 
1.00000e+01 1.21876e-04 85.13 6.984968E+05 2.708356E+01 1.891778E+07 
1.00000e+01 1.26467e-04 85.13 6.7314E+05 2.810378E+01 1.891778E+07 
1.00000e+01 1.24293e-04 85.13 6.849139E+05 2.762067E+01 1.891778E+07 
1.00000e+01 1.18820e-04 84.13 7.080458E+05 2.640444E+01 1.869556E+07 
1.00000e+01 1.18709e-04 84.13 7.087078E+05 2.637978E+01 1.869556E+07 
1.00000e+01 1.20656e-04 84.13 6.972716E+05 2.681244E+01 1.869556E+07 
1.00000e+01 1.19715e-04 84.13 7.027524E+05 2.660333E+01 1.869556E+07 
1.00000e+01 1.19872e-04 83.13 6.934897E+05 2.663822E+01 1.847333E+07 
1.00000e+01 1.22679e-04 83.13 6.776221E+05 2.7262E+01 1.847333E+07 
1.00000e+01 1.25830e-04 85.14 6.766272E+05 2.796222E+01 1.892E+07 
1.00000e+01 1.26765e-04 90.17 7.113162E+05 2.817E+01 2.003778E+07 
1.00000e+01 1.22820e-04 92.18 7.505292E+05 2.729333E+01 2.048444E+07 
1.00000e+01 1.22226e-04 92.18 7.541767E+05 2.716133E+01 2.048444E+07 
1.00000e+01 1.23631e-04 92.18 7.456059E+05 2.747356E+01 2.048444E+07 
1.00000e+01 1.24460e-04 92.18 7.406396E+05 2.765778E+01 2.048444E+07 
1.00000e+01 1.27777e-04 49.7 3.889589E+05 2.839489E+01 1.104444E+07 
1.00000e+01 1.22955e-04 49.7 4.042129E+05 2.732333E+01 1.104444E+07 
1.00000e+01 1.22916e-04 49.7 4.043412E+05 2.731467E+01 1.104444E+07 
1.00000e+01 1.22375e-04 49.7 4.061287E+05 2.719444E+01 1.104444E+07 
1.00000e+01 1.21550e-04 49.7 4.088852E+05 2.701111E+01 1.104444E+07 
      
