dt(__) I(__) lux CurrCoeff. CurrA/m^-2. lux/m^-1
4.50000e-05 1.94564e-05 0 0E+00 4.323644E+00 0E+00
7.06250e-02 1.94060e-05 0 0E+00 4.312444E+00 0E+00
1.41163e-01 1.93469e-05 0 0E+00 4.299311E+00 0E+00
2.11692e-01 1.93052e-05 0 0E+00 4.290044E+00 0E+00
2.82212e-01 1.92692e-05 0 0E+00 4.282044E+00 0E+00
3.52728e-01 1.92312e-05 0 0E+00 4.2736E+00 0E+00
4.23235e-01 1.91990e-05 0 0E+00 4.266444E+00 0E+00
4.93745e-01 1.91661e-05 0 0E+00 4.259133E+00 0E+00
5.64257e-01 1.91372e-05 0 0E+00 4.252711E+00 0E+00
6.34754e-01 1.91085e-05 0 0E+00 4.246333E+00 0E+00
7.05250e-01 1.90821e-05 0 0E+00 4.240467E+00 0E+00
7.75758e-01 1.90565e-05 0 0E+00 4.234778E+00 0E+00
8.46251e-01 1.90290e-05 0 0E+00 4.228667E+00 0E+00
9.16754e-01 1.90036e-05 0 0E+00 4.223022E+00 0E+00
9.87257e-01 1.89806e-05 0 0E+00 4.217911E+00 0E+00
1.05777e+00 1.89556e-05 0 0E+00 4.212356E+00 0E+00
1.12826e+00 1.89311e-05 0 0E+00 4.206911E+00 0E+00
1.19877e+00 1.89109e-05 0 0E+00 4.202422E+00 0E+00
1.26926e+00 1.88880e-05 0 0E+00 4.197333E+00 0E+00
1.33976e+00 1.88657e-05 0 0E+00 4.192378E+00 0E+00
1.41027e+00 1.88437e-05 0 0E+00 4.187489E+00 0E+00
1.48077e+00 1.88218e-05 0 0E+00 4.182622E+00 0E+00
1.55128e+00 1.87986e-05 0 0E+00 4.177467E+00 0E+00
1.62179e+00 1.87777e-05 0 0E+00 4.172822E+00 0E+00
1.69230e+00 1.87589e-05 0 0E+00 4.168644E+00 0E+00
1.76281e+00 1.87381e-05 0 0E+00 4.164022E+00 0E+00
1.83332e+00 1.87165e-05 0 0E+00 4.159222E+00 0E+00
1.90387e+00 1.86972e-05 0 0E+00 4.154933E+00 0E+00
1.97450e+00 1.86778e-05 0 0E+00 4.150622E+00 0E+00
2.04513e+00 1.86605e-05 0 0E+00 4.146778E+00 0E+00
2.11571e+00 1.86437e-05 0 0E+00 4.143044E+00 0E+00
2.18633e+00 1.86274e-05 0 0E+00 4.139422E+00 0E+00
2.25695e+00 1.86104e-05 0 0E+00 4.135644E+00 0E+00
2.32757e+00 1.85922e-05 0 0E+00 4.1316E+00 0E+00
2.39817e+00 1.85738e-05 0 0E+00 4.127511E+00 0E+00
2.46877e+00 1.85592e-05 0 0E+00 4.124267E+00 0E+00
2.53937e+00 1.85386e-05 0 0E+00 4.119689E+00 0E+00
2.60997e+00 1.85243e-05 0 0E+00 4.116511E+00 0E+00
2.68058e+00 1.85064e-05 0 0E+00 4.112533E+00 0E+00
2.75118e+00 1.84939e-05 0 0E+00 4.109756E+00 0E+00
2.82176e+00 1.84756e-05 0 0E+00 4.105689E+00 0E+00
2.89236e+00 1.83112e-05 0 0E+00 4.069156E+00 0E+00
2.96298e+00 1.77792e-05 0 0E+00 3.950933E+00 0E+00
3.03359e+00 1.78937e-05 0 0E+00 3.976378E+00 0E+00
3.10417e+00 1.83777e-05 0 0E+00 4.083933E+00 0E+00
3.17477e+00 1.83732e-05 0 0E+00 4.082933E+00 0E+00
3.24539e+00 1.83664e-05 0 0E+00 4.081422E+00 0E+00
3.31599e+00 1.83561e-05 0 0E+00 4.079133E+00 0E+00
3.38660e+00 1.83403e-05 0 0E+00 4.075622E+00 0E+00
3.45721e+00 1.83250e-05 0 0E+00 4.072222E+00 0E+00
3.52784e+00 1.83110e-05 0 0E+00 4.069111E+00 0E+00
3.59843e+00 1.82973e-05 0 0E+00 4.066067E+00 0E+00
3.66905e+00 1.82818e-05 0 0E+00 4.062622E+00 0E+00
3.73960e+00 1.82672e-05 0 0E+00 4.059378E+00 0E+00
3.81026e+00 1.82543e-05 0 0E+00 4.056511E+00 0E+00
3.88087e+00 1.82451e-05 0 0E+00 4.054467E+00 0E+00
3.95145e+00 1.82318e-05 0 0E+00 4.051511E+00 0E+00
4.02209e+00 1.82211e-05 0 0E+00 4.049133E+00 0E+00
4.09270e+00 1.82024e-05 0 0E+00 4.044978E+00 0E+00
4.16331e+00 1.81879e-05 0 0E+00 4.041756E+00 0E+00
4.23393e+00 1.81751e-05 0 0E+00 4.038911E+00 0E+00
4.30453e+00 1.81625e-05 0 0E+00 4.036111E+00 0E+00
4.37513e+00 1.81465e-05 0 0E+00 4.032556E+00 0E+00
4.44571e+00 1.81339e-05 0 0E+00 4.029756E+00 0E+00
4.51633e+00 1.81224e-05 0 0E+00 4.0272E+00 0E+00
4.58692e+00 1.81081e-05 0 0E+00 4.024022E+00 0E+00
4.65754e+00 1.80962e-05 0 0E+00 4.021378E+00 0E+00
4.72814e+00 1.80843e-05 0 0E+00 4.018733E+00 0E+00
4.79873e+00 1.80727e-05 0 0E+00 4.016156E+00 0E+00
4.86934e+00 1.80599e-05 0 0E+00 4.013311E+00 0E+00
4.93993e+00 1.80479e-05 0 0E+00 4.010644E+00 0E+00
5.01054e+00 1.80362e-05 0 0E+00 4.008044E+00 0E+00
5.08118e+00 1.80225e-05 0 0E+00 4.005E+00 0E+00
5.15179e+00 1.80112e-05 0 0E+00 4.002489E+00 0E+00
5.22239e+00 1.80001e-05 0 0E+00 4.000022E+00 0E+00
5.29302e+00 1.79900e-05 0 0E+00 3.997778E+00 0E+00
5.36360e+00 1.79791e-05 0 0E+00 3.995356E+00 0E+00
5.43422e+00 1.79679e-05 0 0E+00 3.992867E+00 0E+00
5.50484e+00 1.79564e-05 0 0E+00 3.990311E+00 0E+00
5.57546e+00 1.79475e-05 0 0E+00 3.988333E+00 0E+00
5.64607e+00 1.79360e-05 0 0E+00 3.985778E+00 0E+00
5.71666e+00 1.79242e-05 0 0E+00 3.983156E+00 0E+00
5.78728e+00 1.79132e-05 0 0E+00 3.980711E+00 0E+00
5.85787e+00 1.79029e-05 0 0E+00 3.978422E+00 0E+00
5.92849e+00 1.78931e-05 0 0E+00 3.976244E+00 0E+00
5.99909e+00 1.78819e-05 0 0E+00 3.973756E+00 0E+00
6.06971e+00 1.78718e-05 0 0E+00 3.971511E+00 0E+00
6.14032e+00 1.78609e-05 0 0E+00 3.969089E+00 0E+00
6.21094e+00 1.78497e-05 0 0E+00 3.9666E+00 0E+00
6.28155e+00 1.78389e-05 0 0E+00 3.9642E+00 0E+00
6.35217e+00 1.78300e-05 0 0E+00 3.962222E+00 0E+00
6.42276e+00 1.78197e-05 0 0E+00 3.959933E+00 0E+00
6.49337e+00 1.78114e-05 0 0E+00 3.958089E+00 0E+00
6.56399e+00 1.78029e-05 0 0E+00 3.9562E+00 0E+00
6.63460e+00 1.77936e-05 0 0E+00 3.954133E+00 0E+00
6.70521e+00 1.77844e-05 0 0E+00 3.952089E+00 0E+00
6.77582e+00 1.77749e-05 0 0E+00 3.949978E+00 0E+00
6.84640e+00 1.77653e-05 0 0E+00 3.947844E+00 0E+00
6.91699e+00 1.77543e-05 0 0E+00 3.9454E+00 0E+00
6.98759e+00 1.77449e-05 0 0E+00 3.943311E+00 0E+00
7.05821e+00 1.77349e-05 0 0E+00 3.941089E+00 0E+00
7.12884e+00 1.77257e-05 0 0E+00 3.939044E+00 0E+00
7.19945e+00 1.77159e-05 0 0E+00 3.936867E+00 0E+00
7.27006e+00 1.77055e-05 0 0E+00 3.934556E+00 0E+00
7.34066e+00 1.76962e-05 0 0E+00 3.932489E+00 0E+00
7.41125e+00 1.76874e-05 0 0E+00 3.930533E+00 0E+00
7.48188e+00 1.76773e-05 0 0E+00 3.928289E+00 0E+00
7.55247e+00 1.76700e-05 0 0E+00 3.926667E+00 0E+00
7.62309e+00 1.76592e-05 0 0E+00 3.924267E+00 0E+00
7.69368e+00 1.76485e-05 0 0E+00 3.921889E+00 0E+00
7.76428e+00 1.76410e-05 0 0E+00 3.920222E+00 0E+00
7.83489e+00 1.76315e-05 0 0E+00 3.918111E+00 0E+00
7.90550e+00 1.76222e-05 0 0E+00 3.916044E+00 0E+00
7.97606e+00 1.76130e-05 0 0E+00 3.914E+00 0E+00
8.04667e+00 1.76035e-05 0 0E+00 3.911889E+00 0E+00
8.11727e+00 1.75934e-05 0 0E+00 3.909644E+00 0E+00
8.18790e+00 1.75851e-05 0 0E+00 3.9078E+00 0E+00
8.25852e+00 1.75754e-05 0 0E+00 3.905644E+00 0E+00
8.32912e+00 1.75673e-05 0 0E+00 3.903844E+00 0E+00
8.39974e+00 1.75604e-05 0 0E+00 3.902311E+00 0E+00
8.47035e+00 1.75537e-05 0 0E+00 3.900822E+00 0E+00
8.54094e+00 1.75419e-05 0 0E+00 3.8982E+00 0E+00
8.61155e+00 1.75314e-05 0 0E+00 3.895867E+00 0E+00
8.68217e+00 1.75247e-05 0 0E+00 3.894378E+00 0E+00
8.75278e+00 1.75149e-05 0 0E+00 3.8922E+00 0E+00
8.82337e+00 1.75066e-05 0 0E+00 3.890356E+00 0E+00
8.89398e+00 1.74978e-05 0 0E+00 3.8884E+00 0E+00
8.96460e+00 1.74898e-05 0 0E+00 3.886622E+00 0E+00
9.03522e+00 1.74816e-05 0 0E+00 3.8848E+00 0E+00
9.10582e+00 1.74737e-05 0 0E+00 3.883044E+00 0E+00
9.17644e+00 1.74649e-05 0 0E+00 3.881089E+00 0E+00
9.24703e+00 1.74581e-05 0 0E+00 3.879578E+00 0E+00
9.31761e+00 1.74495e-05 0 0E+00 3.877667E+00 0E+00
9.38821e+00 1.74430e-05 0 0E+00 3.876222E+00 0E+00
9.45883e+00 1.74353e-05 0 0E+00 3.874511E+00 0E+00
9.52945e+00 1.74274e-05 0 0E+00 3.872756E+00 0E+00
9.60004e+00 1.74201e-05 0 0E+00 3.871133E+00 0E+00
9.67064e+00 1.74129e-05 0 0E+00 3.869533E+00 0E+00
9.74126e+00 1.74052e-05 0 0E+00 3.867822E+00 0E+00
9.81187e+00 1.73998e-05 0 0E+00 3.866622E+00 0E+00
9.88251e+00 1.73920e-05 0 0E+00 3.864889E+00 0E+00
9.95312e+00 1.73841e-05 0 0E+00 3.863133E+00 0E+00
1.00237e+01 1.73759e-05 0 0E+00 3.861311E+00 0E+00
1.00943e+01 1.73687e-05 0 0E+00 3.859711E+00 0E+00
1.01649e+01 1.73604e-05 0 0E+00 3.857867E+00 0E+00
1.02356e+01 1.73531e-05 0 0E+00 3.856244E+00 0E+00
1.03062e+01 1.73457e-05 0 0E+00 3.8546E+00 0E+00
1.03768e+01 1.73394e-05 0 0E+00 3.8532E+00 0E+00
1.04474e+01 1.73338e-05 0 0E+00 3.851956E+00 0E+00
1.05180e+01 1.73272e-05 0 0E+00 3.850489E+00 0E+00
1.05886e+01 1.73199e-05 0 0E+00 3.848867E+00 0E+00
1.06592e+01 1.73135e-05 0 0E+00 3.847444E+00 0E+00
1.07298e+01 1.73076e-05 0 0E+00 3.846133E+00 0E+00
1.08004e+01 1.72998e-05 0 0E+00 3.8444E+00 0E+00
1.08711e+01 1.72939e-05 0 0E+00 3.843089E+00 0E+00
1.09417e+01 1.72869e-05 0 0E+00 3.841533E+00 0E+00
1.10123e+01 1.72796e-05 0 0E+00 3.839911E+00 0E+00
1.10831e+01 1.72735e-05 0 0E+00 3.838556E+00 0E+00
1.11537e+01 1.72649e-05 0 0E+00 3.836644E+00 0E+00
1.12243e+01 1.72574e-05 0 0E+00 3.834978E+00 0E+00
1.12949e+01 1.72509e-05 0 0E+00 3.833533E+00 0E+00
1.13655e+01 1.72425e-05 0 0E+00 3.831667E+00 0E+00
1.14362e+01 1.72349e-05 0 0E+00 3.829978E+00 0E+00
1.15068e+01 1.72297e-05 0 0E+00 3.828822E+00 0E+00
1.15774e+01 1.72238e-05 0 0E+00 3.827511E+00 0E+00
1.16480e+01 1.72159e-05 0 0E+00 3.825756E+00 0E+00
1.17186e+01 1.72070e-05 0 0E+00 3.823778E+00 0E+00
1.17892e+01 1.72002e-05 0 0E+00 3.822267E+00 0E+00
1.18598e+01 1.71945e-05 0 0E+00 3.821E+00 0E+00
1.19305e+01 1.71756e-05 0 0E+00 3.8168E+00 0E+00
1.20011e+01 1.71648e-05 0 0E+00 3.8144E+00 0E+00
1.20717e+01 1.19575e-05 0 0E+00 2.657222E+00 0E+00
1.21423e+01 1.14598e-05 0 0E+00 2.546622E+00 0E+00
1.22129e+01 1.39855e-05 0 0E+00 3.107889E+00 0E+00
1.22835e+01 1.48169e-05 0 0E+00 3.292644E+00 0E+00
1.23541e+01 1.42594e-05 0 0E+00 3.168756E+00 0E+00
1.24247e+01 1.41962e-05 0 0E+00 3.154711E+00 0E+00
1.24953e+01 1.41922e-05 0 0E+00 3.153822E+00 0E+00
1.25659e+01 1.60521e-05 0 0E+00 3.567133E+00 0E+00
1.26365e+01 1.64883e-05 0 0E+00 3.664067E+00 0E+00
1.27071e+01 1.66642e-05 0 0E+00 3.703156E+00 0E+00
1.27777e+01 1.66919e-05 0 0E+00 3.709311E+00 0E+00
1.28483e+01 1.68529e-05 0 0E+00 3.745089E+00 0E+00
1.29189e+01 1.68282e-05 0 0E+00 3.7396E+00 0E+00
1.29896e+01 1.67873e-05 0 0E+00 3.730511E+00 0E+00
1.30601e+01 1.67705e-05 0 0E+00 3.726778E+00 0E+00
1.31308e+01 1.68124e-05 0 0E+00 3.736089E+00 0E+00
1.32013e+01 1.68089e-05 0 0E+00 3.735311E+00 0E+00
1.32719e+01 1.67767e-05 0 0E+00 3.728156E+00 0E+00
1.33425e+01 1.67747e-05 0 0E+00 3.727711E+00 0E+00
1.34131e+01 1.67672e-05 0 0E+00 3.726044E+00 0E+00
1.34838e+01 1.67590e-05 0 0E+00 3.724222E+00 0E+00
1.35544e+01 1.67546e-05 0 0E+00 3.723244E+00 0E+00
1.36250e+01 1.67663e-05 0 0E+00 3.725844E+00 0E+00
1.36956e+01 1.67650e-05 0 0E+00 3.725556E+00 0E+00
1.37662e+01 1.67696e-05 0 0E+00 3.726578E+00 0E+00
1.38368e+01 1.67884e-05 0 0E+00 3.730756E+00 0E+00
1.39074e+01 1.67869e-05 0 0E+00 3.730422E+00 0E+00
1.39781e+01 1.68162e-05 0 0E+00 3.736933E+00 0E+00
1.40487e+01 1.68043e-05 0 0E+00 3.734289E+00 0E+00
1.41193e+01 1.67934e-05 0 0E+00 3.731867E+00 0E+00
1.41899e+01 1.67997e-05 0 0E+00 3.733267E+00 0E+00
1.42605e+01 1.68046e-05 0 0E+00 3.734356E+00 0E+00
1.43311e+01 1.67946e-05 0 0E+00 3.732133E+00 0E+00
1.44018e+01 1.67907e-05 0 0E+00 3.731267E+00 0E+00
1.44723e+01 1.67874e-05 0 0E+00 3.730533E+00 0E+00
1.45429e+01 1.67848e-05 0 0E+00 3.729956E+00 0E+00
1.46136e+01 1.67887e-05 0 0E+00 3.730822E+00 0E+00
1.46842e+01 1.67879e-05 0 0E+00 3.730644E+00 0E+00
1.47548e+01 1.67858e-05 0 0E+00 3.730178E+00 0E+00
1.48254e+01 1.67742e-05 0 0E+00 3.7276E+00 0E+00
1.48960e+01 1.67715e-05 0 0E+00 3.727E+00 0E+00
1.49666e+01 1.67658e-05 0 0E+00 3.725733E+00 0E+00
1.50775e+01 1.67548e-05 0 0E+00 3.723289E+00 0E+00
1.51481e+01 1.67496e-05 0 0E+00 3.722133E+00 0E+00
1.52187e+01 1.67448e-05 0 0E+00 3.721067E+00 0E+00
1.52894e+01 1.67418e-05 0 0E+00 3.7204E+00 0E+00
1.53600e+01 1.67313e-05 0 0E+00 3.718067E+00 0E+00
1.54306e+01 1.67300e-05 0 0E+00 3.717778E+00 0E+00
1.55012e+01 1.67268e-05 0 0E+00 3.717067E+00 0E+00
1.55718e+01 1.67200e-05 0 0E+00 3.715556E+00 0E+00
1.56424e+01 1.67211e-05 0 0E+00 3.7158E+00 0E+00
1.57130e+01 1.67216e-05 0 0E+00 3.715911E+00 0E+00
1.57837e+01 1.67166e-05 0 0E+00 3.7148E+00 0E+00
1.58543e+01 1.67099e-05 0 0E+00 3.713311E+00 0E+00
1.59249e+01 1.67053e-05 0 0E+00 3.712289E+00 0E+00
1.59955e+01 1.66975e-05 0 0E+00 3.710556E+00 0E+00
1.60661e+01 1.66810e-05 0 0E+00 3.706889E+00 0E+00
1.61367e+01 1.66686e-05 0 0E+00 3.704133E+00 0E+00
1.62074e+01 1.66734e-05 0 0E+00 3.7052E+00 0E+00
1.62780e+01 1.66811e-05 0 0E+00 3.706911E+00 0E+00
1.63486e+01 1.66750e-05 0 0E+00 3.705556E+00 0E+00
1.64192e+01 1.66699e-05 0 0E+00 3.704422E+00 0E+00
1.64898e+01 1.66631e-05 0 0E+00 3.702911E+00 0E+00
1.65603e+01 1.66421e-05 0 0E+00 3.698244E+00 0E+00
1.66308e+01 1.66347e-05 0 0E+00 3.6966E+00 0E+00
1.67013e+01 1.66269e-05 0 0E+00 3.694867E+00 0E+00
1.67719e+01 1.66259e-05 0 0E+00 3.694644E+00 0E+00
1.68425e+01 1.66249e-05 0 0E+00 3.694422E+00 0E+00
1.69131e+01 1.66200e-05 0 0E+00 3.693333E+00 0E+00
1.69837e+01 1.66124e-05 0 0E+00 3.691644E+00 0E+00
1.70543e+01 1.66099e-05 0 0E+00 3.691089E+00 0E+00
1.71249e+01 1.66076e-05 0 0E+00 3.690578E+00 0E+00
1.71956e+01 1.65982e-05 0 0E+00 3.688489E+00 0E+00
1.72662e+01 1.65957e-05 0 0E+00 3.687933E+00 0E+00
1.73368e+01 1.65934e-05 0 0E+00 3.687422E+00 0E+00
1.74074e+01 1.65902e-05 0 0E+00 3.686711E+00 0E+00
1.74780e+01 1.65816e-05 0 0E+00 3.6848E+00 0E+00
1.75486e+01 1.65760e-05 0 0E+00 3.683556E+00 0E+00
1.76192e+01 1.65495e-05 0 0E+00 3.677667E+00 0E+00
1.76899e+01 1.65363e-05 0 0E+00 3.674733E+00 0E+00
1.77605e+01 1.65345e-05 0 0E+00 3.674333E+00 0E+00
1.78311e+01 1.65326e-05 0 0E+00 3.673911E+00 0E+00
1.79017e+01 1.65320e-05 0 0E+00 3.673778E+00 0E+00
1.79723e+01 1.65259e-05 0 0E+00 3.672422E+00 0E+00
1.80429e+01 1.65192e-05 0 0E+00 3.670933E+00 0E+00
1.81135e+01 1.65138e-05 0 0E+00 3.669733E+00 0E+00
1.81841e+01 1.65112e-05 0 0E+00 3.669156E+00 0E+00
1.82547e+01 1.65075e-05 0 0E+00 3.668333E+00 0E+00
1.83254e+01 1.65013e-05 0 0E+00 3.666956E+00 0E+00
1.83960e+01 1.64824e-05 0 0E+00 3.662756E+00 0E+00
1.84666e+01 1.64783e-05 0 0E+00 3.661844E+00 0E+00
1.85372e+01 1.64739e-05 0 0E+00 3.660867E+00 0E+00
1.86078e+01 1.64690e-05 0 0E+00 3.659778E+00 0E+00
1.86785e+01 1.64696e-05 0 0E+00 3.659911E+00 0E+00
1.87491e+01 1.64679e-05 0 0E+00 3.659533E+00 0E+00
1.88197e+01 1.64603e-05 0 0E+00 3.657844E+00 0E+00
1.88903e+01 1.64547e-05 0 0E+00 3.6566E+00 0E+00
1.89609e+01 1.64523e-05 0 0E+00 3.656067E+00 0E+00
1.90315e+01 1.64410e-05 0 0E+00 3.653556E+00 0E+00
1.91021e+01 1.64366e-05 0 0E+00 3.652578E+00 0E+00
1.91728e+01 1.64299e-05 0 0E+00 3.651089E+00 0E+00
1.92434e+01 1.64292e-05 0 0E+00 3.650933E+00 0E+00
1.93140e+01 1.64188e-05 0 0E+00 3.648622E+00 0E+00
1.93846e+01 1.64140e-05 0 0E+00 3.647556E+00 0E+00
1.94552e+01 1.64207e-05 0 0E+00 3.649044E+00 0E+00
1.95258e+01 1.64187e-05 0 0E+00 3.6486E+00 0E+00
1.95964e+01 1.64107e-05 0 0E+00 3.646822E+00 0E+00
1.96671e+01 1.64022e-05 0 0E+00 3.644933E+00 0E+00
1.97377e+01 1.63743e-05 0 0E+00 3.638733E+00 0E+00
1.98083e+01 1.63721e-05 0 0E+00 3.638244E+00 0E+00
1.98789e+01 1.63695e-05 0 0E+00 3.637667E+00 0E+00
1.99495e+01 1.63651e-05 0 0E+00 3.636689E+00 0E+00
2.00201e+01 1.63620e-05 0 0E+00 3.636E+00 0E+00
2.00907e+01 1.63562e-05 0 0E+00 3.634711E+00 0E+00
2.01613e+01 1.63552e-05 0 0E+00 3.634489E+00 0E+00
2.02320e+01 1.63506e-05 0 0E+00 3.633467E+00 0E+00
2.03026e+01 1.63488e-05 0 0E+00 3.633067E+00 0E+00
2.03732e+01 1.63408e-05 0 0E+00 3.631289E+00 0E+00
2.04438e+01 1.63295e-05 0 0E+00 3.628778E+00 0E+00
2.05144e+01 1.63220e-05 0 0E+00 3.627111E+00 0E+00
2.05851e+01 1.63241e-05 0 0E+00 3.627578E+00 0E+00
2.06557e+01 1.63218e-05 0 0E+00 3.627067E+00 0E+00
2.07263e+01 1.63257e-05 0 0E+00 3.627933E+00 0E+00
2.07969e+01 1.63219e-05 0 0E+00 3.627089E+00 0E+00
2.08675e+01 1.63130e-05 0 0E+00 3.625111E+00 0E+00
2.09381e+01 1.63073e-05 0 0E+00 3.623844E+00 0E+00
2.10087e+01 1.63020e-05 0 0E+00 3.622667E+00 0E+00
2.10793e+01 1.62939e-05 0 0E+00 3.620867E+00 0E+00
2.11499e+01 1.63157e-05 0 0E+00 3.625711E+00 0E+00
2.12205e+01 1.63245e-05 0 0E+00 3.627667E+00 0E+00
2.12912e+01 1.63188e-05 0 0E+00 3.6264E+00 0E+00
2.13618e+01 1.63147e-05 0 0E+00 3.625489E+00 0E+00
2.14324e+01 1.62977e-05 0 0E+00 3.621711E+00 0E+00
2.15030e+01 1.63121e-05 0 0E+00 3.624911E+00 0E+00
2.15736e+01 1.63101e-05 0 0E+00 3.624467E+00 0E+00
2.16443e+01 1.63081e-05 0 0E+00 3.624022E+00 0E+00
2.17149e+01 1.63060e-05 0 0E+00 3.623556E+00 0E+00
2.17855e+01 1.63008e-05 0 0E+00 3.6224E+00 0E+00
2.18561e+01 1.62954e-05 0 0E+00 3.6212E+00 0E+00
2.19267e+01 1.62913e-05 0 0E+00 3.620289E+00 0E+00
2.19973e+01 1.62878e-05 0 0E+00 3.619511E+00 0E+00
2.20680e+01 1.62902e-05 0 0E+00 3.620044E+00 0E+00
2.21386e+01 1.62833e-05 0 0E+00 3.618511E+00 0E+00
2.22092e+01 1.62795e-05 0 0E+00 3.617667E+00 0E+00
2.22798e+01 1.62764e-05 0 0E+00 3.616978E+00 0E+00
2.23504e+01 1.62692e-05 0 0E+00 3.615378E+00 0E+00
2.24210e+01 1.62623e-05 0 0E+00 3.613844E+00 0E+00
2.24916e+01 1.62602e-05 0 0E+00 3.613378E+00 0E+00
2.25623e+01 1.62556e-05 0 0E+00 3.612356E+00 0E+00
2.26328e+01 1.62503e-05 0 0E+00 3.611178E+00 0E+00
2.27034e+01 1.62459e-05 0 0E+00 3.6102E+00 0E+00
2.27741e+01 1.62430e-05 0 0E+00 3.609556E+00 0E+00
2.28447e+01 1.62379e-05 0 0E+00 3.608422E+00 0E+00
2.29153e+01 1.62303e-05 0 0E+00 3.606733E+00 0E+00
2.29860e+01 1.62254e-05 0 0E+00 3.605644E+00 0E+00
2.30566e+01 1.62190e-05 0 0E+00 3.604222E+00 0E+00
2.31272e+01 1.62146e-05 0 0E+00 3.603244E+00 0E+00
2.31978e+01 1.62118e-05 0 0E+00 3.602622E+00 0E+00
2.32684e+01 1.62105e-05 0 0E+00 3.602333E+00 0E+00
2.33391e+01 1.62048e-05 0 0E+00 3.601067E+00 0E+00
2.34097e+01 1.61966e-05 0 0E+00 3.599244E+00 0E+00
2.34803e+01 1.61891e-05 0 0E+00 3.597578E+00 0E+00
2.35509e+01 1.61876e-05 0 0E+00 3.597244E+00 0E+00
2.36215e+01 1.61762e-05 0 0E+00 3.594711E+00 0E+00
2.36921e+01 1.61690e-05 0 0E+00 3.593111E+00 0E+00
2.37628e+01 1.61595e-05 0 0E+00 3.591E+00 0E+00
2.38335e+01 1.61539e-05 0 0E+00 3.589756E+00 0E+00
2.39041e+01 1.61558e-05 0 0E+00 3.590178E+00 0E+00
2.39747e+01 1.61584e-05 0 0E+00 3.590756E+00 0E+00
2.40453e+01 1.61512e-05 0 0E+00 3.589156E+00 0E+00
2.41159e+01 1.61486e-05 0 0E+00 3.588578E+00 0E+00
2.41866e+01 1.61484e-05 0 0E+00 3.588533E+00 0E+00
2.42572e+01 1.61482e-05 0 0E+00 3.588489E+00 0E+00
2.43278e+01 1.61421e-05 0 0E+00 3.587133E+00 0E+00
2.43984e+01 1.61272e-05 0 0E+00 3.583822E+00 0E+00
2.44690e+01 1.61290e-05 0 0E+00 3.584222E+00 0E+00
2.45396e+01 1.61180e-05 0 0E+00 3.581778E+00 0E+00
2.46102e+01 1.61163e-05 0 0E+00 3.5814E+00 0E+00
2.46808e+01 1.61079e-05 0 0E+00 3.579533E+00 0E+00
2.47515e+01 1.61114e-05 0 0E+00 3.580311E+00 0E+00
2.48221e+01 1.61079e-05 0 0E+00 3.579533E+00 0E+00
2.48927e+01 1.61052e-05 0 0E+00 3.578933E+00 0E+00
2.49633e+01 1.61004e-05 0 0E+00 3.577867E+00 0E+00
2.50339e+01 1.60897e-05 0 0E+00 3.575489E+00 0E+00
2.51045e+01 1.60885e-05 0 0E+00 3.575222E+00 0E+00
2.51752e+01 1.60830e-05 0 0E+00 3.574E+00 0E+00
2.52457e+01 1.60807e-05 0 0E+00 3.573489E+00 0E+00
2.53164e+01 1.60756e-05 0 0E+00 3.572356E+00 0E+00
2.53870e+01 1.60693e-05 0 0E+00 3.570956E+00 0E+00
2.54576e+01 1.60621e-05 0 0E+00 3.569356E+00 0E+00
2.55282e+01 1.60600e-05 0 0E+00 3.568889E+00 0E+00
2.55988e+01 1.60542e-05 0 0E+00 3.5676E+00 0E+00
2.56694e+01 1.60490e-05 0 0E+00 3.566444E+00 0E+00
2.57400e+01 1.60446e-05 0 0E+00 3.565467E+00 0E+00
2.58107e+01 1.60417e-05 0 0E+00 3.564822E+00 0E+00
2.58813e+01 1.60358e-05 0 0E+00 3.563511E+00 0E+00
2.59519e+01 1.60305e-05 0 0E+00 3.562333E+00 0E+00
2.60225e+01 1.60342e-05 0 0E+00 3.563156E+00 0E+00
2.60931e+01 1.60291e-05 0 0E+00 3.562022E+00 0E+00
2.61637e+01 1.60262e-05 0 0E+00 3.561378E+00 0E+00
2.62344e+01 1.60203e-05 0 0E+00 3.560067E+00 0E+00
2.63050e+01 1.60181e-05 0 0E+00 3.559578E+00 0E+00
2.63756e+01 1.60172e-05 0 0E+00 3.559378E+00 0E+00
2.64462e+01 1.60150e-05 0 0E+00 3.558889E+00 0E+00
2.65169e+01 1.60127e-05 0 0E+00 3.558378E+00 0E+00
2.65875e+01 1.60098e-05 0 0E+00 3.557733E+00 0E+00
2.66581e+01 1.60059e-05 0 0E+00 3.556867E+00 0E+00
2.67287e+01 1.60019e-05 0 0E+00 3.555978E+00 0E+00
2.67993e+01 1.59992e-05 0 0E+00 3.555378E+00 0E+00
2.68699e+01 1.59948e-05 0 0E+00 3.5544E+00 0E+00
2.69405e+01 1.59911e-05 0 0E+00 3.553578E+00 0E+00
2.70111e+01 1.59891e-05 0 0E+00 3.553133E+00 0E+00
2.70818e+01 1.59820e-05 0 0E+00 3.551556E+00 0E+00
2.71524e+01 1.59772e-05 0 0E+00 3.550489E+00 0E+00
2.72230e+01 1.59739e-05 0 0E+00 3.549756E+00 0E+00
2.72936e+01 1.59705e-05 0 0E+00 3.549E+00 0E+00
2.73642e+01 1.59718e-05 0 0E+00 3.549289E+00 0E+00
2.74348e+01 1.59678e-05 0 0E+00 3.5484E+00 0E+00
2.75055e+01 1.59591e-05 0 0E+00 3.546467E+00 0E+00
2.75761e+01 1.59567e-05 0 0E+00 3.545933E+00 0E+00
2.76467e+01 1.59513e-05 0 0E+00 3.544733E+00 0E+00
2.77173e+01 1.59501e-05 0 0E+00 3.544467E+00 0E+00
2.77879e+01 1.59456e-05 0 0E+00 3.543467E+00 0E+00
2.78585e+01 1.59352e-05 0 0E+00 3.541156E+00 0E+00
2.79291e+01 1.59306e-05 0 0E+00 3.540133E+00 0E+00
2.79997e+01 1.59267e-05 0 0E+00 3.539267E+00 0E+00
2.80703e+01 1.59236e-05 0 0E+00 3.538578E+00 0E+00
2.81410e+01 1.59155e-05 0 0E+00 3.536778E+00 0E+00
2.82116e+01 1.59155e-05 0 0E+00 3.536778E+00 0E+00
2.82822e+01 1.59100e-05 0 0E+00 3.535556E+00 0E+00
2.83528e+01 1.59067e-05 0 0E+00 3.534822E+00 0E+00
2.84234e+01 1.59055e-05 0 0E+00 3.534556E+00 0E+00
2.84940e+01 1.59018e-05 0 0E+00 3.533733E+00 0E+00
2.85646e+01 1.58992e-05 0 0E+00 3.533156E+00 0E+00
2.86352e+01 1.58947e-05 0 0E+00 3.532156E+00 0E+00
2.87058e+01 1.58934e-05 0 0E+00 3.531867E+00 0E+00
2.87764e+01 1.58884e-05 0 0E+00 3.530756E+00 0E+00
2.88471e+01 1.58836e-05 0 0E+00 3.529689E+00 0E+00
2.89177e+01 1.58813e-05 0 0E+00 3.529178E+00 0E+00
2.89883e+01 1.58807e-05 0 0E+00 3.529044E+00 0E+00
2.90589e+01 1.58781e-05 0 0E+00 3.528467E+00 0E+00
2.91295e+01 1.58727e-05 0 0E+00 3.527267E+00 0E+00
2.92001e+01 1.58700e-05 0 0E+00 3.526667E+00 0E+00
2.92707e+01 1.58640e-05 0 0E+00 3.525333E+00 0E+00
2.93413e+01 1.58637e-05 0 0E+00 3.525267E+00 0E+00
2.94120e+01 1.58553e-05 0 0E+00 3.5234E+00 0E+00
2.94826e+01 1.58905e-05 0 0E+00 3.531222E+00 0E+00
2.95532e+01 1.58870e-05 0 0E+00 3.530444E+00 0E+00
2.96238e+01 1.58869e-05 0 0E+00 3.530422E+00 0E+00
2.96944e+01 1.58872e-05 0 0E+00 3.530489E+00 0E+00
2.97650e+01 1.58885e-05 0 0E+00 3.530778E+00 0E+00
2.98356e+01 1.58839e-05 0 0E+00 3.529756E+00 0E+00
2.99062e+01 1.58795e-05 0 0E+00 3.528778E+00 0E+00
2.99768e+01 1.58766e-05 0 0E+00 3.528133E+00 0E+00
3.00475e+01 1.58748e-05 0 0E+00 3.527733E+00 0E+00
3.01584e+01 1.58680e-05 0 0E+00 3.526222E+00 0E+00
3.02290e+01 1.58633e-05 0 0E+00 3.525178E+00 0E+00
3.02996e+01 1.58595e-05 0 0E+00 3.524333E+00 0E+00
3.03702e+01 1.58578e-05 0 0E+00 3.523956E+00 0E+00
3.04408e+01 1.58549e-05 0 0E+00 3.523311E+00 0E+00
3.05114e+01 1.58515e-05 0 0E+00 3.522556E+00 0E+00
3.05821e+01 1.58486e-05 0 0E+00 3.521911E+00 0E+00
3.06527e+01 1.58430e-05 0 0E+00 3.520667E+00 0E+00
3.07233e+01 1.58399e-05 0 0E+00 3.519978E+00 0E+00
3.07939e+01 1.58356e-05 0 0E+00 3.519022E+00 0E+00
3.08645e+01 1.58316e-05 0 0E+00 3.518133E+00 0E+00
3.09351e+01 1.58287e-05 0 0E+00 3.517489E+00 0E+00
3.10057e+01 1.58233e-05 0 0E+00 3.516289E+00 0E+00
3.10764e+01 1.58190e-05 0 0E+00 3.515333E+00 0E+00
3.11470e+01 1.58173e-05 0 0E+00 3.514956E+00 0E+00
3.12176e+01 1.58128e-05 0 0E+00 3.513956E+00 0E+00
3.12882e+01 1.58102e-05 0 0E+00 3.513378E+00 0E+00
3.13588e+01 1.58061e-05 0 0E+00 3.512467E+00 0E+00
3.14294e+01 1.58049e-05 0 0E+00 3.5122E+00 0E+00
3.15000e+01 1.58026e-05 0 0E+00 3.511689E+00 0E+00
3.15706e+01 1.57979e-05 0 0E+00 3.510644E+00 0E+00
3.16412e+01 1.57940e-05 0 0E+00 3.509778E+00 0E+00
3.17118e+01 1.57912e-05 0 0E+00 3.509156E+00 0E+00
3.17824e+01 1.57867e-05 0 0E+00 3.508156E+00 0E+00
3.18531e+01 1.57826e-05 0 0E+00 3.507244E+00 0E+00
3.19237e+01 1.57806e-05 0 0E+00 3.5068E+00 0E+00
3.19943e+01 1.57772e-05 0 0E+00 3.506044E+00 0E+00
3.20649e+01 1.57734e-05 0 0E+00 3.5052E+00 0E+00
3.21355e+01 1.57688e-05 0 0E+00 3.504178E+00 0E+00
3.22061e+01 1.57661e-05 0 0E+00 3.503578E+00 0E+00
3.22768e+01 1.57652e-05 0 0E+00 3.503378E+00 0E+00
3.23474e+01 1.57632e-05 0 0E+00 3.502933E+00 0E+00
3.24180e+01 1.57611e-05 0 0E+00 3.502467E+00 0E+00
3.24886e+01 1.57590e-05 0 0E+00 3.502E+00 0E+00
3.25592e+01 1.57562e-05 0 0E+00 3.501378E+00 0E+00
3.26298e+01 1.57557e-05 0 0E+00 3.501267E+00 0E+00
3.27004e+01 1.57509e-05 0 0E+00 3.5002E+00 0E+00
3.27710e+01 1.64540e-05 0 0E+00 3.656444E+00 0E+00
3.28416e+01 3.46905e-05 0 0E+00 7.709E+00 0E+00
3.29122e+01 3.55833e-05 0 0E+00 7.9074E+00 0E+00
3.29828e+01 3.63116e-05 0 0E+00 8.069244E+00 0E+00
3.30536e+01 3.66507e-05 0 0E+00 8.1446E+00 0E+00
3.31242e+01 3.71470e-05 0 0E+00 8.254889E+00 0E+00
3.31948e+01 1.58495e-05 0 0E+00 3.522111E+00 0E+00
3.32654e+01 1.76105e-06 0 0E+00 3.913444E-01 0E+00
3.33569e+01 1.16014e-09 0 0E+00 2.578089E-04 0E+00
3.35830e+01 4.28709e-11 0 0E+00 9.526867E-06 0E+00
3.68838e+01 3.20013e-11 0 0E+00 7.1114E-06 0E+00
3.81543e+01 4.96929e-11 0 0E+00 1.104287E-05 0E+00
4.08449e+01 -3.02842e-10 0 -0E+00 -6.729822E-05 0E+00
4.49556e+01 9.78940e-10 0 0E+00 2.175422E-04 0E+00
4.90663e+01 5.88573e-10 0 0E+00 1.30794E-04 0E+00
5.00771e+01 3.77490e-10 0 0E+00 8.388667E-05 0E+00
5.10476e+01 3.24036e-10 0 0E+00 7.2008E-05 0E+00
5.20181e+01 4.18040e-10 0 0E+00 9.289778E-05 0E+00
5.29886e+01 6.10988e-10 0 0E+00 1.357751E-04 0E+00
5.39591e+01 -4.80210e-10 0 -0E+00 -1.067133E-04 0E+00
5.49296e+01 4.94873e-08 0 0E+00 1.099718E-02 0E+00
5.61354e+01 4.79220e-08 0 0E+00 1.064933E-02 0E+00
5.62208e+01 4.06741e-08 0 0E+00 9.038689E-03 0E+00
5.63063e+01 2.55142e-08 0 0E+00 5.669822E-03 0E+00
5.63917e+01 2.85398e-08 0 0E+00 6.342178E-03 0E+00
5.64772e+01 1.85460e-08 0 0E+00 4.121333E-03 0E+00
5.65627e+01 3.27877e-08 0 0E+00 7.286156E-03 0E+00
5.66481e+01 3.74389e-08 0 0E+00 8.319756E-03 0E+00
5.67336e+01 3.31537e-08 0 0E+00 7.367489E-03 0E+00
5.68191e+01 3.49037e-08 0 0E+00 7.756378E-03 0E+00
5.69045e+01 3.32268e-08 0 0E+00 7.383733E-03 0E+00
5.69900e+01 4.21511e-08 0 0E+00 9.366911E-03 0E+00
5.70755e+01 4.13422e-08 0 0E+00 9.187156E-03 0E+00
5.71609e+01 3.91576e-08 0 0E+00 8.701689E-03 0E+00
5.72464e+01 3.74788e-08 0 0E+00 8.328622E-03 0E+00
5.73319e+01 3.85085e-08 0 0E+00 8.557444E-03 0E+00
5.74173e+01 3.77480e-08 0 0E+00 8.388444E-03 0E+00
5.75028e+01 3.66148e-08 0 0E+00 8.136622E-03 0E+00
5.75883e+01 3.93366e-08 0 0E+00 8.741467E-03 0E+00
5.76738e+01 3.85818e-08 0 0E+00 8.573733E-03 0E+00
5.77592e+01 3.73069e-08 0 0E+00 8.290422E-03 0E+00
5.78447e+01 3.70023e-08 0 0E+00 8.222733E-03 0E+00
5.79302e+01 3.84199e-08 0 0E+00 8.537756E-03 0E+00
5.80157e+01 3.85513e-08 0 0E+00 8.566956E-03 0E+00
5.81011e+01 3.70859e-08 0 0E+00 8.241311E-03 0E+00
5.81866e+01 3.74995e-08 0 0E+00 8.333222E-03 0E+00
5.82721e+01 3.77056e-08 0 0E+00 8.379022E-03 0E+00
5.83576e+01 3.85243e-08 0 0E+00 8.560956E-03 0E+00
5.84430e+01 3.81809e-08 0 0E+00 8.484644E-03 0E+00
5.85285e+01 3.68523e-08 0 0E+00 8.1894E-03 0E+00
5.86140e+01 3.63977e-08 0 0E+00 8.088378E-03 0E+00
5.86994e+01 3.59767e-08 0 0E+00 7.994822E-03 0E+00
5.87849e+01 3.57831e-08 0 0E+00 7.9518E-03 0E+00
5.88704e+01 3.69846e-08 0 0E+00 8.2188E-03 0E+00
5.89558e+01 3.88514e-08 0 0E+00 8.633644E-03 0E+00
5.90413e+01 4.06522e-08 0 0E+00 9.033822E-03 0E+00
5.91268e+01 3.90134e-08 0 0E+00 8.669644E-03 0E+00
5.92122e+01 2.73461e-08 0 0E+00 6.076911E-03 0E+00
5.92977e+01 3.09406e-08 0 0E+00 6.875689E-03 0E+00
5.93833e+01 3.27321e-08 0 0E+00 7.2738E-03 0E+00
5.94688e+01 3.54753e-08 0 0E+00 7.8834E-03 0E+00
5.95542e+01 3.59300e-08 0 0E+00 7.984444E-03 0E+00
5.96397e+01 3.65881e-08 0 0E+00 8.130689E-03 0E+00
5.97252e+01 9.57251e-10 0 0E+00 2.127224E-04 0E+00
5.98545e+01 9.99956e-04 0 0E+00 2.222124E+02 0E+00
5.99663e+01 9.99948e-04 0 0E+00 2.222107E+02 0E+00
6.00368e+01 4.31013e-04 0 0E+00 9.578067E+01 0E+00
6.01074e+01 9.99822e-04 0 0E+00 2.221827E+02 0E+00
6.01779e+01 9.99945e-04 0 0E+00 2.2221E+02 0E+00
6.02485e+01 9.99953e-04 0 0E+00 2.222118E+02 0E+00
6.03191e+01 9.99925e-04 0 0E+00 2.222056E+02 0E+00
6.03896e+01 9.99932e-04 0 0E+00 2.222071E+02 0E+00
6.04602e+01 9.99929e-04 0 0E+00 2.222064E+02 0E+00
6.05308e+01 9.99937e-04 0 0E+00 2.222082E+02 0E+00
6.06013e+01 9.99941e-04 0 0E+00 2.222091E+02 0E+00
6.06719e+01 9.99941e-04 0 0E+00 2.222091E+02 0E+00
6.07424e+01 9.99935e-04 0 0E+00 2.222078E+02 0E+00
6.08130e+01 9.99935e-04 0 0E+00 2.222078E+02 0E+00
6.08835e+01 9.99937e-04 0 0E+00 2.222082E+02 0E+00
6.09541e+01 9.99939e-04 0 0E+00 2.222087E+02 0E+00
6.10247e+01 9.99940e-04 0 0E+00 2.222089E+02 0E+00
6.10953e+01 9.99936e-04 0 0E+00 2.22208E+02 0E+00
6.11658e+01 9.99938e-04 0 0E+00 2.222084E+02 0E+00
6.12364e+01 9.99937e-04 0 0E+00 2.222082E+02 0E+00
6.13069e+01 9.99925e-04 0 0E+00 2.222056E+02 0E+00
6.13775e+01 9.99936e-04 0 0E+00 2.22208E+02 0E+00
6.14480e+01 9.99937e-04 0 0E+00 2.222082E+02 0E+00
6.15186e+01 9.99937e-04 0 0E+00 2.222082E+02 0E+00
6.15892e+01 9.99935e-04 0 0E+00 2.222078E+02 0E+00
6.16597e+01 9.99936e-04 0 0E+00 2.22208E+02 0E+00
6.17303e+01 9.99932e-04 0 0E+00 2.222071E+02 0E+00
6.18009e+01 9.99934e-04 0 0E+00 2.222076E+02 0E+00
6.18714e+01 9.99933e-04 0 0E+00 2.222073E+02 0E+00
6.19419e+01 9.99935e-04 0 0E+00 2.222078E+02 0E+00
6.20125e+01 9.99936e-04 0 0E+00 2.22208E+02 0E+00
6.20830e+01 9.99936e-04 0 0E+00 2.22208E+02 0E+00
6.21537e+01 9.99935e-04 0 0E+00 2.222078E+02 0E+00
6.22242e+01 9.99936e-04 0 0E+00 2.22208E+02 0E+00
6.22948e+01 9.99936e-04 0 0E+00 2.22208E+02 0E+00
6.23653e+01 9.99938e-04 0 0E+00 2.222084E+02 0E+00
6.24359e+01 9.99936e-04 0 0E+00 2.22208E+02 0E+00
6.25065e+01 9.99937e-04 0 0E+00 2.222082E+02 0E+00
6.25770e+01 9.99936e-04 0 0E+00 2.22208E+02 0E+00
6.26476e+01 9.99931e-04 0 0E+00 2.222069E+02 0E+00
6.27182e+01 9.99938e-04 0 0E+00 2.222084E+02 0E+00
6.27887e+01 9.99938e-04 0 0E+00 2.222084E+02 0E+00
6.28593e+01 9.99937e-04 0 0E+00 2.222082E+02 0E+00
6.29298e+01 9.99936e-04 0 0E+00 2.22208E+02 0E+00
6.30004e+01 9.99936e-04 0 0E+00 2.22208E+02 0E+00
6.30709e+01 9.99936e-04 0 0E+00 2.22208E+02 0E+00
6.31414e+01 9.99935e-04 0 0E+00 2.222078E+02 0E+00
6.32120e+01 9.99936e-04 0 0E+00 2.22208E+02 0E+00
6.32826e+01 9.99935e-04 0 0E+00 2.222078E+02 0E+00
6.33531e+01 9.99936e-04 0 0E+00 2.22208E+02 0E+00
6.34237e+01 9.99934e-04 0 0E+00 2.222076E+02 0E+00
6.34942e+01 9.99935e-04 0 0E+00 2.222078E+02 0E+00
6.35648e+01 9.99936e-04 0 0E+00 2.22208E+02 0E+00
6.36354e+01 9.99938e-04 0 0E+00 2.222084E+02 0E+00
6.37059e+01 9.99938e-04 0 0E+00 2.222084E+02 0E+00
6.37765e+01 9.99937e-04 0 0E+00 2.222082E+02 0E+00
6.38470e+01 9.99936e-04 0 0E+00 2.22208E+02 0E+00
6.39176e+01 9.99936e-04 0 0E+00 2.22208E+02 0E+00
6.39881e+01 9.99935e-04 0 0E+00 2.222078E+02 0E+00
6.40587e+01 9.99935e-04 0 0E+00 2.222078E+02 0E+00
6.41292e+01 9.99935e-04 0 0E+00 2.222078E+02 0E+00
6.41998e+01 9.99935e-04 0 0E+00 2.222078E+02 0E+00
6.42704e+01 9.99937e-04 0 0E+00 2.222082E+02 0E+00
6.43409e+01 9.99935e-04 0 0E+00 2.222078E+02 0E+00
6.44115e+01 9.99935e-04 0 0E+00 2.222078E+02 0E+00
6.44820e+01 9.99936e-04 0 0E+00 2.22208E+02 0E+00
6.45526e+01 9.99934e-04 0 0E+00 2.222076E+02 0E+00
6.46231e+01 9.99934e-04 0 0E+00 2.222076E+02 0E+00
6.46937e+01 9.99935e-04 0 0E+00 2.222078E+02 0E+00
6.47643e+01 9.99935e-04 0 0E+00 2.222078E+02 0E+00
6.48348e+01 9.99937e-04 0 0E+00 2.222082E+02 0E+00
6.49054e+01 9.99936e-04 0 0E+00 2.22208E+02 0E+00
6.49759e+01 9.99936e-04 0 0E+00 2.22208E+02 0E+00
6.50465e+01 9.99933e-04 0 0E+00 2.222073E+02 0E+00
6.51574e+01 9.99934e-04 0 0E+00 2.222076E+02 0E+00
6.52279e+01 9.99934e-04 0 0E+00 2.222076E+02 0E+00
6.52985e+01 9.99934e-04 0 0E+00 2.222076E+02 0E+00
6.53691e+01 9.99934e-04 0 0E+00 2.222076E+02 0E+00
6.54396e+01 9.99935e-04 0 0E+00 2.222078E+02 0E+00
6.55102e+01 9.99934e-04 0 0E+00 2.222076E+02 0E+00
6.55808e+01 9.99934e-04 0 0E+00 2.222076E+02 0E+00
6.56513e+01 9.99933e-04 0 0E+00 2.222073E+02 0E+00
6.57219e+01 9.99934e-04 0 0E+00 2.222076E+02 0E+00
6.57924e+01 9.99934e-04 0 0E+00 2.222076E+02 0E+00
6.58630e+01 9.99933e-04 0 0E+00 2.222073E+02 0E+00
6.59337e+01 9.99934e-04 0 0E+00 2.222076E+02 0E+00
6.60042e+01 9.99933e-04 0 0E+00 2.222073E+02 0E+00
6.60747e+01 9.99934e-04 0 0E+00 2.222076E+02 0E+00
6.61453e+01 9.99933e-04 0 0E+00 2.222073E+02 0E+00
6.62159e+01 9.99933e-04 0 0E+00 2.222073E+02 0E+00
6.62864e+01 9.99934e-04 0 0E+00 2.222076E+02 0E+00
6.63570e+01 9.99935e-04 0 0E+00 2.222078E+02 0E+00
6.64275e+01 9.99934e-04 0 0E+00 2.222076E+02 0E+00
6.64981e+01 9.99934e-04 0 0E+00 2.222076E+02 0E+00
6.65686e+01 9.99935e-04 0 0E+00 2.222078E+02 0E+00
6.66392e+01 9.99933e-04 0 0E+00 2.222073E+02 0E+00
6.67097e+01 9.99935e-04 0 0E+00 2.222078E+02 0E+00
6.67803e+01 9.99935e-04 0 0E+00 2.222078E+02 0E+00
6.68509e+01 9.99935e-04 0 0E+00 2.222078E+02 0E+00
6.69214e+01 9.99935e-04 0 0E+00 2.222078E+02 0E+00
6.69920e+01 9.99935e-04 0 0E+00 2.222078E+02 0E+00
6.70626e+01 9.99936e-04 0 0E+00 2.22208E+02 0E+00
6.71331e+01 9.99936e-04 0 0E+00 2.22208E+02 0E+00
6.72037e+01 9.99936e-04 0 0E+00 2.22208E+02 0E+00
6.72743e+01 9.99935e-04 0 0E+00 2.222078E+02 0E+00
6.73448e+01 9.99935e-04 0 0E+00 2.222078E+02 0E+00
6.74154e+01 9.99934e-04 0 0E+00 2.222076E+02 0E+00
6.74859e+01 9.99935e-04 0 0E+00 2.222078E+02 0E+00
6.75565e+01 9.99934e-04 0 0E+00 2.222076E+02 0E+00
6.76270e+01 9.99934e-04 0 0E+00 2.222076E+02 0E+00
6.76976e+01 9.99935e-04 0 0E+00 2.222078E+02 0E+00
6.77681e+01 9.99935e-04 0 0E+00 2.222078E+02 0E+00
6.78387e+01 9.99935e-04 0 0E+00 2.222078E+02 0E+00
6.79093e+01 9.99934e-04 0 0E+00 2.222076E+02 0E+00
6.79798e+01 9.99935e-04 0 0E+00 2.222078E+02 0E+00
6.80504e+01 9.99934e-04 0 0E+00 2.222076E+02 0E+00
6.81209e+01 9.99934e-04 0 0E+00 2.222076E+02 0E+00
6.81915e+01 9.99934e-04 0 0E+00 2.222076E+02 0E+00
6.82620e+01 9.99933e-04 0 0E+00 2.222073E+02 0E+00
6.83326e+01 9.99934e-04 0 0E+00 2.222076E+02 0E+00
6.84032e+01 9.99934e-04 0 0E+00 2.222076E+02 0E+00
6.84737e+01 9.99934e-04 0 0E+00 2.222076E+02 0E+00
6.85443e+01 9.99935e-04 0 0E+00 2.222078E+02 0E+00
6.86148e+01 9.99935e-04 0 0E+00 2.222078E+02 0E+00
6.86854e+01 9.99936e-04 0 0E+00 2.22208E+02 0E+00
6.87560e+01 9.99936e-04 0 0E+00 2.22208E+02 0E+00
6.88265e+01 9.99936e-04 0 0E+00 2.22208E+02 0E+00
6.88971e+01 9.99936e-04 0 0E+00 2.22208E+02 0E+00
6.89676e+01 9.99937e-04 0 0E+00 2.222082E+02 0E+00
6.90382e+01 9.99937e-04 0 0E+00 2.222082E+02 0E+00
6.91088e+01 9.99936e-04 0 0E+00 2.22208E+02 0E+00
