V(__) I(__) lux CurrC oeff. CurrA/m^-2. lux/m^-1
0.00000e+00 -3.90230e-04 0 -0E+00 -8.671778E+01 0E+00 
1.00000e+00 9.99953e-02 0 0E+00 2.222118E+04 0E+00 
2.00000e+00 9.99952e-02 0 0E+00 2.222116E+04 0E+00 
3.00000e+00 9.99951e-02 0 0E+00 2.222113E+04 0E+00 
4.00000e+00 9.99950e-02 0 0E+00 2.222111E+04 0E+00 
5.00000e+00 9.99951e-02 0 0E+00 2.222113E+04 0E+00 
6.00000e+00 9.99951e-02 0 0E+00 2.222113E+04 0E+00 
7.00000e+00 9.99951e-02 0 0E+00 2.222113E+04 0E+00 
8.00000e+00 9.99950e-02 0 0E+00 2.222111E+04 0E+00 
9.00000e+00 9.99951e-02 0 0E+00 2.222113E+04 0E+00 
1.00000e+01 9.99951e-02 0 0E+00 2.222113E+04 0E+00 
1.10000e+01 9.99952e-02 0 0E+00 2.222116E+04 0E+00 
1.20000e+01 9.99953e-02 0 0E+00 2.222118E+04 0E+00 
1.30000e+01 9.99953e-02 0 0E+00 2.222118E+04 0E+00 
1.40000e+01 9.99953e-02 0 0E+00 2.222118E+04 0E+00 
1.50000e+01 9.99954e-02 0 0E+00 2.22212E+04 0E+00 
1.60000e+01 9.99954e-02 0 0E+00 2.22212E+04 0E+00 
1.70000e+01 9.99954e-02 0 0E+00 2.22212E+04 0E+00 
1.80000e+01 9.99954e-02 0 0E+00 2.22212E+04 0E+00 
1.90000e+01 9.99955e-02 0 0E+00 2.222122E+04 0E+00 
2.00000e+01 9.99956e-02 0 0E+00 2.222124E+04 0E+00 
2.10000e+01 9.99960e-02 0 0E+00 2.222133E+04 0E+00 
2.20000e+01 9.99959e-02 0 0E+00 2.222131E+04 0E+00 
2.30000e+01 9.99966e-02 0 0E+00 2.222147E+04 0E+00 
2.40000e+01 9.99959e-02 0 0E+00 2.222131E+04 0E+00 
2.50000e+01 9.99962e-02 0 0E+00 2.222138E+04 0E+00 
2.60000e+01 9.99962e-02 0 0E+00 2.222138E+04 0E+00 
2.70000e+01 9.99962e-02 0 0E+00 2.222138E+04 0E+00 
2.80000e+01 9.99967e-02 0 0E+00 2.222149E+04 0E+00 
2.90000e+01 9.99960e-02 0 0E+00 2.222133E+04 0E+00 
3.00000e+01 9.99969e-02 0 0E+00 2.222153E+04 0E+00 
3.10000e+01 9.99959e-02 0 0E+00 2.222131E+04 0E+00 
3.20000e+01 9.99972e-02 0 0E+00 2.22216E+04 0E+00 
3.30000e+01 9.99961e-02 0 0E+00 2.222136E+04 0E+00 
3.40000e+01 9.99975e-02 0 0E+00 2.222167E+04 0E+00 
3.50000e+01 9.99960e-02 0 0E+00 2.222133E+04 0E+00 
3.60000e+01 9.99975e-02 0 0E+00 2.222167E+04 0E+00 
3.70000e+01 9.99961e-02 0 0E+00 2.222136E+04 0E+00 
3.80000e+01 9.99970e-02 0 0E+00 2.222156E+04 0E+00 
3.90000e+01 9.99959e-02 0 0E+00 2.222131E+04 0E+00 
4.00000e+01 9.99967e-02 0 0E+00 2.222149E+04 0E+00 
