V(__) I(__) lux CurrC oeff. CurrA/m^-2. lux/m^-1
2.50000e-01 3.77256e-07 4.3 1.13981E+07 8.383467E-02 9.555556E+05 
5.00000e-01 8.41679e-07 4.3 5.108836E+06 1.870398E-01 9.555556E+05 
7.50000e-01 1.44345e-06 4.3 2.978974E+06 3.207667E-01 9.555556E+05 
1.00000e+00 2.18470e-06 4.3 1.968234E+06 4.854889E-01 9.555556E+05 
1.25000e+00 3.05416e-06 4.3 1.407916E+06 6.787022E-01 9.555556E+05 
1.50000e+00 3.77802e-06 4.3 1.138162E+06 8.3956E-01 9.555556E+05 
1.75000e+00 5.29280e-06 4.3 8.124244E+05 1.176178E+00 9.555556E+05 
2.00000e+00 6.43768e-06 4.3 6.679425E+05 1.430596E+00 9.555556E+05 
2.25000e+00 8.52821e-06 4.3 5.04209E+05 1.895158E+00 9.555556E+05 
2.50000e+00 1.27543e-05 4.3 3.371412E+05 2.834289E+00 9.555556E+05 
2.75000e+00 1.96759e-05 4.3 2.185415E+05 4.372422E+00 9.555556E+05 
3.00000e+00 1.18355e-04 4.3 3.633138E+04 2.630111E+01 9.555556E+05 
3.25000e+00 1.06822e-04 4.3 4.025388E+04 2.373822E+01 9.555556E+05 
3.50000e+00 9.79424e-05 3.3 3.369327E+04 2.176498E+01 7.333333E+05 
3.75000e+00 1.11388e-04 3.2 2.872841E+04 2.475289E+01 7.111111E+05 
4.00000e+00 1.41000e-04 3.2 2.269504E+04 3.133333E+01 7.111111E+05 
4.25000e+00 7.47066e-05 3.2 4.283423E+04 1.660147E+01 7.111111E+05 
4.50000e+00 7.60666e-06 3.2 4.20684E+05 1.690369E+00 7.111111E+05 
4.75000e+00 8.56123e-06 3.2 3.737781E+05 1.902496E+00 7.111111E+05 
5.00000e+00 9.94068e-06 3.2 3.219096E+05 2.20904E+00 7.111111E+05 
5.25000e+00 1.13674e-05 3.2 2.815068E+05 2.526089E+00 7.111111E+05 
5.50000e+00 1.33877e-05 3.2 2.390254E+05 2.975044E+00 7.111111E+05 
5.75000e+00 1.62025e-05 3.2 1.975004E+05 3.600556E+00 7.111111E+05 
6.00000e+00 1.77974e-05 3.2 1.798015E+05 3.954978E+00 7.111111E+05 
6.25000e+00 2.26365e-05 3.2 1.413646E+05 5.030333E+00 7.111111E+05 
6.50000e+00 2.43182e-05 4.2 1.727102E+05 5.404044E+00 9.333333E+05 
6.75000e+00 2.79640e-05 4.2 1.501931E+05 6.214222E+00 9.333333E+05 
7.00000e+00 3.13714e-05 5.2 1.657561E+05 6.971422E+00 1.155556E+06 
7.25000e+00 3.62253e-05 7.2 1.987561E+05 8.050067E+00 1.6E+06 
7.50000e+00 4.12336e-05 9.2 2.23119E+05 9.163022E+00 2.044444E+06 
7.75000e+00 4.66720e-05 12.2 2.613987E+05 1.037156E+01 2.711111E+06 
8.00000e+00 5.38326e-05 15.2 2.823568E+05 1.19628E+01 3.377778E+06 
8.25000e+00 6.08761e-05 20.2 3.318215E+05 1.352802E+01 4.488889E+06 
8.50000e+00 6.97318e-05 26.2 3.757253E+05 1.549596E+01 5.822222E+06 
8.75000e+00 7.95071e-05 33.2 4.175728E+05 1.766824E+01 7.377778E+06 
9.00000e+00 9.07519e-05 43.3 4.77125E+05 2.016709E+01 9.622222E+06 
9.25000e+00 1.03942e-04 54.3 5.224067E+05 2.309822E+01 1.206667E+07 
9.50000e+00 1.19103e-04 68.4 5.742928E+05 2.646733E+01 1.52E+07 
9.75000e+00 1.36590e-04 85.4 6.252288E+05 3.035333E+01 1.897778E+07 
1.00000e+01 1.56151e-04 106.5 6.820321E+05 3.470022E+01 2.366667E+07 
1.02500e+01 1.82426e-04 130.6 7.159067E+05 4.053911E+01 2.902222E+07 
1.05000e+01 2.07539e-04 160.7 7.743123E+05 4.611978E+01 3.571111E+07 
1.07500e+01 2.38610e-04 194.8 8.16395E+05 5.302444E+01 4.328889E+07 
1.10000e+01 2.68752e-04 235.1 8.747842E+05 5.972267E+01 5.224444E+07 
1.12500e+01 3.09303e-04 281.11 9.088499E+05 6.8734E+01 6.246889E+07 
1.15000e+01 3.52841e-04 335.13 9.498046E+05 7.840911E+01 7.447333E+07 
1.17500e+01 4.03062e-04 398.16 9.878381E+05 8.956933E+01 8.848E+07 
1.20000e+01 4.62664e-04 468.18 1.011922E+06 1.028142E+02 1.0404E+08 
1.22500e+01 5.33416e-04 548.21 1.027734E+06 1.185369E+02 1.218244E+08 
1.25000e+01 6.13025e-04 638.25 1.041148E+06 1.362278E+02 1.418333E+08 
1.27500e+01 7.08051e-04 737.29 1.041295E+06 1.573447E+02 1.638422E+08 
1.30000e+01 8.18396e-04 847.33 1.035355E+06 1.818658E+02 1.882956E+08 
1.32500e+01 9.58274e-04 967.37 1.009492E+06 2.129498E+02 2.149711E+08 
1.35000e+01 1.15632e-03 1100.42 9.51657E+05 2.5696E+02 2.445378E+08 
1.37500e+01 1.25417e-03 1243.48 9.914764E+05 2.787044E+02 2.763289E+08 
1.40000e+01 1.35361e-03 1394.54 1.030238E+06 3.008022E+02 3.098978E+08 
1.42500e+01 1.45833e-03 1553.6 1.065328E+06 3.240733E+02 3.452444E+08 
1.45000e+01 1.56826e-03 1721.66 1.097815E+06 3.485022E+02 3.825911E+08 
1.47500e+01 1.55336e-03 1889.73 1.216543E+06 3.451911E+02 4.1994E+08 
1.50000e+01 1.61510e-03 2057.8 1.274101E+06 3.589111E+02 4.572889E+08 
1.52500e+01 1.70241e-03 2225.87 1.307482E+06 3.783133E+02 4.946378E+08 
1.55000e+01 1.80474e-03 2386.93 1.322589E+06 4.010533E+02 5.304289E+08 
1.57500e+01 1.94830e-03 2541.1 1.304265E+06 4.329556E+02 5.646889E+08 
1.60000e+01 2.07469e-03 2687.106 1.295184E+06 4.610422E+02 5.971347E+08 
1.62500e+01 2.21737e-03 2819.111 1.271376E+06 4.927489E+02 6.264691E+08 
1.65000e+01 2.44688e-03 2942.117 1.202395E+06 5.437511E+02 6.538038E+08 
1.67500e+01 2.53210e-03 3045.122 1.202607E+06 5.626889E+02 6.766938E+08 
1.70000e+01 2.59825e-03 3126.126 1.203166E+06 5.773889E+02 6.946947E+08 
1.72500e+01 2.75952e-03 3189.129 1.155683E+06 6.132267E+02 7.086953E+08 
1.75000e+01 2.94970e-03 3231.132 1.09541E+06 6.554889E+02 7.180293E+08 
1.77500e+01 3.05976e-03 3258.134 1.064833E+06 6.799467E+02 7.240298E+08 
1.80000e+01 3.25279e-03 3264.136 1.003488E+06 7.228422E+02 7.253636E+08 
1.82500e+01 3.45816e-03 3257.137 9.4187E+05 7.6848E+02 7.238082E+08 
1.85000e+01 3.73826e-03 3234.137 8.65145E+05 8.307244E+02 7.186971E+08 
1.87500e+01 3.83746e-03 3196.137 8.328783E+05 8.527689E+02 7.102527E+08 
1.90000e+01 4.04853e-03 3144.136 7.766118E+05 8.996733E+02 6.986969E+08 
1.92500e+01 4.33059e-03 3084.135 7.121743E+05 9.623533E+02 6.853633E+08 
1.95000e+01 4.44632e-03 3015.134 6.78119E+05 9.880711E+02 6.700298E+08 
1.97500e+01 4.52400e-03 2934.132 6.485703E+05 1.005333E+03 6.520293E+08 
2.00000e+01 4.75369e-03 2851.13 5.99772E+05 1.056376E+03 6.335844E+08 
2.02500e+01 4.86580e-03 2272.105 4.66954E+05 1.081289E+03 5.049122E+08 
2.00000e+01 4.38887e-03 1845.86 4.205775E+05 9.753044E+02 4.101911E+08 
1.97500e+01 3.84804e-03 1527.72 3.970125E+05 8.5512E+02 3.394933E+08 
1.95000e+01 3.34381e-03 1276.61 3.817831E+05 7.430689E+02 2.836911E+08 
1.92500e+01 3.02606e-03 1079.52 3.567411E+05 6.724578E+02 2.398933E+08 
1.90000e+01 2.67673e-03 918.44 3.431202E+05 5.948289E+02 2.040978E+08 
1.87500e+01 2.36113e-03 784.38 3.322053E+05 5.246956E+02 1.743067E+08 
1.85000e+01 2.08057e-03 672.33 3.23147E+05 4.623489E+02 1.494067E+08 
1.82500e+01 1.83720e-03 578.28 3.147616E+05 4.082667E+02 1.285067E+08 
1.80000e+01 1.66734e-03 500.25 3.000288E+05 3.7052E+02 1.111667E+08 
1.77500e+01 1.49333e-03 433.21 2.900966E+05 3.318511E+02 9.626889E+07 
1.75000e+01 1.32822e-03 375.19 2.824758E+05 2.9516E+02 8.337556E+07 
1.72500e+01 1.30960e-03 326.16 2.490531E+05 2.910222E+02 7.248E+07 
1.70000e+01 1.12778e-03 283.14 2.510596E+05 2.506178E+02 6.292E+07 
1.67500e+01 1.02730e-03 246.12 2.395795E+05 2.282889E+02 5.469333E+07 
1.65000e+01 9.16258e-04 214.11 2.336787E+05 2.036129E+02 4.758E+07 
1.62500e+01 8.29645e-04 186.9 2.252771E+05 1.843656E+02 4.153333E+07 
1.60000e+01 8.01957e-04 162.8 2.030034E+05 1.782127E+02 3.617778E+07 
1.57500e+01 7.25493e-04 141.7 1.953155E+05 1.612207E+02 3.148889E+07 
1.55000e+01 6.59282e-04 123.6 1.874767E+05 1.465071E+02 2.746667E+07 
1.52500e+01 6.24940e-04 107.6 1.721765E+05 1.388756E+02 2.391111E+07 
1.50000e+01 5.65523e-04 93.5 1.653337E+05 1.256718E+02 2.077778E+07 
1.47500e+01 5.29375e-04 81.4 1.537662E+05 1.176389E+02 1.808889E+07 
1.45000e+01 5.13806e-04 70.4 1.370167E+05 1.141791E+02 1.564444E+07 
1.42500e+01 4.92156e-04 61.3 1.24554E+05 1.09368E+02 1.362222E+07 
1.40000e+01 4.64269e-04 53.3 1.148041E+05 1.031709E+02 1.184444E+07 
1.37500e+01 4.63842e-04 45.3 9.766257E+04 1.03076E+02 1.006667E+07 
1.35000e+01 4.46366e-04 39.2 8.782031E+04 9.919244E+01 8.711111E+06 
1.32500e+01 4.22731e-04 34.2 8.090251E+04 9.394022E+01 7.6E+06 
1.30000e+01 3.99137e-04 29.2 7.315784E+04 8.869711E+01 6.488889E+06 
1.27500e+01 4.33922e-04 25.2 5.807495E+04 9.642711E+01 5.6E+06 
1.25000e+01 3.92194e-04 21.2 5.405488E+04 8.715422E+01 4.711111E+06 
1.22500e+01 3.87835e-04 18.1 4.666933E+04 8.618556E+01 4.022222E+06 
1.20000e+01 3.75294e-04 16.1 4.28997E+04 8.339867E+01 3.577778E+06 
1.17500e+01 4.24018e-04 13.1 3.089491E+04 9.422622E+01 2.911111E+06 
1.15000e+01 3.97518e-04 11.1 2.792326E+04 8.833733E+01 2.466667E+06 
1.12500e+01 4.25877e-04 9.1 2.136767E+04 9.463933E+01 2.022222E+06 
1.10000e+01 4.08470e-04 8.1 1.98301E+04 9.077111E+01 1.8E+06 
1.07500e+01 4.69017e-04 7.1 1.513804E+04 1.04226E+02 1.577778E+06 
1.05000e+01 4.85559e-04 5.1 1.050336E+04 1.07902E+02 1.133333E+06 
1.02500e+01 4.85677e-04 4.1 8.441825E+03 1.079282E+02 9.111111E+05 
1.00000e+01 5.19402e-04 4.1 7.893693E+03 1.154227E+02 9.111111E+05 
9.75000e+00 4.74204e-04 3.1 6.537271E+03 1.053787E+02 6.888889E+05 
9.50000e+00 4.36137e-04 2.1 4.815001E+03 9.691933E+01 4.666667E+05 
9.25000e+00 4.88498e-04 2.1 4.298892E+03 1.085551E+02 4.666667E+05 
9.00000e+00 5.11262e-04 1.1 2.151539E+03 1.136138E+02 2.444444E+05 
8.75000e+00 5.90070e-04 1.1 1.864186E+03 1.311267E+02 2.444444E+05 
8.50000e+00 6.08593e-04 1.1 1.807448E+03 1.352429E+02 2.444444E+05 
8.25000e+00 6.26067e-04 1.1 1.757E+03 1.39126E+02 2.444444E+05 
8.00000e+00 6.63372e-04 0.1 1.50745E+02 1.47416E+02 2.222222E+04 
7.75000e+00 5.80161e-04 0.1 1.723659E+02 1.289247E+02 2.222222E+04 
7.50000e+00 7.25938e-04 0.1 1.377528E+02 1.613196E+02 2.222222E+04 
7.25000e+00 7.20167e-04 0.1 1.388567E+02 1.600371E+02 2.222222E+04 
7.00000e+00 7.34897e-04 0.1 1.360735E+02 1.633104E+02 2.222222E+04 
6.75000e+00 7.43720e-04 0.1 1.344592E+02 1.652711E+02 2.222222E+04 
6.50000e+00 7.31433e-04 0.1 1.367179E+02 1.625407E+02 2.222222E+04 
6.25000e+00 7.77709e-04 0.1 1.285828E+02 1.728242E+02 2.222222E+04 
6.00000e+00 6.98243e-04 0.1 1.432166E+02 1.551651E+02 2.222222E+04 
5.75000e+00 7.04117e-04 0.1 1.420219E+02 1.564704E+02 2.222222E+04 
5.50000e+00 7.82138e-04 0.1 1.278547E+02 1.738084E+02 2.222222E+04 
5.25000e+00 6.70916e-04 0.1 1.4905E+02 1.490924E+02 2.222222E+04 
5.00000e+00 5.23759e-04 0.1 1.909275E+02 1.163909E+02 2.222222E+04 
4.75000e+00 5.16806e-04 0.1 1.934962E+02 1.148458E+02 2.222222E+04 
4.50000e+00 4.96298e-04 0.1 2.014918E+02 1.102884E+02 2.222222E+04 
4.25000e+00 7.60557e-04 0.1 1.314826E+02 1.690127E+02 2.222222E+04 
4.00000e+00 5.80627e-04 0.1 1.722276E+02 1.290282E+02 2.222222E+04 
3.75000e+00 6.70970e-04 0.1 1.49038E+02 1.491044E+02 2.222222E+04 
3.50000e+00 1.04185e-03 0.1 9.598311E+01 2.315222E+02 2.222222E+04 
3.25000e+00 9.55474e-04 0.1 1.046601E+02 2.123276E+02 2.222222E+04 
3.00000e+00 7.56175e-04 0.1 1.322445E+02 1.680389E+02 2.222222E+04 
2.75000e+00 6.31366e-04 0.1 1.583867E+02 1.403036E+02 2.222222E+04 
2.50000e+00 5.34977e-04 0.1 1.869239E+02 1.188838E+02 2.222222E+04 
2.25000e+00 4.36051e-04 0.1 2.29331E+02 9.690022E+01 2.222222E+04 
2.00000e+00 3.55911e-04 0.1 2.809691E+02 7.909133E+01 2.222222E+04 
1.75000e+00 2.82963e-04 0.1 3.534031E+02 6.288067E+01 2.222222E+04 
1.50000e+00 2.24668e-04 0.1 4.451012E+02 4.992622E+01 2.222222E+04 
1.25000e+00 1.72387e-04 0.1 5.800901E+02 3.830822E+01 2.222222E+04 
1.00000e+00 1.26827e-04 0.1 7.884756E+02 2.818378E+01 2.222222E+04 
7.50000e-01 8.78152e-05 0.1 1.138755E+03 1.951449E+01 2.222222E+04 
5.00000e-01 5.21270e-05 0.1 1.918392E+03 1.158378E+01 2.222222E+04 
2.50000e-01 2.18220e-05 0.1 4.582531E+03 4.849333E+00 2.222222E+04 
0.00000e+00 -3.92876e-09 0.1 -2.545332E+07 -8.730578E-04 2.222222E+04 
