V(__) I(__) lux CurrC oeff. CurrA/m^-2. lux/m^-1
2.50000e-01 8.69155e-14 0 0E+00 1.931456E-08 0E+00 
5.00000e-01 1.05429e-13 0 0E+00 2.342867E-08 0E+00 
7.50000e-01 1.22666e-13 0 0E+00 2.725911E-08 0E+00 
1.00000e+00 1.29092e-13 0 0E+00 2.868711E-08 0E+00 
1.25000e+00 3.73125e-13 0 0E+00 8.291667E-08 0E+00 
1.00000e+00 5.14030e-14 0 0E+00 1.142289E-08 0E+00 
7.50000e-01 -8.12411e-14 0 -0E+00 -1.805358E-08 0E+00 
5.00000e-01 -8.08239e-15 0 -0E+00 -1.796087E-09 0E+00 
2.50000e-01 2.39611e-15 0 0E+00 5.324689E-10 0E+00 
0.00000e+00 1.56200e-13 0 0E+00 3.471111E-08 0E+00 
-2.50000e-01 1.81198e-15 0 0E+00 4.026622E-10 0E+00 
-5.00000e-01 -4.35579e-13 0 -0E+00 -9.679533E-08 0E+00 
