V(__) I(__) lux CurrC oeff. CurrA/m^-2. lux/m^-1
2.50000e-01 9.89745e-08 0 0E+00 2.199433E-02 0E+00 
5.00000e-01 1.99466e-07 0 0E+00 4.432578E-02 0E+00 
7.50000e-01 3.12183e-07 0 0E+00 6.9374E-02 0E+00 
1.00000e+00 4.17336e-07 0 0E+00 9.274133E-02 0E+00 
1.25000e+00 5.25308e-07 0 0E+00 1.167351E-01 0E+00 
1.50000e+00 6.37850e-07 0 0E+00 1.417444E-01 0E+00 
1.75000e+00 7.54056e-07 0 0E+00 1.67568E-01 0E+00 
2.00000e+00 8.86898e-07 0 0E+00 1.970884E-01 0E+00 
2.25000e+00 1.03081e-06 0 0E+00 2.290689E-01 0E+00 
2.50000e+00 1.16004e-06 0 0E+00 2.577867E-01 0E+00 
2.75000e+00 1.24612e-06 0 0E+00 2.769156E-01 0E+00 
3.00000e+00 1.51915e-06 0 0E+00 3.375889E-01 0E+00 
3.25000e+00 8.00189e-05 0 0E+00 1.778198E+01 0E+00 
3.50000e+00 9.04523e-05 0 0E+00 2.010051E+01 0E+00 
3.75000e+00 9.98092e-05 0 0E+00 2.217982E+01 0E+00 
4.00000e+00 2.11206e-05 0 0E+00 4.693467E+00 0E+00 
4.25000e+00 3.39561e-05 0 0E+00 7.5458E+00 0E+00 
4.50000e+00 5.48867e-05 0 0E+00 1.219704E+01 0E+00 
4.75000e+00 5.15458e-05 0 0E+00 1.145462E+01 0E+00 
5.00000e+00 2.00424e-05 0 0E+00 4.453867E+00 0E+00 
5.25000e+00 2.21153e-05 0 0E+00 4.914511E+00 0E+00 
5.50000e+00 2.33168e-05 0 0E+00 5.181511E+00 0E+00 
5.75000e+00 2.68017e-05 0 0E+00 5.955933E+00 0E+00 
6.00000e+00 2.73885e-05 0 0E+00 6.086333E+00 0E+00 
6.25000e+00 1.74267e-05 0 0E+00 3.8726E+00 0E+00 
6.50000e+00 2.17869e-05 0 0E+00 4.841533E+00 0E+00 
6.75000e+00 2.63486e-05 0 0E+00 5.855244E+00 0E+00 
7.00000e+00 2.88820e-05 0 0E+00 6.418222E+00 0E+00 
7.25000e+00 1.74342e-05 0 0E+00 3.874267E+00 0E+00 
7.50000e+00 1.24844e-05 0 0E+00 2.774311E+00 0E+00 
7.75000e+00 1.51840e-05 0 0E+00 3.374222E+00 0E+00 
8.00000e+00 1.27027e-05 0 0E+00 2.822822E+00 0E+00 
8.25000e+00 1.13529e-05 0 0E+00 2.522867E+00 0E+00 
8.50000e+00 1.04676e-05 0 0E+00 2.326133E+00 0E+00 
8.75000e+00 1.19106e-05 0 0E+00 2.6468E+00 0E+00 
9.00000e+00 1.42413e-05 0 0E+00 3.164733E+00 0E+00 
9.25000e+00 1.86937e-05 0 0E+00 4.154156E+00 0E+00 
9.50000e+00 2.10432e-05 0 0E+00 4.676267E+00 0E+00 
9.75000e+00 2.41331e-05 0 0E+00 5.362911E+00 0E+00 
1.00000e+01 2.51855e-05 0 0E+00 5.596778E+00 0E+00 
