>>head<<V(__) 	 I(__) 	 lux 	 CurrC oeff. 	 CurrA/m^-2. 	 lux/m^-1
1.00000e+01	8.68058e-05 	 30.6 	 3.52511E+05 	 1.929018E+01 	 6.8E+06
1.00000e+01	8.68937e-05 	 30.6 	 3.521544E+05 	 1.930971E+01 	 6.8E+06
1.00000e+01	8.97236e-05 	 30.6 	 3.410474E+05 	 1.993858E+01 	 6.8E+06
1.00000e+01	7.87984e-05 	 30.6 	 3.883328E+05 	 1.751076E+01 	 6.8E+06
1.00000e+01	7.85754e-05 	 30.6 	 3.894349E+05 	 1.74612E+01 	 6.8E+06
1.00000e+01	8.91142e-05 	 30.6 	 3.433796E+05 	 1.980316E+01 	 6.8E+06
1.00000e+01	9.11680e-05 	 30.6 	 3.356441E+05 	 2.025956E+01 	 6.8E+06
1.00000e+01	8.82930e-05 	 30.6 	 3.465733E+05 	 1.962067E+01 	 6.8E+06
1.00000e+01	8.89099e-05 	 30.6 	 3.441686E+05 	 1.975776E+01 	 6.8E+06
>>END<<
DATA: /home/user/PycharmProjects/OFET_K2636B_2019.10.15/data/OLED_00_oled_ltp_047.txt
