>>head<<dt(__) 	 I(__) 	 lux 	 CurrCoeff. 	 CurrA/m^-2. 	 lux/m^-1
4.70000e-05	1.17741e-10 	 0 	 0E+00 	 2.616467E-05	0E+00
1.12569e+00	7.29261e-10 	 0 	 0E+00 	 1.62058E-04	0E+00
2.70633e+00	-1.61454e-10 	 0 	 -0E+00 	 -3.587867E-05	0E+00
3.67684e+00	6.36541e-10 	 0 	 0E+00 	 1.414536E-04	0E+00
4.64736e+00	-1.14072e-10 	 0 	 -0E+00 	 -2.534933E-05	0E+00
5.61785e+00	9.01044e-10 	 0 	 0E+00 	 2.00232E-04	0E+00
6.58838e+00	1.63921e-09 	 0 	 0E+00 	 3.642689E-04	0E+00
7.71399e+00	2.13419e-09 	 0 	 0E+00 	 4.742644E-04	0E+00
7.87449e+00	2.99481e-09 	 0 	 0E+00 	 6.655133E-04	0E+00
8.03500e+00	3.10865e-09 	 0 	 0E+00 	 6.908111E-04	0E+00
8.19550e+00	2.92450e-09 	 0 	 0E+00 	 6.498889E-04	0E+00
8.35599e+00	9.99937e-04 	 0 	 0E+00 	 2.222082E+02	0E+00
1.19767e+01	9.99936e-04 	 0 	 0E+00 	 2.22208E+02	0E+00
1.20472e+01	9.99936e-04 	 0 	 0E+00 	 2.22208E+02	0E+00
1.21178e+01	9.99935e-04 	 0 	 0E+00 	 2.222078E+02	0E+00
1.21884e+01	9.99937e-04 	 0 	 0E+00 	 2.222082E+02	0E+00
1.22590e+01	9.99936e-04 	 0 	 0E+00 	 2.22208E+02	0E+00
1.23295e+01	9.99936e-04 	 0 	 0E+00 	 2.22208E+02	0E+00
1.24001e+01	9.99936e-04 	 0 	 0E+00 	 2.22208E+02	0E+00
1.24708e+01	9.99936e-04 	 0 	 0E+00 	 2.22208E+02	0E+00
1.25414e+01	9.99937e-04 	 0 	 0E+00 	 2.222082E+02	0E+00
1.26119e+01	9.99936e-04 	 0 	 0E+00 	 2.22208E+02	0E+00
1.26825e+01	9.99936e-04 	 0 	 0E+00 	 2.22208E+02	0E+00
1.27531e+01	9.99936e-04 	 0 	 0E+00 	 2.22208E+02	0E+00
1.28236e+01	9.99936e-04 	 0 	 0E+00 	 2.22208E+02	0E+00
1.28942e+01	9.99936e-04 	 0 	 0E+00 	 2.22208E+02	0E+00
1.29647e+01	9.99937e-04 	 0 	 0E+00 	 2.222082E+02	0E+00
1.30353e+01	9.99937e-04 	 0 	 0E+00 	 2.222082E+02	0E+00
1.31059e+01	9.99937e-04 	 0 	 0E+00 	 2.222082E+02	0E+00
1.31765e+01	9.99937e-04 	 0 	 0E+00 	 2.222082E+02	0E+00
1.32470e+01	9.99936e-04 	 0 	 0E+00 	 2.22208E+02	0E+00
1.33176e+01	9.99932e-04 	 0 	 0E+00 	 2.222071E+02	0E+00
1.34284e+01	9.99931e-04 	 0 	 0E+00 	 2.222069E+02	0E+00
1.34990e+01	9.99932e-04 	 0 	 0E+00 	 2.222071E+02	0E+00
1.35696e+01	9.99931e-04 	 0 	 0E+00 	 2.222069E+02	0E+00
1.36402e+01	9.99933e-04 	 0 	 0E+00 	 2.222073E+02	0E+00
1.37107e+01	9.99932e-04 	 0 	 0E+00 	 2.222071E+02	0E+00
1.37813e+01	9.99931e-04 	 0 	 0E+00 	 2.222069E+02	0E+00
1.38519e+01	9.99931e-04 	 0 	 0E+00 	 2.222069E+02	0E+00
1.39224e+01	9.99932e-04 	 0 	 0E+00 	 2.222071E+02	0E+00
1.39930e+01	9.99931e-04 	 0 	 0E+00 	 2.222069E+02	0E+00
1.40636e+01	9.99932e-04 	 0 	 0E+00 	 2.222071E+02	0E+00
1.41341e+01	9.99931e-04 	 0 	 0E+00 	 2.222069E+02	0E+00
1.42047e+01	9.99930e-04 	 0 	 0E+00 	 2.222067E+02	0E+00
1.42753e+01	9.99930e-04 	 0 	 0E+00 	 2.222067E+02	0E+00
1.43458e+01	9.99931e-04 	 0 	 0E+00 	 2.222069E+02	0E+00
1.44164e+01	9.99930e-04 	 0 	 0E+00 	 2.222067E+02	0E+00
1.44870e+01	9.99931e-04 	 0 	 0E+00 	 2.222069E+02	0E+00
1.45576e+01	9.99931e-04 	 0 	 0E+00 	 2.222069E+02	0E+00
1.46281e+01	9.99931e-04 	 0 	 0E+00 	 2.222069E+02	0E+00
1.46987e+01	9.99931e-04 	 0 	 0E+00 	 2.222069E+02	0E+00
1.47693e+01	9.99930e-04 	 0 	 0E+00 	 2.222067E+02	0E+00
1.48398e+01	9.99931e-04 	 0 	 0E+00 	 2.222069E+02	0E+00
1.49104e+01	9.99931e-04 	 0 	 0E+00 	 2.222069E+02	0E+00
1.49810e+01	9.99931e-04 	 0 	 0E+00 	 2.222069E+02	0E+00
1.50515e+01	9.99931e-04 	 0 	 0E+00 	 2.222069E+02	0E+00
1.51221e+01	9.99930e-04 	 0 	 0E+00 	 2.222067E+02	0E+00
1.51927e+01	9.99929e-04 	 0 	 0E+00 	 2.222064E+02	0E+00
1.52632e+01	9.99929e-04 	 0 	 0E+00 	 2.222064E+02	0E+00
1.53338e+01	9.99929e-04 	 0 	 0E+00 	 2.222064E+02	0E+00
1.54044e+01	9.99930e-04 	 0 	 0E+00 	 2.222067E+02	0E+00
1.54749e+01	9.99931e-04 	 0 	 0E+00 	 2.222069E+02	0E+00
1.55455e+01	9.99931e-04 	 0 	 0E+00 	 2.222069E+02	0E+00
1.56160e+01	9.99931e-04 	 0 	 0E+00 	 2.222069E+02	0E+00
1.56866e+01	9.99930e-04 	 0 	 0E+00 	 2.222067E+02	0E+00
1.57571e+01	9.99931e-04 	 0 	 0E+00 	 2.222069E+02	0E+00
1.58277e+01	9.99930e-04 	 0 	 0E+00 	 2.222067E+02	0E+00
1.58983e+01	9.99929e-04 	 0 	 0E+00 	 2.222064E+02	0E+00
1.59688e+01	9.99930e-04 	 0 	 0E+00 	 2.222067E+02	0E+00
1.60394e+01	9.99930e-04 	 0 	 0E+00 	 2.222067E+02	0E+00
1.61099e+01	9.99931e-04 	 0 	 0E+00 	 2.222069E+02	0E+00
1.61805e+01	9.99930e-04 	 0 	 0E+00 	 2.222067E+02	0E+00
1.62511e+01	9.99931e-04 	 0 	 0E+00 	 2.222069E+02	0E+00
1.63217e+01	9.99930e-04 	 0 	 0E+00 	 2.222067E+02	0E+00
1.63922e+01	9.99931e-04 	 0 	 0E+00 	 2.222069E+02	0E+00
1.64628e+01	9.99931e-04 	 0 	 0E+00 	 2.222069E+02	0E+00
1.65334e+01	9.99931e-04 	 0 	 0E+00 	 2.222069E+02	0E+00
1.66039e+01	9.99932e-04 	 0 	 0E+00 	 2.222071E+02	0E+00
1.66745e+01	9.99932e-04 	 0 	 0E+00 	 2.222071E+02	0E+00
1.67451e+01	9.99933e-04 	 0 	 0E+00 	 2.222073E+02	0E+00
1.68157e+01	9.99932e-04 	 0 	 0E+00 	 2.222071E+02	0E+00
1.68862e+01	9.99933e-04 	 0 	 0E+00 	 2.222073E+02	0E+00
1.69568e+01	9.99933e-04 	 0 	 0E+00 	 2.222073E+02	0E+00
1.70274e+01	9.99934e-04 	 0 	 0E+00 	 2.222076E+02	0E+00
1.70980e+01	9.99934e-04 	 0 	 0E+00 	 2.222076E+02	0E+00
1.71685e+01	9.99933e-04 	 0 	 0E+00 	 2.222073E+02	0E+00
1.72391e+01	9.99933e-04 	 0 	 0E+00 	 2.222073E+02	0E+00
1.73097e+01	9.99932e-04 	 0 	 0E+00 	 2.222071E+02	0E+00
1.73803e+01	9.99931e-04 	 0 	 0E+00 	 2.222069E+02	0E+00
1.74508e+01	9.99931e-04 	 0 	 0E+00 	 2.222069E+02	0E+00
1.75214e+01	9.99931e-04 	 0 	 0E+00 	 2.222069E+02	0E+00
1.75919e+01	9.99932e-04 	 0 	 0E+00 	 2.222071E+02	0E+00
1.76625e+01	9.99931e-04 	 0 	 0E+00 	 2.222069E+02	0E+00
1.77331e+01	9.99931e-04 	 0 	 0E+00 	 2.222069E+02	0E+00
1.78037e+01	9.99931e-04 	 0 	 0E+00 	 2.222069E+02	0E+00
1.78742e+01	9.99932e-04 	 0 	 0E+00 	 2.222071E+02	0E+00
1.79448e+01	9.99931e-04 	 0 	 0E+00 	 2.222069E+02	0E+00
1.80154e+01	9.99932e-04 	 0 	 0E+00 	 2.222071E+02	0E+00
1.80860e+01	9.99932e-04 	 0 	 0E+00 	 2.222071E+02	0E+00
1.81565e+01	9.99931e-04 	 0 	 0E+00 	 2.222069E+02	0E+00
1.82271e+01	9.99931e-04 	 0 	 0E+00 	 2.222069E+02	0E+00
1.82977e+01	9.99931e-04 	 0 	 0E+00 	 2.222069E+02	0E+00
1.83682e+01	9.99932e-04 	 0 	 0E+00 	 2.222071E+02	0E+00
1.84388e+01	9.99932e-04 	 0 	 0E+00 	 2.222071E+02	0E+00
1.85094e+01	9.99931e-04 	 0 	 0E+00 	 2.222069E+02	0E+00
1.85799e+01	9.99931e-04 	 0 	 0E+00 	 2.222069E+02	0E+00
1.86506e+01	9.99931e-04 	 0 	 0E+00 	 2.222069E+02	0E+00
1.87212e+01	9.99930e-04 	 0 	 0E+00 	 2.222067E+02	0E+00
1.87917e+01	9.99931e-04 	 0 	 0E+00 	 2.222069E+02	0E+00
1.88623e+01	9.99930e-04 	 0 	 0E+00 	 2.222067E+02	0E+00
1.89329e+01	9.99930e-04 	 0 	 0E+00 	 2.222067E+02	0E+00
1.90035e+01	9.99931e-04 	 0 	 0E+00 	 2.222069E+02	0E+00
1.90740e+01	9.99931e-04 	 0 	 0E+00 	 2.222069E+02	0E+00
1.91446e+01	9.99932e-04 	 0 	 0E+00 	 2.222071E+02	0E+00
1.92152e+01	9.99931e-04 	 0 	 0E+00 	 2.222069E+02	0E+00
1.92857e+01	9.99931e-04 	 0 	 0E+00 	 2.222069E+02	0E+00
1.93563e+01	9.99931e-04 	 0 	 0E+00 	 2.222069E+02	0E+00
1.94269e+01	9.99931e-04 	 0 	 0E+00 	 2.222069E+02	0E+00
1.94975e+01	9.99931e-04 	 0 	 0E+00 	 2.222069E+02	0E+00
1.95680e+01	9.99931e-04 	 0 	 0E+00 	 2.222069E+02	0E+00
1.96386e+01	9.99930e-04 	 0 	 0E+00 	 2.222067E+02	0E+00
1.97092e+01	9.99931e-04 	 0 	 0E+00 	 2.222069E+02	0E+00
1.97797e+01	9.99931e-04 	 0 	 0E+00 	 2.222069E+02	0E+00
1.98503e+01	9.99932e-04 	 0 	 0E+00 	 2.222071E+02	0E+00
DATA: /home/user/PycharmProjects/OFET_K2636B_2019.10.15/data/OLED_00_oled_ltp_014.txt
