V(__) I(__) lux CurrC oeff. CurrA/m^-2. lux/m^-1
7.01000e+00 -2.23708e-13 0 -0E+00 -4.971289E-08 0E+00 
7.02000e+00 -2.33531e-13 0 -0E+00 -5.189578E-08 0E+00 
7.03000e+00 -2.04706e-13 0 -0E+00 -4.549022E-08 0E+00 
7.04000e+00 -2.15673e-13 0 -0E+00 -4.792733E-08 0E+00 
7.05000e+00 -2.39551e-13 0 -0E+00 -5.323356E-08 0E+00 
7.06000e+00 -2.32339e-13 0 -0E+00 -5.163089E-08 0E+00 
7.07000e+00 -2.18272e-13 0 -0E+00 -4.850489E-08 0E+00 
7.08000e+00 -2.28214e-13 0 -0E+00 -5.071422E-08 0E+00 
7.09000e+00 -2.28560e-13 0 -0E+00 -5.079111E-08 0E+00 
7.10000e+00 -2.24507e-13 0 -0E+00 -4.989044E-08 0E+00 
7.11000e+00 -2.13909e-13 0 -0E+00 -4.753533E-08 0E+00 
7.12000e+00 -2.23279e-13 0 -0E+00 -4.961756E-08 0E+00 
7.13000e+00 -2.28810e-13 0 -0E+00 -5.084667E-08 0E+00 
7.14000e+00 -2.21932e-13 0 -0E+00 -4.931822E-08 0E+00 
7.15000e+00 -2.30980e-13 0 -0E+00 -5.132889E-08 0E+00 
7.16000e+00 -2.26367e-13 0 -0E+00 -5.030378E-08 0E+00 
7.17000e+00 -2.27594e-13 0 -0E+00 -5.057644E-08 0E+00 
7.18000e+00 -2.28071e-13 0 -0E+00 -5.068244E-08 0E+00 
7.19000e+00 -2.31802e-13 0 -0E+00 -5.151156E-08 0E+00 
7.20000e+00 -2.27344e-13 0 -0E+00 -5.052089E-08 0E+00 
7.21000e+00 -2.36893e-13 0 -0E+00 -5.264289E-08 0E+00 
7.22000e+00 -2.18785e-13 0 -0E+00 -4.861889E-08 0E+00 
7.23000e+00 -2.26343e-13 0 -0E+00 -5.029844E-08 0E+00 
7.24000e+00 -2.18153e-13 0 -0E+00 -4.847844E-08 0E+00 
7.25000e+00 -2.17843e-13 0 -0E+00 -4.840956E-08 0E+00 
7.26000e+00 -2.03586e-13 0 -0E+00 -4.524133E-08 0E+00 
7.27000e+00 -2.18534e-13 0 -0E+00 -4.856311E-08 0E+00 
7.28000e+00 -2.06089e-13 0 -0E+00 -4.579756E-08 0E+00 
7.29000e+00 -2.33066e-13 0 -0E+00 -5.179244E-08 0E+00 
7.30000e+00 -2.14255e-13 0 -0E+00 -4.761222E-08 0E+00 
7.31000e+00 -2.30575e-13 0 -0E+00 -5.123889E-08 0E+00 
7.32000e+00 -2.24221e-13 0 -0E+00 -4.982689E-08 0E+00 
7.33000e+00 -2.14112e-13 0 -0E+00 -4.758044E-08 0E+00 
7.34000e+00 -2.28238e-13 0 -0E+00 -5.071956E-08 0E+00 
