V(__) I(__) lux CurrC oeff. CurrA/m^-2. lux/m^-1
1.00000e+01 6.38611e-05 30.6 4.791649E+05 1.419136E+01 6.8E+06 
1.00000e+01 6.04160e-05 30.6 5.064883E+05 1.342578E+01 6.8E+06 
1.00000e+01 5.99636e-05 30.6 5.103096E+05 1.332524E+01 6.8E+06 
1.00000e+01 6.11813e-05 30.6 5.001528E+05 1.359584E+01 6.8E+06 
1.00000e+01 5.66401e-05 30.6 5.402533E+05 1.258669E+01 6.8E+06 
1.00000e+01 5.74577e-05 30.6 5.325657E+05 1.276838E+01 6.8E+06 
1.00000e+01 5.62854e-05 30.6 5.436579E+05 1.250787E+01 6.8E+06 
1.00000e+01 5.68568e-05 30.6 5.381942E+05 1.263484E+01 6.8E+06 
1.00000e+01 5.56620e-05 30.6 5.497467E+05 1.236933E+01 6.8E+06 
1.00000e+01 5.52766e-05 30.6 5.535796E+05 1.228369E+01 6.8E+06 
1.00000e+01 5.52925e-05 30.6 5.534204E+05 1.228722E+01 6.8E+06 
1.00000e+01 5.49406e-05 30.6 5.569652E+05 1.220902E+01 6.8E+06 
1.00000e+01 5.46226e-05 30.6 5.602077E+05 1.213836E+01 6.8E+06 
1.00000e+01 5.47655e-05 30.6 5.587459E+05 1.217011E+01 6.8E+06 
1.00000e+01 5.52294e-05 30.6 5.540527E+05 1.22732E+01 6.8E+06 
1.00000e+01 5.43496e-05 30.6 5.630216E+05 1.207769E+01 6.8E+06 
1.00000e+01 5.40665e-05 30.6 5.659697E+05 1.201478E+01 6.8E+06 
1.00000e+01 5.44735e-05 30.6 5.61741E+05 1.210522E+01 6.8E+06 
1.00000e+01 5.41820e-05 30.6 5.647632E+05 1.204044E+01 6.8E+06 
1.00000e+01 5.31418e-05 30.6 5.758179E+05 1.180929E+01 6.8E+06 
1.00000e+01 5.27058e-05 30.6 5.805813E+05 1.17124E+01 6.8E+06 
1.00000e+01 5.27073e-05 30.6 5.805647E+05 1.171273E+01 6.8E+06 
1.00000e+01 5.25179e-05 30.6 5.826585E+05 1.167064E+01 6.8E+06 
1.00000e+01 5.21936e-05 30.6 5.862788E+05 1.159858E+01 6.8E+06 
1.00000e+01 5.30955e-05 30.6 5.7632E+05 1.1799E+01 6.8E+06 
1.00000e+01 5.31472e-05 30.6 5.757594E+05 1.181049E+01 6.8E+06 
1.00000e+01 5.27875e-05 30.6 5.796827E+05 1.173056E+01 6.8E+06 
1.00000e+01 5.28387e-05 30.6 5.79121E+05 1.174193E+01 6.8E+06 
1.00000e+01 5.99556e-05 30.6 5.103777E+05 1.332347E+01 6.8E+06 
1.00000e+01 5.73149e-05 30.6 5.338926E+05 1.273664E+01 6.8E+06 
1.00000e+01 5.56972e-05 30.6 5.493993E+05 1.237716E+01 6.8E+06 
1.00000e+01 5.43051e-05 30.6 5.63483E+05 1.20678E+01 6.8E+06 
1.00000e+01 5.42699e-05 30.6 5.638485E+05 1.205998E+01 6.8E+06 
1.00000e+01 5.35253e-05 30.6 5.716923E+05 1.189451E+01 6.8E+06 
1.00000e+01 5.42306e-05 30.6 5.642571E+05 1.205124E+01 6.8E+06 
1.00000e+01 5.35530e-05 30.6 5.713966E+05 1.190067E+01 6.8E+06 
1.00000e+01 5.34002e-05 30.6 5.730316E+05 1.186671E+01 6.8E+06 
1.00000e+01 5.28600e-05 30.6 5.788876E+05 1.174667E+01 6.8E+06 
1.00000e+01 5.30948e-05 30.6 5.763276E+05 1.179884E+01 6.8E+06 
1.00000e+01 9.13486e-05 30.6 3.349805E+05 2.029969E+01 6.8E+06 
1.00000e+01 9.98639e-05 30.6 3.06417E+05 2.219198E+01 6.8E+06 
1.00000e+01 9.72120e-05 30.6 3.14776E+05 2.160267E+01 6.8E+06 
1.00000e+01 1.09629e-04 30.6 2.791232E+05 2.4362E+01 6.8E+06 
1.00000e+01 1.11070e-04 30.6 2.755019E+05 2.468222E+01 6.8E+06 
1.00000e+01 1.01619e-04 30.6 3.011248E+05 2.2582E+01 6.8E+06 
1.00000e+01 9.56632e-05 30.6 3.198722E+05 2.125849E+01 6.8E+06 
1.00000e+01 8.97554e-05 30.6 3.409266E+05 1.994564E+01 6.8E+06 
1.00000e+01 8.69438e-05 30.6 3.519515E+05 1.932084E+01 6.8E+06 
1.00000e+01 8.16641e-05 30.6 3.747057E+05 1.814758E+01 6.8E+06 
1.00000e+01 8.75833e-05 30.6 3.493817E+05 1.946296E+01 6.8E+06 
1.00000e+01 8.72093e-05 30.6 3.5088E+05 1.937984E+01 6.8E+06 
1.00000e+01 9.33730e-05 30.6 3.277179E+05 2.074956E+01 6.8E+06 
1.00000e+01 9.08440e-05 30.6 3.368412E+05 2.018756E+01 6.8E+06 
1.00000e+01 8.50001e-05 30.6 3.599996E+05 1.888891E+01 6.8E+06 
1.00000e+01 8.20750e-05 29.6 3.606458E+05 1.823889E+01 6.577778E+06 
1.00000e+01 8.70342e-05 30.6 3.515859E+05 1.934093E+01 6.8E+06 
1.00000e+01 8.82274e-05 29.6 3.354967E+05 1.960609E+01 6.577778E+06 
1.00000e+01 8.70866e-05 30.6 3.513744E+05 1.935258E+01 6.8E+06 
1.00000e+01 8.41884e-05 29.6 3.515924E+05 1.870853E+01 6.577778E+06 
1.00000e+01 8.18820e-05 29.6 3.614958E+05 1.8196E+01 6.577778E+06 
1.00000e+01 1.06128e-04 30.6 2.883311E+05 2.3584E+01 6.8E+06 
1.00000e+01 8.59117e-05 29.6 3.445398E+05 1.909149E+01 6.577778E+06 
1.00000e+01 9.24259e-05 29.6 3.202566E+05 2.053909E+01 6.577778E+06 
      
