V(__) I(__) lux CurrC oeff. CurrA/m^-2. lux/m^-1
0.00000e+00 -3.90376e-04 0 -0E+00 -8.675022E+01 0E+00 
2.50000e-01 9.99955e-02 0 0E+00 2.222122E+04 0E+00 
5.00000e-01 9.99953e-02 0 0E+00 2.222118E+04 0E+00 
7.50000e-01 9.99954e-02 0 0E+00 2.22212E+04 0E+00 
1.00000e+00 9.99955e-02 0 0E+00 2.222122E+04 0E+00 
1.25000e+00 9.99954e-02 0 0E+00 2.22212E+04 0E+00 
1.50000e+00 9.99955e-02 0 0E+00 2.222122E+04 0E+00 
1.75000e+00 9.99957e-02 0 0E+00 2.222127E+04 0E+00 
2.00000e+00 9.99958e-02 0 0E+00 2.222129E+04 0E+00 
2.25000e+00 9.99957e-02 0 0E+00 2.222127E+04 0E+00 
2.50000e+00 9.99956e-02 0 0E+00 2.222124E+04 0E+00 
2.75000e+00 9.99955e-02 0 0E+00 2.222122E+04 0E+00 
3.00000e+00 9.99955e-02 0 0E+00 2.222122E+04 0E+00 
3.25000e+00 9.99955e-02 0 0E+00 2.222122E+04 0E+00 
3.50000e+00 9.99954e-02 0 0E+00 2.22212E+04 0E+00 
3.75000e+00 9.99955e-02 0 0E+00 2.222122E+04 0E+00 
4.00000e+00 9.99955e-02 0 0E+00 2.222122E+04 0E+00 
4.25000e+00 9.99955e-02 0 0E+00 2.222122E+04 0E+00 
4.50000e+00 9.99954e-02 0 0E+00 2.22212E+04 0E+00 
4.75000e+00 9.99955e-02 0 0E+00 2.222122E+04 0E+00 
5.00000e+00 9.99957e-02 0 0E+00 2.222127E+04 0E+00 
5.25000e+00 9.99958e-02 0 0E+00 2.222129E+04 0E+00 
5.50000e+00 9.99957e-02 0 0E+00 2.222127E+04 0E+00 
5.75000e+00 9.99958e-02 0 0E+00 2.222129E+04 0E+00 
6.00000e+00 9.99957e-02 0 0E+00 2.222127E+04 0E+00 
6.25000e+00 9.99956e-02 0 0E+00 2.222124E+04 0E+00 
6.50000e+00 9.99957e-02 0 0E+00 2.222127E+04 0E+00 
6.75000e+00 9.99957e-02 0 0E+00 2.222127E+04 0E+00 
7.00000e+00 9.99956e-02 0 0E+00 2.222124E+04 0E+00 
7.25000e+00 9.99956e-02 0 0E+00 2.222124E+04 0E+00 
7.50000e+00 9.99958e-02 0 0E+00 2.222129E+04 0E+00 
7.75000e+00 9.99957e-02 0 0E+00 2.222127E+04 0E+00 
8.00000e+00 9.99957e-02 0 0E+00 2.222127E+04 0E+00 
8.25000e+00 9.99957e-02 0 0E+00 2.222127E+04 0E+00 
8.50000e+00 9.99956e-02 0 0E+00 2.222124E+04 0E+00 
8.75000e+00 9.99956e-02 0 0E+00 2.222124E+04 0E+00 
9.00000e+00 9.99954e-02 0 0E+00 2.22212E+04 0E+00 
9.25000e+00 9.99955e-02 0 0E+00 2.222122E+04 0E+00 
9.50000e+00 9.99955e-02 0 0E+00 2.222122E+04 0E+00 
9.75000e+00 9.99955e-02 0 0E+00 2.222122E+04 0E+00 
1.00000e+01 9.99955e-02 0 0E+00 2.222122E+04 0E+00 
