V(__) I(__) lux CurrC oeff. CurrA/m^-2. lux/m^-1
7.10000e+00 9.99955e-02 0 0E+00 2.222122E+04 0E+00 
7.20000e+00 9.99956e-02 0 0E+00 2.222124E+04 0E+00 
7.30000e+00 9.99957e-02 0 0E+00 2.222127E+04 0E+00 
7.40000e+00 9.99957e-02 0 0E+00 2.222127E+04 0E+00 
7.50000e+00 9.99957e-02 0 0E+00 2.222127E+04 0E+00 
7.60000e+00 9.99955e-02 0 0E+00 2.222122E+04 0E+00 
7.70000e+00 9.99954e-02 0 0E+00 2.22212E+04 0E+00 
7.80000e+00 9.99955e-02 0 0E+00 2.222122E+04 0E+00 
7.90000e+00 9.99958e-02 0 0E+00 2.222129E+04 0E+00 
8.00000e+00 9.99959e-02 0 0E+00 2.222131E+04 0E+00 
8.10000e+00 9.99957e-02 0 0E+00 2.222127E+04 0E+00 
8.00000e+00 9.99959e-02 0 0E+00 2.222131E+04 0E+00 
7.90000e+00 9.99960e-02 0 0E+00 2.222133E+04 0E+00 
7.80000e+00 9.99958e-02 0 0E+00 2.222129E+04 0E+00 
7.70000e+00 9.99958e-02 0 0E+00 2.222129E+04 0E+00 
7.60000e+00 9.99958e-02 0 0E+00 2.222129E+04 0E+00 
7.50000e+00 9.99959e-02 0 0E+00 2.222131E+04 0E+00 
7.40000e+00 9.99958e-02 0 0E+00 2.222129E+04 0E+00 
7.30000e+00 9.99957e-02 0 0E+00 2.222127E+04 0E+00 
7.20000e+00 9.99957e-02 0 0E+00 2.222127E+04 0E+00 
7.10000e+00 9.99957e-02 0 0E+00 2.222127E+04 0E+00 
7.00000e+00 9.99959e-02 0 0E+00 2.222131E+04 0E+00 
