V(__) I(__) lux CurrC oeff. CurrA/m^-2. lux/m^-1
0.00000e+00 -1.51527e-11 0 -0E+00 -3.367267E-06 0E+00 
2.50000e-01 -5.14795e-11 0 -0E+00 -1.143989E-05 0E+00 
5.00000e-01 -7.20239e-12 0 -0E+00 -1.600531E-06 0E+00 
7.50000e-01 -8.88482e-11 0 -0E+00 -1.974404E-05 0E+00 
1.00000e+00 8.56682e-11 0 0E+00 1.903738E-05 0E+00 
1.25000e+00 2.04266e-12 0 0E+00 4.539244E-07 0E+00 
1.50000e+00 2.73275e-11 0 0E+00 6.072778E-06 0E+00 
1.75000e+00 -2.24069e-12 0 -0E+00 -4.979311E-07 0E+00 
2.00000e+00 1.73660e-11 0 0E+00 3.859111E-06 0E+00 
2.25000e+00 5.59942e-12 0 0E+00 1.244316E-06 0E+00 
2.50000e+00 -5.11467e-12 0 -0E+00 -1.136593E-06 0E+00 
2.75000e+00 5.03958e-07 0 0E+00 1.119907E-01 0E+00 
3.00000e+00 5.81624e-07 0 0E+00 1.292498E-01 0E+00 
3.25000e+00 6.34515e-07 0 0E+00 1.410033E-01 0E+00 
3.50000e+00 7.50625e-07 0 0E+00 1.668056E-01 0E+00 
3.75000e+00 7.57309e-07 0 0E+00 1.682909E-01 0E+00 
4.00000e+00 9.49637e-07 0 0E+00 2.110304E-01 0E+00 
4.25000e+00 1.75959e-06 0 0E+00 3.9102E-01 0E+00 
4.50000e+00 1.98229e-06 0 0E+00 4.405089E-01 0E+00 
4.75000e+00 2.09107e-06 0 0E+00 4.646822E-01 0E+00 
5.00000e+00 2.21350e-06 0 0E+00 4.918889E-01 0E+00 
5.25000e+00 2.34903e-06 0 0E+00 5.220067E-01 0E+00 
5.50000e+00 2.49073e-06 0 0E+00 5.534956E-01 0E+00 
5.75000e+00 2.63727e-06 0 0E+00 5.8606E-01 0E+00 
6.00000e+00 2.80370e-06 0 0E+00 6.230444E-01 0E+00 
6.25000e+00 2.98252e-06 0 0E+00 6.627822E-01 0E+00 
6.50000e+00 3.20603e-06 0 0E+00 7.124511E-01 0E+00 
6.75000e+00 3.45066e-06 0 0E+00 7.668133E-01 0E+00 
7.00000e+00 3.78009e-06 0 0E+00 8.4002E-01 0E+00 
7.25000e+00 4.12553e-06 0 0E+00 9.167844E-01 0E+00 
7.50000e+00 4.53986e-06 0 0E+00 1.008858E+00 0E+00 
7.75000e+00 5.06388e-06 0 0E+00 1.125307E+00 0E+00 
8.00000e+00 5.64457e-06 0 0E+00 1.254349E+00 0E+00 
8.25000e+00 6.35138e-06 0 0E+00 1.411418E+00 0E+00 
8.50000e+00 7.13491e-06 0 0E+00 1.585536E+00 0E+00 
8.75000e+00 8.07800e-06 0 0E+00 1.795111E+00 0E+00 
9.00000e+00 9.12158e-06 0 0E+00 2.027018E+00 0E+00 
9.25000e+00 1.03095e-05 0 0E+00 2.291E+00 0E+00 
9.50000e+00 1.16649e-05 0 0E+00 2.5922E+00 0E+00 
9.75000e+00 1.31536e-05 0 0E+00 2.923022E+00 0E+00 
1.00000e+01 1.47790e-05 0 0E+00 3.284222E+00 0E+00 
1.02500e+01 1.66831e-05 0 0E+00 3.707356E+00 0E+00 
1.05000e+01 1.88370e-05 0 0E+00 4.186E+00 0E+00 
1.07500e+01 2.11124e-05 0 0E+00 4.691644E+00 0E+00 
1.10000e+01 2.37507e-05 0 0E+00 5.277933E+00 0E+00 
1.12500e+01 2.66220e-05 0 0E+00 5.916E+00 0E+00 
1.15000e+01 2.98490e-05 0 0E+00 6.633111E+00 0E+00 
1.17500e+01 3.31817e-05 0 0E+00 7.373711E+00 0E+00 
1.20000e+01 3.70409e-05 0 0E+00 8.231311E+00 0E+00 
1.22500e+01 4.10578e-05 0 0E+00 9.123956E+00 0E+00 
1.25000e+01 4.56216e-05 0 0E+00 1.013813E+01 0E+00 
1.27500e+01 5.06249e-05 0 0E+00 1.124998E+01 0E+00 
1.30000e+01 5.61213e-05 0 0E+00 1.24714E+01 0E+00 
1.32500e+01 6.18060e-05 0 0E+00 1.373467E+01 0E+00 
1.35000e+01 6.83494e-05 0 0E+00 1.518876E+01 0E+00 
1.37500e+01 7.52691e-05 0 0E+00 1.672647E+01 0E+00 
1.40000e+01 8.30975e-05 0 0E+00 1.846611E+01 0E+00 
1.42500e+01 9.12668e-05 0 0E+00 2.028151E+01 0E+00 
1.45000e+01 1.00496e-04 0 0E+00 2.233244E+01 0E+00 
1.47500e+01 1.09547e-04 0 0E+00 2.434378E+01 0E+00 
1.50000e+01 1.19991e-04 0 0E+00 2.666467E+01 0E+00 
