V(__) I(__) lux CurrC oeff. CurrA/m^-2. lux/m^-1
1.00000e+01 4.58541e-05 57.12 1.24569E+06 1.01898E+01 1.269333E+07 
1.00000e+01 4.54449e-05 57.12 1.256907E+06 1.009887E+01 1.269333E+07 
1.00000e+01 4.83671e-05 57.12 1.180968E+06 1.074824E+01 1.269333E+07 
1.00000e+01 4.73050e-05 57.12 1.207483E+06 1.051222E+01 1.269333E+07 
1.00000e+01 4.71590e-05 57.12 1.211222E+06 1.047978E+01 1.269333E+07 
1.00000e+01 4.83866e-05 57.12 1.180492E+06 1.075258E+01 1.269333E+07 
1.00000e+01 4.67122e-05 57.12 1.222807E+06 1.038049E+01 1.269333E+07 
1.00000e+01 4.78356e-05 57.12 1.19409E+06 1.063013E+01 1.269333E+07 
1.00000e+01 4.72343e-05 57.12 1.209291E+06 1.049651E+01 1.269333E+07 
1.00000e+01 4.71762e-05 57.12 1.21078E+06 1.04836E+01 1.269333E+07 
1.00000e+01 4.97915e-05 57.12 1.147184E+06 1.106478E+01 1.269333E+07 
1.00000e+01 5.27157e-05 57.12 1.083548E+06 1.17146E+01 1.269333E+07 
1.00000e+01 4.83523e-05 57.12 1.18133E+06 1.074496E+01 1.269333E+07 
1.00000e+01 4.78503e-05 57.12 1.193723E+06 1.06334E+01 1.269333E+07 
1.00000e+01 4.87787e-05 57.12 1.171003E+06 1.083971E+01 1.269333E+07 
1.00000e+01 5.21815e-05 57.12 1.094641E+06 1.159589E+01 1.269333E+07 
1.00000e+01 4.93210e-05 57.12 1.158127E+06 1.096022E+01 1.269333E+07 
1.00000e+01 4.88518e-05 57.12 1.169251E+06 1.085596E+01 1.269333E+07 
1.00000e+01 4.75228e-05 57.12 1.201949E+06 1.056062E+01 1.269333E+07 
1.00000e+01 5.05964e-05 57.12 1.128934E+06 1.124364E+01 1.269333E+07 
1.00000e+01 5.29409e-05 57.12 1.078939E+06 1.176464E+01 1.269333E+07 
1.00000e+01 5.03109e-05 57.12 1.13534E+06 1.11802E+01 1.269333E+07 
1.00000e+01 4.92930e-05 57.12 1.158785E+06 1.0954E+01 1.269333E+07 
1.00000e+01 5.08935e-05 57.12 1.122344E+06 1.130967E+01 1.269333E+07 
1.00000e+01 4.85676e-05 57.12 1.176093E+06 1.07928E+01 1.269333E+07 
1.00000e+01 5.19972e-05 57.12 1.098521E+06 1.155493E+01 1.269333E+07 
1.00000e+01 4.81060e-05 57.12 1.187378E+06 1.069022E+01 1.269333E+07 
1.00000e+01 5.26393e-05 57.12 1.085121E+06 1.169762E+01 1.269333E+07 
      
