V(__) I(__) lux CurrC oeff. CurrA/m^-2. lux/m^-1
1.00000e+01 7.20816e-05 59.13 8.203203E+05 1.601813E+01 1.314E+07 
1.00000e+01 6.75977e-05 58.13 8.599405E+05 1.502171E+01 1.291778E+07 
1.00000e+01 6.50858e-05 58.13 8.931288E+05 1.446351E+01 1.291778E+07 
1.00000e+01 6.16186e-05 58.13 9.43384E+05 1.369302E+01 1.291778E+07 
1.00000e+01 6.23139e-05 58.13 9.328577E+05 1.384753E+01 1.291778E+07 
1.00000e+01 6.12871e-05 58.13 9.484867E+05 1.361936E+01 1.291778E+07 
1.00000e+01 6.50135e-05 58.13 8.94122E+05 1.444744E+01 1.291778E+07 
1.00000e+01 6.54905e-05 58.13 8.876097E+05 1.455344E+01 1.291778E+07 
1.00000e+01 6.20947e-05 58.13 9.361508E+05 1.379882E+01 1.291778E+07 
1.00000e+01 6.04793e-05 58.13 9.611553E+05 1.343984E+01 1.291778E+07 
1.00000e+01 5.78821e-05 58.13 1.004283E+06 1.286269E+01 1.291778E+07 
1.00000e+01 5.93293e-05 58.13 9.797857E+05 1.318429E+01 1.291778E+07 
1.00000e+01 5.95355e-05 58.13 9.763922E+05 1.323011E+01 1.291778E+07 
1.00000e+01 5.80894e-05 58.13 1.000699E+06 1.290876E+01 1.291778E+07 
1.00000e+01 5.71712e-05 58.13 1.016771E+06 1.270471E+01 1.291778E+07 
1.00000e+01 5.82489e-05 58.13 9.979588E+05 1.29442E+01 1.291778E+07 
1.00000e+01 6.61894e-05 58.13 8.782373E+05 1.470876E+01 1.291778E+07 
1.00000e+01 6.46370e-05 58.13 8.993301E+05 1.436378E+01 1.291778E+07 
1.00000e+01 6.35921e-05 58.13 9.141073E+05 1.413158E+01 1.291778E+07 
1.00000e+01 6.58184e-05 58.13 8.831877E+05 1.462631E+01 1.291778E+07 
1.00000e+01 5.88868e-05 58.13 9.871482E+05 1.308596E+01 1.291778E+07 
1.00000e+01 5.47345e-05 58.13 1.062036E+06 1.216322E+01 1.291778E+07 
1.00000e+01 1.89091e-04 58.13 3.074181E+05 4.202022E+01 1.291778E+07 
1.00000e+01 1.67101e-04 58.13 3.478734E+05 3.713356E+01 1.291778E+07 
1.00000e+01 1.69613e-04 58.13 3.427214E+05 3.769178E+01 1.291778E+07 
1.00000e+01 1.77135e-04 58.13 3.281678E+05 3.936333E+01 1.291778E+07 
1.00000e+01 1.59551e-04 58.13 3.643349E+05 3.545578E+01 1.291778E+07 
1.00000e+01 1.52249e-04 58.13 3.818087E+05 3.383311E+01 1.291778E+07 
1.00000e+01 4.94291e-05 58.13 1.176028E+06 1.098424E+01 1.291778E+07 
1.00000e+01 5.43745e-05 58.13 1.069067E+06 1.208322E+01 1.291778E+07 
1.00000e+01 5.12345e-05 58.13 1.134587E+06 1.138544E+01 1.291778E+07 
1.00000e+01 4.72223e-05 58.13 1.230986E+06 1.049384E+01 1.291778E+07 
1.00000e+01 4.78870e-05 58.13 1.213899E+06 1.064156E+01 1.291778E+07 
1.00000e+01 4.70243e-05 58.13 1.236169E+06 1.044984E+01 1.291778E+07 
1.00000e+01 4.91109e-05 58.13 1.183648E+06 1.091353E+01 1.291778E+07 
1.00000e+01 5.24643e-05 58.13 1.107992E+06 1.165873E+01 1.291778E+07 
1.00000e+01 4.80876e-05 58.13 1.208836E+06 1.068613E+01 1.291778E+07 
1.00000e+01 4.78050e-05 58.13 1.215982E+06 1.062333E+01 1.291778E+07 
1.00000e+01 4.77546e-05 58.13 1.217265E+06 1.061213E+01 1.291778E+07 
1.00000e+01 4.78545e-05 57.13 1.193827E+06 1.063433E+01 1.269556E+07 
1.00000e+01 4.71705e-05 57.13 1.211138E+06 1.048233E+01 1.269556E+07 
1.00000e+01 4.77639e-05 57.13 1.196092E+06 1.06142E+01 1.269556E+07 
1.00000e+01 4.74547e-05 57.13 1.203885E+06 1.054549E+01 1.269556E+07 
1.00000e+01 4.74159e-05 57.13 1.20487E+06 1.053687E+01 1.269556E+07 
1.00000e+01 4.76011e-05 57.13 1.200182E+06 1.057802E+01 1.269556E+07 
      
