>>head<<dt(__) 	 I(__) 	 lux 	 CurrCoeff. 	 CurrA/m^-2. 	 lux/m^-2 	 %lux/m^-2
4.30000e-05	5.80580e-03 	 0 	 0E+00 	 1.290178E+03	0E+00	100.0
7.04690e-02	5.79375e-03 	 0 	 0E+00 	 1.2875E+03	0E+00	99.79244893037996
1.40869e-01	5.78379e-03 	 0 	 0E+00 	 1.285287E+03	0E+00	99.62089634503427
2.11237e-01	5.77725e-03 	 0 	 0E+00 	 1.283833E+03	0E+00	99.50825037031935
2.81595e-01	5.77251e-03 	 0 	 0E+00 	 1.28278E+03	0E+00	99.42660787488373
3.51945e-01	5.76822e-03 	 0 	 0E+00 	 1.281827E+03	0E+00	99.35271624926798
4.22305e-01	5.76513e-03 	 0 	 0E+00 	 1.28114E+03	0E+00	99.29949360983845
4.92649e-01	5.76235e-03 	 0 	 0E+00 	 1.280522E+03	0E+00	99.25161045850702
5.63004e-01	5.75947e-03 	 0 	 0E+00 	 1.279882E+03	0E+00	99.20200489166007
6.33349e-01	5.75807e-03 	 0 	 0E+00 	 1.279571E+03	0E+00	99.1778910744428
7.03687e-01	5.75430e-03 	 0 	 0E+00 	 1.278733E+03	0E+00	99.11295600950774
7.74016e-01	5.75282e-03 	 0 	 0E+00 	 1.278404E+03	0E+00	99.08746425987805
8.44365e-01	5.75171e-03 	 0 	 0E+00 	 1.278158E+03	0E+00	99.06834544765579
9.14722e-01	5.74944e-03 	 0 	 0E+00 	 1.277653E+03	0E+00	99.02924661545352
9.85068e-01	5.74755e-03 	 0 	 0E+00 	 1.277233E+03	0E+00	98.9966929622102
1.05540e+00	5.74664e-03 	 0 	 0E+00 	 1.277031E+03	0E+00	98.98101898101898
1.12576e+00	5.74543e-03 	 0 	 0E+00 	 1.276762E+03	0E+00	98.96017775328122
1.19608e+00	5.74589e-03 	 0 	 0E+00 	 1.276864E+03	0E+00	98.9681008646526
1.26643e+00	5.74310e-03 	 0 	 0E+00 	 1.276244E+03	0E+00	98.92004547176961
1.33678e+00	5.74149e-03 	 0 	 0E+00 	 1.275887E+03	0E+00	98.89231458196976
1.40714e+00	5.74049e-03 	 0 	 0E+00 	 1.275664E+03	0E+00	98.87509042681457
1.47747e+00	5.73919e-03 	 0 	 0E+00 	 1.275376E+03	0E+00	98.85269902511281
1.54781e+00	5.73864e-03 	 0 	 0E+00 	 1.275253E+03	0E+00	98.84322573977745
1.61814e+00	5.73729e-03 	 0 	 0E+00 	 1.274953E+03	0E+00	98.81997313031796
1.68853e+00	5.73674e-03 	 0 	 0E+00 	 1.274831E+03	0E+00	98.81049984498262
1.75888e+00	5.73583e-03 	 0 	 0E+00 	 1.274629E+03	0E+00	98.79482586379137
1.82924e+00	5.73414e-03 	 0 	 0E+00 	 1.274253E+03	0E+00	98.76571704157912
1.89959e+00	5.73326e-03 	 0 	 0E+00 	 1.274058E+03	0E+00	98.75055978504254
1.96995e+00	5.73237e-03 	 0 	 0E+00 	 1.27386E+03	0E+00	98.73523028695443
2.04041e+00	5.73160e-03 	 0 	 0E+00 	 1.273689E+03	0E+00	98.72196768748493
2.11087e+00	5.73023e-03 	 0 	 0E+00 	 1.273384E+03	0E+00	98.69837059492234
2.18133e+00	5.73006e-03 	 0 	 0E+00 	 1.273347E+03	0E+00	98.69544248854594
2.25177e+00	5.72883e-03 	 0 	 0E+00 	 1.273073E+03	0E+00	98.67425677770507
2.32224e+00	5.72731e-03 	 0 	 0E+00 	 1.272736E+03	0E+00	98.64807606186916
2.39270e+00	5.72614e-03 	 0 	 0E+00 	 1.272476E+03	0E+00	98.62792380033761
2.46316e+00	5.72592e-03 	 0 	 0E+00 	 1.272427E+03	0E+00	98.62413448620346
2.53360e+00	5.72530e-03 	 0 	 0E+00 	 1.272289E+03	0E+00	98.61345551000723
2.60404e+00	5.72435e-03 	 0 	 0E+00 	 1.272078E+03	0E+00	98.59709256260979
2.67450e+00	5.72228e-03 	 0 	 0E+00 	 1.271618E+03	0E+00	98.56143856143856
2.74495e+00	5.72095e-03 	 0 	 0E+00 	 1.271322E+03	0E+00	98.53853043508217
2.81541e+00	5.71922e-03 	 0 	 0E+00 	 1.270938E+03	0E+00	98.50873264666367
2.88586e+00	5.71844e-03 	 0 	 0E+00 	 1.270764E+03	0E+00	98.49529780564264
2.95631e+00	5.71660e-03 	 0 	 0E+00 	 1.270356E+03	0E+00	98.46360536015708
3.02677e+00	5.71566e-03 	 0 	 0E+00 	 1.270147E+03	0E+00	98.44741465431122
3.09719e+00	5.71530e-03 	 0 	 0E+00 	 1.270067E+03	0E+00	98.44121395845535
3.16764e+00	5.71397e-03 	 0 	 0E+00 	 1.269771E+03	0E+00	98.41830583209892
3.23809e+00	5.71280e-03 	 0 	 0E+00 	 1.269511E+03	0E+00	98.39815357056737
3.30854e+00	5.71187e-03 	 0 	 0E+00 	 1.269304E+03	0E+00	98.38213510627304
3.37899e+00	5.71062e-03 	 0 	 0E+00 	 1.269027E+03	0E+00	98.36060491232905
3.44946e+00	5.70940e-03 	 0 	 0E+00 	 1.268756E+03	0E+00	98.33959144303972
3.51987e+00	5.70904e-03 	 0 	 0E+00 	 1.268676E+03	0E+00	98.33339074718387
3.59032e+00	5.70854e-03 	 0 	 0E+00 	 1.268564E+03	0E+00	98.32477866960626
3.66076e+00	5.70728e-03 	 0 	 0E+00 	 1.268284E+03	0E+00	98.30307623411072
3.73120e+00	5.70593e-03 	 0 	 0E+00 	 1.267984E+03	0E+00	98.27982362465121
3.80165e+00	5.70486e-03 	 0 	 0E+00 	 1.267747E+03	0E+00	98.26139377863517
3.87210e+00	5.70423e-03 	 0 	 0E+00 	 1.267607E+03	0E+00	98.2505425608874
3.94257e+00	5.70326e-03 	 0 	 0E+00 	 1.267391E+03	0E+00	98.23383513038685
4.01300e+00	5.70297e-03 	 0 	 0E+00 	 1.267327E+03	0E+00	98.22884012539184
4.08346e+00	5.70189e-03 	 0 	 0E+00 	 1.267087E+03	0E+00	98.21023803782425
4.15390e+00	5.70006e-03 	 0 	 0E+00 	 1.26668E+03	0E+00	98.17871783389025
4.22435e+00	5.69910e-03 	 0 	 0E+00 	 1.266467E+03	0E+00	98.16218264494127
4.29480e+00	5.69774e-03 	 0 	 0E+00 	 1.266164E+03	0E+00	98.13875779393021
4.36525e+00	5.69694e-03 	 0 	 0E+00 	 1.265987E+03	0E+00	98.12497846980607
4.43570e+00	5.69632e-03 	 0 	 0E+00 	 1.265849E+03	0E+00	98.11429949360985
4.50615e+00	5.69540e-03 	 0 	 0E+00 	 1.265644E+03	0E+00	98.09845327086705
4.57656e+00	5.69321e-03 	 0 	 0E+00 	 1.265158E+03	0E+00	98.0607323710772
4.64702e+00	5.69239e-03 	 0 	 0E+00 	 1.264976E+03	0E+00	98.04660856384996
4.71748e+00	5.69217e-03 	 0 	 0E+00 	 1.264927E+03	0E+00	98.0428192497158
4.78793e+00	5.69177e-03 	 0 	 0E+00 	 1.264838E+03	0E+00	98.03592958765371
4.85835e+00	5.69025e-03 	 0 	 0E+00 	 1.2645E+03	0E+00	98.00974887181783
4.92883e+00	5.68911e-03 	 0 	 0E+00 	 1.264247E+03	0E+00	97.99011333494092
4.99929e+00	5.68761e-03 	 0 	 0E+00 	 1.263913E+03	0E+00	97.96427710220813
5.06973e+00	5.68686e-03 	 0 	 0E+00 	 1.263747E+03	0E+00	97.95135898584175
5.14020e+00	5.68478e-03 	 0 	 0E+00 	 1.263284E+03	0E+00	97.91553274311896
5.21065e+00	5.68372e-03 	 0 	 0E+00 	 1.263049E+03	0E+00	97.89727513865445
5.28108e+00	5.68244e-03 	 0 	 0E+00 	 1.262764E+03	0E+00	97.87522822005582
5.35159e+00	5.68083e-03 	 0 	 0E+00 	 1.262407E+03	0E+00	97.84749733025595
5.42199e+00	5.67966e-03 	 0 	 0E+00 	 1.262147E+03	0E+00	97.82734506872437
5.49245e+00	5.67833e-03 	 0 	 0E+00 	 1.261851E+03	0E+00	97.80443694236797
5.56291e+00	5.67730e-03 	 0 	 0E+00 	 1.261622E+03	0E+00	97.78669606255812
5.63339e+00	5.67669e-03 	 0 	 0E+00 	 1.261487E+03	0E+00	97.77618932791347
5.70382e+00	5.67512e-03 	 0 	 0E+00 	 1.261138E+03	0E+00	97.74914740431983
5.77428e+00	5.67446e-03 	 0 	 0E+00 	 1.260991E+03	0E+00	97.7377794619174
5.84473e+00	5.67408e-03 	 0 	 0E+00 	 1.260907E+03	0E+00	97.73123428295843
5.91520e+00	5.67137e-03 	 0 	 0E+00 	 1.260304E+03	0E+00	97.68455682248786
5.98565e+00	5.67075e-03 	 0 	 0E+00 	 1.260167E+03	0E+00	97.67387784629165
6.05610e+00	5.66936e-03 	 0 	 0E+00 	 1.259858E+03	0E+00	97.64993627062593
6.12658e+00	5.66744e-03 	 0 	 0E+00 	 1.259431E+03	0E+00	97.61686589272797
6.19702e+00	5.66679e-03 	 0 	 0E+00 	 1.259287E+03	0E+00	97.60567019187708
6.26748e+00	5.66563e-03 	 0 	 0E+00 	 1.259029E+03	0E+00	97.58569017189706
6.33794e+00	5.66442e-03 	 0 	 0E+00 	 1.25876E+03	0E+00	97.5648489441593
6.40839e+00	5.66289e-03 	 0 	 0E+00 	 1.25842E+03	0E+00	97.53849598677186
6.47885e+00	5.66171e-03 	 0 	 0E+00 	 1.258158E+03	0E+00	97.51817148368872
6.54930e+00	5.66127e-03 	 0 	 0E+00 	 1.25806E+03	0E+00	97.51059285542046
6.61975e+00	5.65998e-03 	 0 	 0E+00 	 1.257773E+03	0E+00	97.48837369527025
6.69021e+00	5.65898e-03 	 0 	 0E+00 	 1.257551E+03	0E+00	97.47114954011506
6.76054e+00	5.65733e-03 	 0 	 0E+00 	 1.257184E+03	0E+00	97.44272968410901
6.83095e+00	5.65578e-03 	 0 	 0E+00 	 1.25684E+03	0E+00	97.41603224361846
6.90141e+00	5.65453e-03 	 0 	 0E+00 	 1.256562E+03	0E+00	97.39450204967446
6.97187e+00	5.65306e-03 	 0 	 0E+00 	 1.256236E+03	0E+00	97.36918254159633
7.04233e+00	5.65203e-03 	 0 	 0E+00 	 1.256007E+03	0E+00	97.3514416617865
7.11275e+00	5.65152e-03 	 0 	 0E+00 	 1.255893E+03	0E+00	97.34265734265735
7.18317e+00	5.65101e-03 	 0 	 0E+00 	 1.25578E+03	0E+00	97.3338730235282
7.25362e+00	5.64909e-03 	 0 	 0E+00 	 1.255353E+03	0E+00	97.30080264563023
7.32407e+00	5.64827e-03 	 0 	 0E+00 	 1.255171E+03	0E+00	97.28667883840299
7.39453e+00	5.64709e-03 	 0 	 0E+00 	 1.254909E+03	0E+00	97.26635433531983
7.46497e+00	5.64582e-03 	 0 	 0E+00 	 1.254627E+03	0E+00	97.24447965827277
7.53543e+00	5.64428e-03 	 0 	 0E+00 	 1.254284E+03	0E+00	97.21795445933375
7.60588e+00	5.64387e-03 	 0 	 0E+00 	 1.254193E+03	0E+00	97.21089255572014
7.67629e+00	5.64292e-03 	 0 	 0E+00 	 1.253982E+03	0E+00	97.19452960832271
7.74673e+00	5.64234e-03 	 0 	 0E+00 	 1.253853E+03	0E+00	97.1845395983327
7.81718e+00	5.64186e-03 	 0 	 0E+00 	 1.253747E+03	0E+00	97.17627200385823
7.88763e+00	5.63813e-03 	 0 	 0E+00 	 1.252918E+03	0E+00	97.11202590512936
7.95808e+00	5.63711e-03 	 0 	 0E+00 	 1.252691E+03	0E+00	97.09445726687106
8.02854e+00	5.63615e-03 	 0 	 0E+00 	 1.252478E+03	0E+00	97.0779220779221
8.09899e+00	5.63500e-03 	 0 	 0E+00 	 1.252222E+03	0E+00	97.05811429949361
8.16944e+00	5.63373e-03 	 0 	 0E+00 	 1.25194E+03	0E+00	97.03623962244653
8.23989e+00	5.63178e-03 	 0 	 0E+00 	 1.251507E+03	0E+00	97.00265251989391
8.31029e+00	5.63175e-03 	 0 	 0E+00 	 1.2515E+03	0E+00	97.00213579523924
8.38073e+00	5.63026e-03 	 0 	 0E+00 	 1.251169E+03	0E+00	96.97647180405802
8.45120e+00	5.62950e-03 	 0 	 0E+00 	 1.251E+03	0E+00	96.96338144614006
8.52164e+00	5.62869e-03 	 0 	 0E+00 	 1.25082E+03	0E+00	96.94942988046438
8.59210e+00	5.62771e-03 	 0 	 0E+00 	 1.250602E+03	0E+00	96.93255020841228
8.66256e+00	5.62533e-03 	 0 	 0E+00 	 1.250073E+03	0E+00	96.89155671914293
8.73301e+00	5.62464e-03 	 0 	 0E+00 	 1.24992E+03	0E+00	96.87967205208587
8.80347e+00	5.62361e-03 	 0 	 0E+00 	 1.249691E+03	0E+00	96.861931172276
8.87390e+00	5.62328e-03 	 0 	 0E+00 	 1.249618E+03	0E+00	96.85624720107478
8.94437e+00	5.62105e-03 	 0 	 0E+00 	 1.249122E+03	0E+00	96.8178373350787
9.01484e+00	5.62006e-03 	 0 	 0E+00 	 1.248902E+03	0E+00	96.80078542147508
9.08530e+00	5.61915e-03 	 0 	 0E+00 	 1.2487E+03	0E+00	96.78511144028384
9.15573e+00	5.61810e-03 	 0 	 0E+00 	 1.248467E+03	0E+00	96.76702607737091
9.22618e+00	5.61665e-03 	 0 	 0E+00 	 1.248144E+03	0E+00	96.74205105239588
9.29663e+00	5.61516e-03 	 0 	 0E+00 	 1.247813E+03	0E+00	96.71638706121465
9.36702e+00	5.61388e-03 	 0 	 0E+00 	 1.247529E+03	0E+00	96.69434014261601
9.43749e+00	5.61261e-03 	 0 	 0E+00 	 1.247247E+03	0E+00	96.67246546556892
9.50793e+00	5.61133e-03 	 0 	 0E+00 	 1.246962E+03	0E+00	96.65041854697027
9.57839e+00	5.61109e-03 	 0 	 0E+00 	 1.246909E+03	0E+00	96.64628474973303
9.64884e+00	5.61013e-03 	 0 	 0E+00 	 1.246696E+03	0E+00	96.62974956078405
9.71929e+00	5.60831e-03 	 0 	 0E+00 	 1.246291E+03	0E+00	96.5984015984016
9.78974e+00	5.60751e-03 	 0 	 0E+00 	 1.246113E+03	0E+00	96.58462227427745
9.86019e+00	5.60658e-03 	 0 	 0E+00 	 1.245907E+03	0E+00	96.56860380998312
9.93065e+00	5.60587e-03 	 0 	 0E+00 	 1.245749E+03	0E+00	96.55637465982294
1.00011e+01	5.60476e-03 	 0 	 0E+00 	 1.245502E+03	0E+00	96.53725584760068
1.00716e+01	5.60353e-03 	 0 	 0E+00 	 1.245229E+03	0E+00	96.5160701367598
1.01420e+01	5.60226e-03 	 0 	 0E+00 	 1.244947E+03	0E+00	96.4941954597127
1.02124e+01	5.60151e-03 	 0 	 0E+00 	 1.24478E+03	0E+00	96.4812773433463
1.02829e+01	5.60082e-03 	 0 	 0E+00 	 1.244627E+03	0E+00	96.46939267628925
1.03533e+01	5.59938e-03 	 0 	 0E+00 	 1.244307E+03	0E+00	96.44458989286576
1.04237e+01	5.59816e-03 	 0 	 0E+00 	 1.244036E+03	0E+00	96.42357642357642
1.04942e+01	5.59659e-03 	 0 	 0E+00 	 1.243687E+03	0E+00	96.39653449998278
1.05646e+01	5.59664e-03 	 0 	 0E+00 	 1.243698E+03	0E+00	96.39739570774053
1.06351e+01	5.59528e-03 	 0 	 0E+00 	 1.243396E+03	0E+00	96.37397085672949
1.07056e+01	5.59360e-03 	 0 	 0E+00 	 1.243022E+03	0E+00	96.34503427606876
1.07760e+01	5.59248e-03 	 0 	 0E+00 	 1.242773E+03	0E+00	96.32574322229496
1.08465e+01	5.59216e-03 	 0 	 0E+00 	 1.242702E+03	0E+00	96.32023149264528
1.09169e+01	5.59008e-03 	 0 	 0E+00 	 1.24224E+03	0E+00	96.28440524992249
1.09874e+01	5.58988e-03 	 0 	 0E+00 	 1.242196E+03	0E+00	96.28096041889147
1.10578e+01	5.58768e-03 	 0 	 0E+00 	 1.241707E+03	0E+00	96.24306727755004
1.11283e+01	5.58751e-03 	 0 	 0E+00 	 1.241669E+03	0E+00	96.24013917117365
1.11987e+01	5.58578e-03 	 0 	 0E+00 	 1.241284E+03	0E+00	96.21034138275517
1.12692e+01	5.58502e-03 	 0 	 0E+00 	 1.241116E+03	0E+00	96.19725102483723
1.13396e+01	5.58395e-03 	 0 	 0E+00 	 1.240878E+03	0E+00	96.17882117882118
1.14101e+01	5.58273e-03 	 0 	 0E+00 	 1.240607E+03	0E+00	96.15780770953185
1.14805e+01	5.58133e-03 	 0 	 0E+00 	 1.240296E+03	0E+00	96.13369389231458
1.15510e+01	5.58103e-03 	 0 	 0E+00 	 1.240229E+03	0E+00	96.12852664576803
1.16214e+01	5.57912e-03 	 0 	 0E+00 	 1.239804E+03	0E+00	96.09562850942162
1.16918e+01	5.57740e-03 	 0 	 0E+00 	 1.239422E+03	0E+00	96.06600296255469
1.17623e+01	5.57637e-03 	 0 	 0E+00 	 1.239193E+03	0E+00	96.04826208274483
1.18327e+01	5.57547e-03 	 0 	 0E+00 	 1.238993E+03	0E+00	96.03276034310518
1.19032e+01	5.57435e-03 	 0 	 0E+00 	 1.238744E+03	0E+00	96.01346928933137
1.19736e+01	5.57308e-03 	 0 	 0E+00 	 1.238462E+03	0E+00	95.99159461228427
1.20441e+01	5.57270e-03 	 0 	 0E+00 	 1.238378E+03	0E+00	95.98504943332529
1.21145e+01	5.57211e-03 	 0 	 0E+00 	 1.238247E+03	0E+00	95.97488718178374
1.21850e+01	5.56986e-03 	 0 	 0E+00 	 1.237747E+03	0E+00	95.93613283268455
1.22555e+01	5.56847e-03 	 0 	 0E+00 	 1.237438E+03	0E+00	95.91219125701885
1.23259e+01	5.56829e-03 	 0 	 0E+00 	 1.237398E+03	0E+00	95.90909090909092
1.23964e+01	5.56622e-03 	 0 	 0E+00 	 1.236938E+03	0E+00	95.87343690791968
1.24668e+01	5.56566e-03 	 0 	 0E+00 	 1.236813E+03	0E+00	95.86379138103277
1.25373e+01	5.56468e-03 	 0 	 0E+00 	 1.236596E+03	0E+00	95.84691170898067
1.26077e+01	5.56318e-03 	 0 	 0E+00 	 1.236262E+03	0E+00	95.82107547624788
1.26782e+01	5.56314e-03 	 0 	 0E+00 	 1.236253E+03	0E+00	95.82038651004169
1.27486e+01	5.56197e-03 	 0 	 0E+00 	 1.235993E+03	0E+00	95.80023424851012
1.28190e+01	5.56143e-03 	 0 	 0E+00 	 1.235873E+03	0E+00	95.79093320472631
1.28895e+01	5.55954e-03 	 0 	 0E+00 	 1.235453E+03	0E+00	95.75837955148299
1.29599e+01	5.55890e-03 	 0 	 0E+00 	 1.235311E+03	0E+00	95.74735609218368
1.30304e+01	5.55778e-03 	 0 	 0E+00 	 1.235062E+03	0E+00	95.72806503840987
1.31008e+01	5.55700e-03 	 0 	 0E+00 	 1.234889E+03	0E+00	95.71463019738883
1.31713e+01	5.55525e-03 	 0 	 0E+00 	 1.2345E+03	0E+00	95.68448792586724
1.32417e+01	5.55315e-03 	 0 	 0E+00 	 1.234033E+03	0E+00	95.64831720004135
1.33121e+01	5.55259e-03 	 0 	 0E+00 	 1.233909E+03	0E+00	95.63867167315442
1.33826e+01	5.55172e-03 	 0 	 0E+00 	 1.233716E+03	0E+00	95.62368665816942
1.34531e+01	5.55039e-03 	 0 	 0E+00 	 1.23342E+03	0E+00	95.600778531813
1.35235e+01	5.54913e-03 	 0 	 0E+00 	 1.23314E+03	0E+00	95.57907609631748
1.35940e+01	5.54811e-03 	 0 	 0E+00 	 1.232913E+03	0E+00	95.5615074580592
1.36644e+01	5.54867e-03 	 0 	 0E+00 	 1.233038E+03	0E+00	95.5711529849461
1.37349e+01	5.54772e-03 	 0 	 0E+00 	 1.232827E+03	0E+00	95.55479003754867
1.38053e+01	5.54579e-03 	 0 	 0E+00 	 1.232398E+03	0E+00	95.52154741809915
1.38758e+01	5.54515e-03 	 0 	 0E+00 	 1.232256E+03	0E+00	95.51052395879984
1.39462e+01	5.54424e-03 	 0 	 0E+00 	 1.232053E+03	0E+00	95.49484997760861
1.40167e+01	5.54312e-03 	 0 	 0E+00 	 1.231804E+03	0E+00	95.4755589238348
1.40871e+01	5.54257e-03 	 0 	 0E+00 	 1.231682E+03	0E+00	95.46608563849944
1.41575e+01	5.54006e-03 	 0 	 0E+00 	 1.231124E+03	0E+00	95.4228530090599
1.42280e+01	5.54007e-03 	 0 	 0E+00 	 1.231127E+03	0E+00	95.42302525061146
1.42985e+01	5.53884e-03 	 0 	 0E+00 	 1.230853E+03	0E+00	95.40183953977056
1.43689e+01	5.53785e-03 	 0 	 0E+00 	 1.230633E+03	0E+00	95.38478762616695
1.44394e+01	5.53666e-03 	 0 	 0E+00 	 1.230369E+03	0E+00	95.36429088153226
1.45098e+01	5.53546e-03 	 0 	 0E+00 	 1.230102E+03	0E+00	95.34362189534603
1.45803e+01	5.53536e-03 	 0 	 0E+00 	 1.23008E+03	0E+00	95.3418994798305
1.46507e+01	5.53381e-03 	 0 	 0E+00 	 1.229736E+03	0E+00	95.31520203933998
1.47212e+01	5.53261e-03 	 0 	 0E+00 	 1.229469E+03	0E+00	95.29453305315374
1.47916e+01	5.53177e-03 	 0 	 0E+00 	 1.229282E+03	0E+00	95.28006476282339
1.48620e+01	5.53124e-03 	 0 	 0E+00 	 1.229164E+03	0E+00	95.27093596059113
1.49325e+01	5.53015e-03 	 0 	 0E+00 	 1.228922E+03	0E+00	95.25216163147198
1.50030e+01	5.52840e-03 	 0 	 0E+00 	 1.228533E+03	0E+00	95.2220193599504
1.51138e+01	5.52722e-03 	 0 	 0E+00 	 1.228271E+03	0E+00	95.20169485686728
1.51843e+01	5.52592e-03 	 0 	 0E+00 	 1.227982E+03	0E+00	95.17930345516552
1.52547e+01	5.52656e-03 	 0 	 0E+00 	 1.228124E+03	0E+00	95.19032691446485
1.53252e+01	5.52478e-03 	 0 	 0E+00 	 1.227729E+03	0E+00	95.15966791828862
1.53956e+01	5.52261e-03 	 0 	 0E+00 	 1.227247E+03	0E+00	95.12229150160185
1.54661e+01	5.52191e-03 	 0 	 0E+00 	 1.227091E+03	0E+00	95.11023459299321
1.55365e+01	5.52121e-03 	 0 	 0E+00 	 1.226936E+03	0E+00	95.0981776843846
1.56070e+01	5.52128e-03 	 0 	 0E+00 	 1.226951E+03	0E+00	95.09938337524544
1.56774e+01	5.51892e-03 	 0 	 0E+00 	 1.226427E+03	0E+00	95.0587343690792
1.57479e+01	5.51669e-03 	 0 	 0E+00 	 1.225931E+03	0E+00	95.02032450308315
1.58183e+01	5.51536e-03 	 0 	 0E+00 	 1.225636E+03	0E+00	94.99741637672673
1.58888e+01	5.51477e-03 	 0 	 0E+00 	 1.225504E+03	0E+00	94.98725412518516
1.59592e+01	5.51360e-03 	 0 	 0E+00 	 1.225244E+03	0E+00	94.96710186365358
1.60297e+01	5.51324e-03 	 0 	 0E+00 	 1.225164E+03	0E+00	94.96090116779773
1.61001e+01	5.51211e-03 	 0 	 0E+00 	 1.224913E+03	0E+00	94.94143787247236
1.61706e+01	5.51145e-03 	 0 	 0E+00 	 1.224767E+03	0E+00	94.93006993006993
1.62410e+01	5.50796e-03 	 0 	 0E+00 	 1.223991E+03	0E+00	94.86995762857833
1.63115e+01	5.50688e-03 	 0 	 0E+00 	 1.223751E+03	0E+00	94.8513555410107
1.63819e+01	5.50589e-03 	 0 	 0E+00 	 1.223531E+03	0E+00	94.83430362740708
1.64524e+01	5.50524e-03 	 0 	 0E+00 	 1.223387E+03	0E+00	94.8231079265562
1.65228e+01	5.50458e-03 	 0 	 0E+00 	 1.22324E+03	0E+00	94.81173998415377
1.65933e+01	5.50323e-03 	 0 	 0E+00 	 1.22294E+03	0E+00	94.78848737469427
1.66637e+01	5.50338e-03 	 0 	 0E+00 	 1.222973E+03	0E+00	94.79107099796755
1.67342e+01	5.50136e-03 	 0 	 0E+00 	 1.222524E+03	0E+00	94.75627820455408
1.68046e+01	5.50022e-03 	 0 	 0E+00 	 1.222271E+03	0E+00	94.73664266767716
1.68750e+01	5.49985e-03 	 0 	 0E+00 	 1.222189E+03	0E+00	94.73026973026973
1.69455e+01	5.49934e-03 	 0 	 0E+00 	 1.222076E+03	0E+00	94.72148541114059
1.70159e+01	5.49740e-03 	 0 	 0E+00 	 1.221644E+03	0E+00	94.68807055013951
1.70864e+01	5.49687e-03 	 0 	 0E+00 	 1.221527E+03	0E+00	94.67894174790727
1.71568e+01	5.49525e-03 	 0 	 0E+00 	 1.221167E+03	0E+00	94.65103861655587
1.72273e+01	5.49484e-03 	 0 	 0E+00 	 1.221076E+03	0E+00	94.64397671294223
1.72977e+01	5.49347e-03 	 0 	 0E+00 	 1.220771E+03	0E+00	94.62037962037962
1.73682e+01	5.49181e-03 	 0 	 0E+00 	 1.220402E+03	0E+00	94.59178752282199
1.74386e+01	5.49080e-03 	 0 	 0E+00 	 1.220178E+03	0E+00	94.57439112611527
1.75091e+01	5.49068e-03 	 0 	 0E+00 	 1.220151E+03	0E+00	94.57232422749665
1.75795e+01	5.49003e-03 	 0 	 0E+00 	 1.220007E+03	0E+00	94.56112852664577
1.76500e+01	5.48862e-03 	 0 	 0E+00 	 1.219693E+03	0E+00	94.53684246787695
1.77204e+01	5.48735e-03 	 0 	 0E+00 	 1.219411E+03	0E+00	94.51496779082986
1.77909e+01	5.48664e-03 	 0 	 0E+00 	 1.219253E+03	0E+00	94.50273864066969
1.78614e+01	5.48635e-03 	 0 	 0E+00 	 1.219189E+03	0E+00	94.49774363567467
1.79319e+01	5.48421e-03 	 0 	 0E+00 	 1.218713E+03	0E+00	94.46088394364256
1.80023e+01	5.48370e-03 	 0 	 0E+00 	 1.2186E+03	0E+00	94.45209962451342
1.80728e+01	5.48260e-03 	 0 	 0E+00 	 1.218356E+03	0E+00	94.4331530538427
1.81433e+01	5.48168e-03 	 0 	 0E+00 	 1.218151E+03	0E+00	94.41730683109994
1.82137e+01	5.47954e-03 	 0 	 0E+00 	 1.217676E+03	0E+00	94.38044713906783
1.82842e+01	5.47826e-03 	 0 	 0E+00 	 1.217391E+03	0E+00	94.35840022046919
1.83546e+01	5.47780e-03 	 0 	 0E+00 	 1.217289E+03	0E+00	94.3504771090978
1.84250e+01	5.47696e-03 	 0 	 0E+00 	 1.217102E+03	0E+00	94.33600881876745
1.84955e+01	5.47620e-03 	 0 	 0E+00 	 1.216933E+03	0E+00	94.3229184608495
1.85659e+01	5.47533e-03 	 0 	 0E+00 	 1.21674E+03	0E+00	94.30793344586448
1.86364e+01	5.47510e-03 	 0 	 0E+00 	 1.216689E+03	0E+00	94.3039718901788
1.87068e+01	5.47353e-03 	 0 	 0E+00 	 1.21634E+03	0E+00	94.27692996658514
1.87773e+01	5.47209e-03 	 0 	 0E+00 	 1.21602E+03	0E+00	94.25212718316166
1.88477e+01	5.47168e-03 	 0 	 0E+00 	 1.215929E+03	0E+00	94.24506527954804
1.89182e+01	5.47053e-03 	 0 	 0E+00 	 1.215673E+03	0E+00	94.22525750111957
1.89887e+01	5.47014e-03 	 0 	 0E+00 	 1.215587E+03	0E+00	94.21854008060905
1.90591e+01	5.46846e-03 	 0 	 0E+00 	 1.215213E+03	0E+00	94.18960349994832
1.91296e+01	5.46832e-03 	 0 	 0E+00 	 1.215182E+03	0E+00	94.1871921182266
1.92000e+01	5.46717e-03 	 0 	 0E+00 	 1.214927E+03	0E+00	94.16738433979813
1.92705e+01	5.46696e-03 	 0 	 0E+00 	 1.21488E+03	0E+00	94.16376726721553
1.93410e+01	5.46536e-03 	 0 	 0E+00 	 1.214524E+03	0E+00	94.13620861896725
1.94114e+01	5.46448e-03 	 0 	 0E+00 	 1.214329E+03	0E+00	94.12105136243066
1.94818e+01	5.46390e-03 	 0 	 0E+00 	 1.2142E+03	0E+00	94.11106135244066
1.95522e+01	5.46305e-03 	 0 	 0E+00 	 1.214011E+03	0E+00	94.09642082055875
1.96227e+01	5.46200e-03 	 0 	 0E+00 	 1.213778E+03	0E+00	94.0783354576458
1.96931e+01	5.46111e-03 	 0 	 0E+00 	 1.21358E+03	0E+00	94.06300595955769
1.97636e+01	5.45982e-03 	 0 	 0E+00 	 1.213293E+03	0E+00	94.04078679940748
1.98340e+01	5.45943e-03 	 0 	 0E+00 	 1.213207E+03	0E+00	94.03406937889697
1.99045e+01	5.45826e-03 	 0 	 0E+00 	 1.212947E+03	0E+00	94.0139171173654
1.99749e+01	5.45742e-03 	 0 	 0E+00 	 1.21276E+03	0E+00	93.99944882703505
2.00454e+01	5.45654e-03 	 0 	 0E+00 	 1.212564E+03	0E+00	93.98429157049847
2.01158e+01	5.45579e-03 	 0 	 0E+00 	 1.212398E+03	0E+00	93.97137345413208
2.01863e+01	5.45551e-03 	 0 	 0E+00 	 1.212336E+03	0E+00	93.96655069068862
2.02567e+01	5.45413e-03 	 0 	 0E+00 	 1.212029E+03	0E+00	93.94278135657444
2.03272e+01	5.45387e-03 	 0 	 0E+00 	 1.211971E+03	0E+00	93.93830307623412
2.03976e+01	5.45275e-03 	 0 	 0E+00 	 1.211722E+03	0E+00	93.91901202246031
2.04681e+01	5.45175e-03 	 0 	 0E+00 	 1.2115E+03	0E+00	93.9017878673051
2.05385e+01	5.45039e-03 	 0 	 0E+00 	 1.211198E+03	0E+00	93.87836301629406
2.06090e+01	5.44997e-03 	 0 	 0E+00 	 1.211104E+03	0E+00	93.87112887112889
2.06794e+01	5.44934e-03 	 0 	 0E+00 	 1.210964E+03	0E+00	93.8602776533811
2.07499e+01	5.44832e-03 	 0 	 0E+00 	 1.210738E+03	0E+00	93.84270901512282
2.08203e+01	5.44682e-03 	 0 	 0E+00 	 1.210404E+03	0E+00	93.81687278239002
2.08908e+01	5.44631e-03 	 0 	 0E+00 	 1.210291E+03	0E+00	93.80808846326087
2.09612e+01	5.44489e-03 	 0 	 0E+00 	 1.209976E+03	0E+00	93.78363016294051
2.10317e+01	5.44411e-03 	 0 	 0E+00 	 1.209802E+03	0E+00	93.77019532191946
2.11021e+01	5.44331e-03 	 0 	 0E+00 	 1.209624E+03	0E+00	93.75641599779532
2.11726e+01	5.44353e-03 	 0 	 0E+00 	 1.209673E+03	0E+00	93.76020531192945
2.12430e+01	5.44132e-03 	 0 	 0E+00 	 1.209182E+03	0E+00	93.72213992903649
2.13136e+01	5.44094e-03 	 0 	 0E+00 	 1.209098E+03	0E+00	93.7155947500775
2.13841e+01	5.44007e-03 	 0 	 0E+00 	 1.208904E+03	0E+00	93.7006097350925
2.14545e+01	5.43928e-03 	 0 	 0E+00 	 1.208729E+03	0E+00	93.68700265251991
2.15250e+01	5.43799e-03 	 0 	 0E+00 	 1.208442E+03	0E+00	93.66478349236971
2.15954e+01	5.43656e-03 	 0 	 0E+00 	 1.208124E+03	0E+00	93.64015295049778
2.16659e+01	5.43557e-03 	 0 	 0E+00 	 1.207904E+03	0E+00	93.62310103689414
2.17363e+01	5.43494e-03 	 0 	 0E+00 	 1.207764E+03	0E+00	93.61224981914638
2.18068e+01	5.43391e-03 	 0 	 0E+00 	 1.207536E+03	0E+00	93.59450893933652
2.18773e+01	5.43263e-03 	 0 	 0E+00 	 1.207251E+03	0E+00	93.57246202073787
2.19477e+01	5.43211e-03 	 0 	 0E+00 	 1.207136E+03	0E+00	93.56350546005719
2.20181e+01	5.43057e-03 	 0 	 0E+00 	 1.206793E+03	0E+00	93.5369802611182
2.20886e+01	5.43023e-03 	 0 	 0E+00 	 1.206718E+03	0E+00	93.53112404836544
2.21590e+01	5.42934e-03 	 0 	 0E+00 	 1.20652E+03	0E+00	93.51579455027732
2.22294e+01	5.42788e-03 	 0 	 0E+00 	 1.206196E+03	0E+00	93.49064728375075
2.22999e+01	5.42720e-03 	 0 	 0E+00 	 1.206044E+03	0E+00	93.4789348582452
2.23703e+01	5.42571e-03 	 0 	 0E+00 	 1.205713E+03	0E+00	93.45327086706398
2.24407e+01	5.42533e-03 	 0 	 0E+00 	 1.205629E+03	0E+00	93.446725688105
2.25112e+01	5.42477e-03 	 0 	 0E+00 	 1.205504E+03	0E+00	93.43708016121809
2.25816e+01	5.42354e-03 	 0 	 0E+00 	 1.205231E+03	0E+00	93.41589445037721
2.26521e+01	5.42299e-03 	 0 	 0E+00 	 1.205109E+03	0E+00	93.40642116504185
2.27226e+01	5.42205e-03 	 0 	 0E+00 	 1.2049E+03	0E+00	93.39023045919599
2.27930e+01	5.42034e-03 	 0 	 0E+00 	 1.20452E+03	0E+00	93.3607771538806
2.28634e+01	5.41991e-03 	 0 	 0E+00 	 1.204424E+03	0E+00	93.35337076716387
2.29339e+01	5.41883e-03 	 0 	 0E+00 	 1.204184E+03	0E+00	93.33476867959627
2.30044e+01	5.41847e-03 	 0 	 0E+00 	 1.204104E+03	0E+00	93.3285679837404
2.30748e+01	5.41734e-03 	 0 	 0E+00 	 1.203853E+03	0E+00	93.30910468841502
2.31453e+01	5.41631e-03 	 0 	 0E+00 	 1.203624E+03	0E+00	93.29136380860518
2.32157e+01	5.41560e-03 	 0 	 0E+00 	 1.203467E+03	0E+00	93.27913465844499
2.32862e+01	5.41484e-03 	 0 	 0E+00 	 1.203298E+03	0E+00	93.26604430052706
2.33567e+01	5.41399e-03 	 0 	 0E+00 	 1.203109E+03	0E+00	93.25140376864515
2.34271e+01	5.41315e-03 	 0 	 0E+00 	 1.202922E+03	0E+00	93.23693547831479
2.34975e+01	5.41200e-03 	 0 	 0E+00 	 1.202667E+03	0E+00	93.21712769988632
2.35680e+01	5.41154e-03 	 0 	 0E+00 	 1.202564E+03	0E+00	93.20920458851494
2.36384e+01	5.41051e-03 	 0 	 0E+00 	 1.202336E+03	0E+00	93.1914637087051
2.37089e+01	5.40863e-03 	 0 	 0E+00 	 1.201918E+03	0E+00	93.15908229701333
2.37793e+01	5.40833e-03 	 0 	 0E+00 	 1.201851E+03	0E+00	93.15391505046678
2.38497e+01	5.40766e-03 	 0 	 0E+00 	 1.201702E+03	0E+00	93.1423748665128
2.39202e+01	5.40628e-03 	 0 	 0E+00 	 1.201396E+03	0E+00	93.11860553239863
2.39906e+01	5.40515e-03 	 0 	 0E+00 	 1.201144E+03	0E+00	93.09914223707327
2.40611e+01	5.40397e-03 	 0 	 0E+00 	 1.200882E+03	0E+00	93.07881773399015
2.41315e+01	5.40301e-03 	 0 	 0E+00 	 1.200669E+03	0E+00	93.06228254504116
2.42019e+01	5.40331e-03 	 0 	 0E+00 	 1.200736E+03	0E+00	93.06744979158772
2.42724e+01	5.40134e-03 	 0 	 0E+00 	 1.200298E+03	0E+00	93.033518205932
2.43429e+01	5.40143e-03 	 0 	 0E+00 	 1.200318E+03	0E+00	93.03506837989596
2.44133e+01	5.40022e-03 	 0 	 0E+00 	 1.200049E+03	0E+00	93.01422715215818
2.44838e+01	5.39785e-03 	 0 	 0E+00 	 1.199522E+03	0E+00	92.97340590444038
2.45542e+01	5.39693e-03 	 0 	 0E+00 	 1.199318E+03	0E+00	92.95755968169762
2.46247e+01	5.39633e-03 	 0 	 0E+00 	 1.199184E+03	0E+00	92.9472251886045
2.46951e+01	5.39556e-03 	 0 	 0E+00 	 1.199013E+03	0E+00	92.93396258913499
2.47656e+01	5.39493e-03 	 0 	 0E+00 	 1.198873E+03	0E+00	92.92311137138724
2.48360e+01	5.39433e-03 	 0 	 0E+00 	 1.19874E+03	0E+00	92.91277687829412
2.49065e+01	5.39301e-03 	 0 	 0E+00 	 1.198447E+03	0E+00	92.89004099348928
2.49769e+01	5.39308e-03 	 0 	 0E+00 	 1.198462E+03	0E+00	92.89124668435014
2.50474e+01	5.39153e-03 	 0 	 0E+00 	 1.198118E+03	0E+00	92.86454924385959
2.51178e+01	5.39092e-03 	 0 	 0E+00 	 1.197982E+03	0E+00	92.8540425092149
2.51883e+01	5.39028e-03 	 0 	 0E+00 	 1.19784E+03	0E+00	92.8430190499156
2.52587e+01	5.38923e-03 	 0 	 0E+00 	 1.197607E+03	0E+00	92.82493368700266
2.53292e+01	5.38916e-03 	 0 	 0E+00 	 1.197591E+03	0E+00	92.82372799614178
2.53996e+01	5.38802e-03 	 0 	 0E+00 	 1.197338E+03	0E+00	92.80409245926488
2.54701e+01	5.38786e-03 	 0 	 0E+00 	 1.197302E+03	0E+00	92.80133659444004
2.55406e+01	5.38734e-03 	 0 	 0E+00 	 1.197187E+03	0E+00	92.79238003375936
2.56110e+01	5.38570e-03 	 0 	 0E+00 	 1.196822E+03	0E+00	92.76413241930483
2.56815e+01	5.38416e-03 	 0 	 0E+00 	 1.19648E+03	0E+00	92.73760722036585
2.57519e+01	5.38398e-03 	 0 	 0E+00 	 1.19644E+03	0E+00	92.73450687243792
2.58224e+01	5.38303e-03 	 0 	 0E+00 	 1.196229E+03	0E+00	92.71814392504048
2.58929e+01	5.38193e-03 	 0 	 0E+00 	 1.195984E+03	0E+00	92.69919735436977
2.59635e+01	5.38067e-03 	 0 	 0E+00 	 1.195704E+03	0E+00	92.67749491887423
2.60339e+01	5.38091e-03 	 0 	 0E+00 	 1.195758E+03	0E+00	92.68162871611148
2.61043e+01	5.38029e-03 	 0 	 0E+00 	 1.19562E+03	0E+00	92.67094973991526
2.61748e+01	5.37956e-03 	 0 	 0E+00 	 1.195458E+03	0E+00	92.65837610665197
2.62453e+01	5.37850e-03 	 0 	 0E+00 	 1.195222E+03	0E+00	92.64011850218746
2.63157e+01	5.37858e-03 	 0 	 0E+00 	 1.19524E+03	0E+00	92.64149643459987
2.63862e+01	5.37524e-03 	 0 	 0E+00 	 1.194498E+03	0E+00	92.58396775638155
2.64566e+01	5.37518e-03 	 0 	 0E+00 	 1.194484E+03	0E+00	92.58293430707225
2.65271e+01	5.37419e-03 	 0 	 0E+00 	 1.194264E+03	0E+00	92.5658823934686
2.65975e+01	5.37433e-03 	 0 	 0E+00 	 1.194296E+03	0E+00	92.56829377519034
2.66680e+01	5.37305e-03 	 0 	 0E+00 	 1.194011E+03	0E+00	92.5462468565917
2.67385e+01	5.37190e-03 	 0 	 0E+00 	 1.193756E+03	0E+00	92.52643907816321
2.68090e+01	5.37117e-03 	 0 	 0E+00 	 1.193593E+03	0E+00	92.51386544489992
2.68794e+01	5.37103e-03 	 0 	 0E+00 	 1.193562E+03	0E+00	92.5114540631782
2.69499e+01	5.37048e-03 	 0 	 0E+00 	 1.19344E+03	0E+00	92.50198077784286
2.70203e+01	5.36902e-03 	 0 	 0E+00 	 1.193116E+03	0E+00	92.47683351131627
2.70907e+01	5.36857e-03 	 0 	 0E+00 	 1.193016E+03	0E+00	92.46908264149643
2.71612e+01	5.36737e-03 	 0 	 0E+00 	 1.192749E+03	0E+00	92.44841365531022
2.72316e+01	5.36653e-03 	 0 	 0E+00 	 1.192562E+03	0E+00	92.43394536497986
2.73020e+01	5.36529e-03 	 0 	 0E+00 	 1.192287E+03	0E+00	92.41258741258743
2.73725e+01	5.36473e-03 	 0 	 0E+00 	 1.192162E+03	0E+00	92.4029418857005
2.74429e+01	5.36389e-03 	 0 	 0E+00 	 1.191976E+03	0E+00	92.38847359537014
2.75135e+01	5.36313e-03 	 0 	 0E+00 	 1.191807E+03	0E+00	92.3753832374522
2.75840e+01	5.36266e-03 	 0 	 0E+00 	 1.191702E+03	0E+00	92.36728788452928
2.76545e+01	5.36179e-03 	 0 	 0E+00 	 1.191509E+03	0E+00	92.35230286954425
2.77249e+01	5.36120e-03 	 0 	 0E+00 	 1.191378E+03	0E+00	92.3421406180027
2.77954e+01	5.36010e-03 	 0 	 0E+00 	 1.191133E+03	0E+00	92.32319404733198
2.78658e+01	5.35882e-03 	 0 	 0E+00 	 1.190849E+03	0E+00	92.30114712873333
2.79362e+01	5.35841e-03 	 0 	 0E+00 	 1.190758E+03	0E+00	92.29408522511972
2.80067e+01	5.35819e-03 	 0 	 0E+00 	 1.190709E+03	0E+00	92.29029591098556
2.80771e+01	5.35748e-03 	 0 	 0E+00 	 1.190551E+03	0E+00	92.27806676082538
2.81476e+01	5.35650e-03 	 0 	 0E+00 	 1.190333E+03	0E+00	92.2611870887733
2.82180e+01	5.35602e-03 	 0 	 0E+00 	 1.190227E+03	0E+00	92.25291949429881
2.82885e+01	5.35521e-03 	 0 	 0E+00 	 1.190047E+03	0E+00	92.23896792862311
2.83589e+01	5.35394e-03 	 0 	 0E+00 	 1.189764E+03	0E+00	92.217093251576
2.84294e+01	5.35283e-03 	 0 	 0E+00 	 1.189518E+03	0E+00	92.19797443935376
2.84998e+01	5.35257e-03 	 0 	 0E+00 	 1.18946E+03	0E+00	92.1934961590134
2.85703e+01	5.35109e-03 	 0 	 0E+00 	 1.189131E+03	0E+00	92.16800440938373
2.86407e+01	5.34938e-03 	 0 	 0E+00 	 1.188751E+03	0E+00	92.13855110406836
2.87112e+01	5.34890e-03 	 0 	 0E+00 	 1.188644E+03	0E+00	92.13028350959385
2.87816e+01	5.34779e-03 	 0 	 0E+00 	 1.188398E+03	0E+00	92.11116469737159
2.88521e+01	5.34667e-03 	 0 	 0E+00 	 1.188149E+03	0E+00	92.09187364359778
2.89225e+01	5.34571e-03 	 0 	 0E+00 	 1.187936E+03	0E+00	92.0753384546488
2.89930e+01	5.34557e-03 	 0 	 0E+00 	 1.187904E+03	0E+00	92.07292707292707
2.90635e+01	5.34472e-03 	 0 	 0E+00 	 1.187716E+03	0E+00	92.05828654104515
2.91339e+01	5.34414e-03 	 0 	 0E+00 	 1.187587E+03	0E+00	92.04829653105514
2.92044e+01	5.34316e-03 	 0 	 0E+00 	 1.187369E+03	0E+00	92.03141685900307
2.92748e+01	5.34226e-03 	 0 	 0E+00 	 1.187169E+03	0E+00	92.0159151193634
2.93453e+01	5.34120e-03 	 0 	 0E+00 	 1.186933E+03	0E+00	91.9976575148989
2.94157e+01	5.34099e-03 	 0 	 0E+00 	 1.186887E+03	0E+00	91.9940404423163
2.94862e+01	5.34057e-03 	 0 	 0E+00 	 1.186793E+03	0E+00	91.98680629715113
2.95566e+01	5.33958e-03 	 0 	 0E+00 	 1.186573E+03	0E+00	91.9697543835475
2.96271e+01	5.33827e-03 	 0 	 0E+00 	 1.186282E+03	0E+00	91.9471907402942
2.96975e+01	5.33834e-03 	 0 	 0E+00 	 1.186298E+03	0E+00	91.94839643115505
2.97680e+01	5.33658e-03 	 0 	 0E+00 	 1.185907E+03	0E+00	91.91808191808191
2.98384e+01	5.33604e-03 	 0 	 0E+00 	 1.185787E+03	0E+00	91.90878087429812
2.99089e+01	5.33562e-03 	 0 	 0E+00 	 1.185693E+03	0E+00	91.90154672913293
2.99793e+01	5.33352e-03 	 0 	 0E+00 	 1.185227E+03	0E+00	91.86537600330703
3.00498e+01	5.33287e-03 	 0 	 0E+00 	 1.185082E+03	0E+00	91.85418030245616
3.01202e+01	5.33256e-03 	 0 	 0E+00 	 1.185013E+03	0E+00	91.84884081435806
3.02310e+01	5.33171e-03 	 0 	 0E+00 	 1.184824E+03	0E+00	91.83420028247613
3.03014e+01	5.32990e-03 	 0 	 0E+00 	 1.184422E+03	0E+00	91.80302456164527
3.03719e+01	5.32914e-03 	 0 	 0E+00 	 1.184253E+03	0E+00	91.78993420372731
3.04423e+01	5.32870e-03 	 0 	 0E+00 	 1.184156E+03	0E+00	91.78235557545902
3.05128e+01	5.32791e-03 	 0 	 0E+00 	 1.18398E+03	0E+00	91.76874849288643
3.05833e+01	5.32792e-03 	 0 	 0E+00 	 1.183982E+03	0E+00	91.76892073443797
3.06537e+01	5.32704e-03 	 0 	 0E+00 	 1.183787E+03	0E+00	91.7537634779014
3.07242e+01	5.32670e-03 	 0 	 0E+00 	 1.183711E+03	0E+00	91.74790726514864
3.07946e+01	5.32614e-03 	 0 	 0E+00 	 1.183587E+03	0E+00	91.73826173826174
3.08651e+01	5.32494e-03 	 0 	 0E+00 	 1.18332E+03	0E+00	91.71759275207552
3.09356e+01	5.32321e-03 	 0 	 0E+00 	 1.182936E+03	0E+00	91.68779496365704
3.10060e+01	5.32224e-03 	 0 	 0E+00 	 1.18272E+03	0E+00	91.67108753315651
3.10765e+01	5.32107e-03 	 0 	 0E+00 	 1.18246E+03	0E+00	91.65093527162493
3.11469e+01	5.32113e-03 	 0 	 0E+00 	 1.182473E+03	0E+00	91.65196872093425
3.12174e+01	5.32027e-03 	 0 	 0E+00 	 1.182282E+03	0E+00	91.63715594750079
3.12878e+01	5.31966e-03 	 0 	 0E+00 	 1.182147E+03	0E+00	91.62664921285612
3.13582e+01	5.31883e-03 	 0 	 0E+00 	 1.181962E+03	0E+00	91.6123531640773
3.14287e+01	5.31944e-03 	 0 	 0E+00 	 1.182098E+03	0E+00	91.62285989872197
3.14991e+01	5.31787e-03 	 0 	 0E+00 	 1.181749E+03	0E+00	91.59581797512833
3.15696e+01	5.31692e-03 	 0 	 0E+00 	 1.181538E+03	0E+00	91.5794550277309
3.16400e+01	5.31614e-03 	 0 	 0E+00 	 1.181364E+03	0E+00	91.56602018670984
3.17105e+01	5.31551e-03 	 0 	 0E+00 	 1.181224E+03	0E+00	91.55516896896208
3.17810e+01	5.31505e-03 	 0 	 0E+00 	 1.181122E+03	0E+00	91.5472458575907
3.18514e+01	5.31403e-03 	 0 	 0E+00 	 1.180896E+03	0E+00	91.52967721933238
3.19219e+01	5.31216e-03 	 0 	 0E+00 	 1.18048E+03	0E+00	91.4974680491922
3.19923e+01	5.31279e-03 	 0 	 0E+00 	 1.18062E+03	0E+00	91.50831926693996
3.20628e+01	5.31166e-03 	 0 	 0E+00 	 1.180369E+03	0E+00	91.4888559716146
3.21332e+01	5.31203e-03 	 0 	 0E+00 	 1.180451E+03	0E+00	91.49522890902202
3.22037e+01	5.31248e-03 	 0 	 0E+00 	 1.180551E+03	0E+00	91.50297977884183
3.22741e+01	5.30798e-03 	 0 	 0E+00 	 1.179551E+03	0E+00	91.42547108064349
3.23446e+01	5.30654e-03 	 0 	 0E+00 	 1.179231E+03	0E+00	91.40066829722004
3.24150e+01	5.30696e-03 	 0 	 0E+00 	 1.179324E+03	0E+00	91.40790244238521
3.24855e+01	5.30596e-03 	 0 	 0E+00 	 1.179102E+03	0E+00	91.39067828723003
3.25559e+01	5.30552e-03 	 0 	 0E+00 	 1.179004E+03	0E+00	91.38309965896174
3.26264e+01	5.30487e-03 	 0 	 0E+00 	 1.17886E+03	0E+00	91.37190395811085
3.26969e+01	5.30283e-03 	 0 	 0E+00 	 1.178407E+03	0E+00	91.33676668159426
3.27673e+01	5.30205e-03 	 0 	 0E+00 	 1.178233E+03	0E+00	91.32333184057323
3.28378e+01	5.30109e-03 	 0 	 0E+00 	 1.17802E+03	0E+00	91.30679665162423
3.29082e+01	5.30100e-03 	 0 	 0E+00 	 1.178E+03	0E+00	91.30524647766028
3.29787e+01	5.30035e-03 	 0 	 0E+00 	 1.177856E+03	0E+00	91.29405077680939
3.30491e+01	5.29909e-03 	 0 	 0E+00 	 1.177576E+03	0E+00	91.27234834131387
3.31196e+01	5.29840e-03 	 0 	 0E+00 	 1.177422E+03	0E+00	91.26046367425677
3.31900e+01	5.29733e-03 	 0 	 0E+00 	 1.177184E+03	0E+00	91.24203382824074
3.32605e+01	5.29717e-03 	 0 	 0E+00 	 1.177149E+03	0E+00	91.2392779634159
3.33309e+01	5.29566e-03 	 0 	 0E+00 	 1.176813E+03	0E+00	91.21326948913156
3.34014e+01	5.29558e-03 	 0 	 0E+00 	 1.176796E+03	0E+00	91.21189155671914
3.34718e+01	5.29397e-03 	 0 	 0E+00 	 1.176438E+03	0E+00	91.1841606669193
3.35423e+01	5.29328e-03 	 0 	 0E+00 	 1.176284E+03	0E+00	91.17227599986221
3.36127e+01	5.29280e-03 	 0 	 0E+00 	 1.176178E+03	0E+00	91.16400840538772
3.36832e+01	5.29188e-03 	 0 	 0E+00 	 1.175973E+03	0E+00	91.14816218264494
3.37537e+01	5.29083e-03 	 0 	 0E+00 	 1.17574E+03	0E+00	91.13007681973198
3.38241e+01	5.29005e-03 	 0 	 0E+00 	 1.175567E+03	0E+00	91.11664197871096
3.38946e+01	5.29019e-03 	 0 	 0E+00 	 1.175598E+03	0E+00	91.11905336043267
3.39650e+01	5.28925e-03 	 0 	 0E+00 	 1.175389E+03	0E+00	91.10286265458679
3.40355e+01	5.28806e-03 	 0 	 0E+00 	 1.175124E+03	0E+00	91.08236590995212
3.41059e+01	5.28809e-03 	 0 	 0E+00 	 1.175131E+03	0E+00	91.08288263460678
3.41764e+01	5.28705e-03 	 0 	 0E+00 	 1.1749E+03	0E+00	91.06496951324537
3.42469e+01	5.28640e-03 	 0 	 0E+00 	 1.174756E+03	0E+00	91.05377381239451
3.43173e+01	5.28570e-03 	 0 	 0E+00 	 1.1746E+03	0E+00	91.04171690378587
3.43877e+01	5.28509e-03 	 0 	 0E+00 	 1.174464E+03	0E+00	91.0312101691412
3.44582e+01	5.28465e-03 	 0 	 0E+00 	 1.174367E+03	0E+00	91.02363154087291
3.45286e+01	5.28305e-03 	 0 	 0E+00 	 1.174011E+03	0E+00	90.99607289262462
3.45991e+01	5.28291e-03 	 0 	 0E+00 	 1.17398E+03	0E+00	90.99366151090288
3.46696e+01	5.28169e-03 	 0 	 0E+00 	 1.173709E+03	0E+00	90.97264804161357
3.47400e+01	5.28148e-03 	 0 	 0E+00 	 1.173662E+03	0E+00	90.96903096903097
3.48105e+01	5.27997e-03 	 0 	 0E+00 	 1.173327E+03	0E+00	90.94302249474664
3.48810e+01	5.27968e-03 	 0 	 0E+00 	 1.173262E+03	0E+00	90.93802748975163
3.49514e+01	5.27951e-03 	 0 	 0E+00 	 1.173224E+03	0E+00	90.93509938337526
3.50219e+01	5.27854e-03 	 0 	 0E+00 	 1.173009E+03	0E+00	90.91839195287473
3.50923e+01	5.27736e-03 	 0 	 0E+00 	 1.172747E+03	0E+00	90.89806744979158
3.51628e+01	5.27657e-03 	 0 	 0E+00 	 1.172571E+03	0E+00	90.88446036721899
3.52332e+01	5.27758e-03 	 0 	 0E+00 	 1.172796E+03	0E+00	90.90185676392572
3.53037e+01	5.27538e-03 	 0 	 0E+00 	 1.172307E+03	0E+00	90.86396362258431
3.53742e+01	5.27326e-03 	 0 	 0E+00 	 1.171836E+03	0E+00	90.8274484136553
3.54446e+01	5.27248e-03 	 0 	 0E+00 	 1.171662E+03	0E+00	90.81401357263427
3.55151e+01	5.27204e-03 	 0 	 0E+00 	 1.171564E+03	0E+00	90.80643494436599
3.55855e+01	5.27141e-03 	 0 	 0E+00 	 1.171424E+03	0E+00	90.7955837266182
3.56559e+01	5.27092e-03 	 0 	 0E+00 	 1.171316E+03	0E+00	90.78714389059218
3.57264e+01	5.26957e-03 	 0 	 0E+00 	 1.171016E+03	0E+00	90.76389128113266
3.57969e+01	5.26855e-03 	 0 	 0E+00 	 1.170789E+03	0E+00	90.74632264287438
3.58673e+01	5.26842e-03 	 0 	 0E+00 	 1.17076E+03	0E+00	90.7440835027042
3.59378e+01	5.26772e-03 	 0 	 0E+00 	 1.170604E+03	0E+00	90.73202659409557
3.60083e+01	5.26718e-03 	 0 	 0E+00 	 1.170484E+03	0E+00	90.72272555031176
3.60787e+01	5.26685e-03 	 0 	 0E+00 	 1.170411E+03	0E+00	90.71704157911054
3.61492e+01	5.26669e-03 	 0 	 0E+00 	 1.170376E+03	0E+00	90.71428571428572
3.62196e+01	5.26566e-03 	 0 	 0E+00 	 1.170147E+03	0E+00	90.69654483447587
3.62901e+01	5.26556e-03 	 0 	 0E+00 	 1.170124E+03	0E+00	90.69482241896036
3.63606e+01	5.26340e-03 	 0 	 0E+00 	 1.169644E+03	0E+00	90.65761824382513
3.64310e+01	5.26315e-03 	 0 	 0E+00 	 1.169589E+03	0E+00	90.65331220503634
3.65015e+01	5.26262e-03 	 0 	 0E+00 	 1.169471E+03	0E+00	90.6441834028041
3.65719e+01	5.26238e-03 	 0 	 0E+00 	 1.169418E+03	0E+00	90.64004960556684
3.66424e+01	5.26258e-03 	 0 	 0E+00 	 1.169462E+03	0E+00	90.64349443659789
3.67128e+01	5.26176e-03 	 0 	 0E+00 	 1.16928E+03	0E+00	90.62937062937063
3.67833e+01	5.26005e-03 	 0 	 0E+00 	 1.1689E+03	0E+00	90.59991732405524
3.68536e+01	5.25863e-03 	 0 	 0E+00 	 1.168584E+03	0E+00	90.57545902373488
3.69240e+01	5.25895e-03 	 0 	 0E+00 	 1.168656E+03	0E+00	90.58097075338455
3.69945e+01	5.25776e-03 	 0 	 0E+00 	 1.168391E+03	0E+00	90.56047400874988
3.70650e+01	5.25803e-03 	 0 	 0E+00 	 1.168451E+03	0E+00	90.56512453064178
3.71354e+01	5.25716e-03 	 0 	 0E+00 	 1.168258E+03	0E+00	90.55013951565677
3.72059e+01	5.25662e-03 	 0 	 0E+00 	 1.168138E+03	0E+00	90.54083847187295
3.72763e+01	5.25563e-03 	 0 	 0E+00 	 1.167918E+03	0E+00	90.52378655826932
3.73468e+01	5.25463e-03 	 0 	 0E+00 	 1.167696E+03	0E+00	90.50656240311413
3.74172e+01	5.25420e-03 	 0 	 0E+00 	 1.1676E+03	0E+00	90.4991560163974
3.74877e+01	5.25387e-03 	 0 	 0E+00 	 1.167527E+03	0E+00	90.49347204519617
3.75581e+01	5.25372e-03 	 0 	 0E+00 	 1.167493E+03	0E+00	90.4908884219229
3.76286e+01	5.25266e-03 	 0 	 0E+00 	 1.167258E+03	0E+00	90.47263081745841
3.76990e+01	5.25121e-03 	 0 	 0E+00 	 1.166936E+03	0E+00	90.44765579248339
3.77695e+01	5.25030e-03 	 0 	 0E+00 	 1.166733E+03	0E+00	90.43198181129216
3.78399e+01	5.24978e-03 	 0 	 0E+00 	 1.166618E+03	0E+00	90.42302525061145
3.79104e+01	5.24811e-03 	 0 	 0E+00 	 1.166247E+03	0E+00	90.3942609115023
3.79809e+01	5.24840e-03 	 0 	 0E+00 	 1.166311E+03	0E+00	90.3992559164973
3.80513e+01	5.24725e-03 	 0 	 0E+00 	 1.166056E+03	0E+00	90.37944813806882
3.81218e+01	5.24647e-03 	 0 	 0E+00 	 1.165882E+03	0E+00	90.36601329704777
3.81922e+01	5.24566e-03 	 0 	 0E+00 	 1.165702E+03	0E+00	90.35206173137207
3.82627e+01	5.24614e-03 	 0 	 0E+00 	 1.165809E+03	0E+00	90.36032932584658
3.83331e+01	5.24525e-03 	 0 	 0E+00 	 1.165611E+03	0E+00	90.34499982775846
3.84036e+01	5.24429e-03 	 0 	 0E+00 	 1.165398E+03	0E+00	90.32846463880948
3.84740e+01	5.24419e-03 	 0 	 0E+00 	 1.165376E+03	0E+00	90.32674222329395
3.85445e+01	5.24330e-03 	 0 	 0E+00 	 1.165178E+03	0E+00	90.31141272520584
3.86149e+01	5.24133e-03 	 0 	 0E+00 	 1.16474E+03	0E+00	90.2774811395501
3.86854e+01	5.24090e-03 	 0 	 0E+00 	 1.164644E+03	0E+00	90.27007475283337
3.87558e+01	5.24042e-03 	 0 	 0E+00 	 1.164538E+03	0E+00	90.26180715835889
3.88263e+01	5.23916e-03 	 0 	 0E+00 	 1.164258E+03	0E+00	90.24010472286334
3.88967e+01	5.23847e-03 	 0 	 0E+00 	 1.164104E+03	0E+00	90.22822005580628
3.89672e+01	5.23794e-03 	 0 	 0E+00 	 1.163987E+03	0E+00	90.219091253574
3.90377e+01	5.23736e-03 	 0 	 0E+00 	 1.163858E+03	0E+00	90.209101243584
3.91081e+01	5.23741e-03 	 0 	 0E+00 	 1.163869E+03	0E+00	90.20996245134177
3.91786e+01	5.23767e-03 	 0 	 0E+00 	 1.163927E+03	0E+00	90.21444073168212
3.92491e+01	5.23556e-03 	 0 	 0E+00 	 1.163458E+03	0E+00	90.17809776430467
3.93195e+01	5.23535e-03 	 0 	 0E+00 	 1.163411E+03	0E+00	90.17448069172207
3.93900e+01	5.23473e-03 	 0 	 0E+00 	 1.163273E+03	0E+00	90.16380171552585
3.94604e+01	5.23366e-03 	 0 	 0E+00 	 1.163036E+03	0E+00	90.1453718695098
3.95308e+01	5.23329e-03 	 0 	 0E+00 	 1.162953E+03	0E+00	90.13899893210237
3.96013e+01	5.23275e-03 	 0 	 0E+00 	 1.162833E+03	0E+00	90.12969788831859
3.96717e+01	5.23060e-03 	 0 	 0E+00 	 1.162356E+03	0E+00	90.09266595473491
3.97422e+01	5.23048e-03 	 0 	 0E+00 	 1.162329E+03	0E+00	90.09059905611629
3.98126e+01	5.22925e-03 	 0 	 0E+00 	 1.162056E+03	0E+00	90.06941334527544
3.98831e+01	5.22857e-03 	 0 	 0E+00 	 1.161904E+03	0E+00	90.05770091976989
3.99536e+01	5.22754e-03 	 0 	 0E+00 	 1.161676E+03	0E+00	90.03996003996005
4.00240e+01	5.22764e-03 	 0 	 0E+00 	 1.161698E+03	0E+00	90.04168245547557
4.00945e+01	5.22653e-03 	 0 	 0E+00 	 1.161451E+03	0E+00	90.0225636432533
4.01649e+01	5.22552e-03 	 0 	 0E+00 	 1.161227E+03	0E+00	90.00516724654656
4.02354e+01	5.22528e-03 	 0 	 0E+00 	 1.161173E+03	0E+00	90.00103344930932
DATA: /home/user/PycharmProjects/OFET_K2636B_2019.10.15/data/OLED_00_oled_ltp_020.txt
