V(__) I(__) lux CurrC oeff. CurrA/m^-2. lux/m^-1
1.00000e+01 1.58179e-04 31.6 1.997737E+05 3.515089E+01 7.022222E+06 
1.00000e+01 1.39252e-04 31.6 2.269267E+05 3.094489E+01 7.022222E+06 
1.00000e+01 1.38853e-04 31.6 2.275788E+05 3.085622E+01 7.022222E+06 
1.00000e+01 1.39658e-04 31.6 2.26267E+05 3.103511E+01 7.022222E+06 
1.00000e+01 1.33942e-04 31.6 2.35923E+05 2.976489E+01 7.022222E+06 
1.00000e+01 1.35007e-04 31.6 2.340619E+05 3.000156E+01 7.022222E+06 
1.00000e+01 1.29377e-04 31.6 2.442474E+05 2.875044E+01 7.022222E+06 
1.00000e+01 1.38399e-04 31.6 2.283253E+05 3.075533E+01 7.022222E+06 
1.00000e+01 1.28662e-04 31.6 2.456048E+05 2.859156E+01 7.022222E+06 
1.00000e+01 1.44967e-04 31.6 2.179806E+05 3.221489E+01 7.022222E+06 
1.00000e+01 1.37757e-04 31.6 2.293894E+05 3.061267E+01 7.022222E+06 
1.00000e+01 1.43256e-04 31.6 2.205841E+05 3.183467E+01 7.022222E+06 
1.00000e+01 1.50074e-04 31.6 2.105628E+05 3.334978E+01 7.022222E+06 
1.00000e+01 1.46344e-04 31.6 2.159296E+05 3.252089E+01 7.022222E+06 
1.00000e+01 1.45007e-04 31.6 2.179205E+05 3.222378E+01 7.022222E+06 
1.00000e+01 1.70342e-04 31.6 1.855092E+05 3.785378E+01 7.022222E+06 
1.00000e+01 1.70038e-04 31.6 1.858408E+05 3.778622E+01 7.022222E+06 
1.00000e+01 -2.24854e-09 19.5 -8.672294E+09 -4.996756E-04 4.333333E+06 
1.00000e+01 -4.97181e-10 19.5 -3.922113E+10 -1.104847E-04 4.333333E+06 
1.00000e+01 -3.69892e-10 19.5 -5.271809E+10 -8.219822E-05 4.333333E+06 
