>>head<<V(__) 	 I(__) 	 lux 	 CurrC oeff. 	 CurrA/m^-2. 	 lux/m^-1
1.00000e+01	9.99959e-02 	 0 	 0E+00 	 2.222131E+04 	 0E+00
1.00000e+01	9.99957e-02 	 0 	 0E+00 	 2.222127E+04 	 0E+00
1.00000e+01	9.99958e-02 	 0 	 0E+00 	 2.222129E+04 	 0E+00
1.00000e+01	9.99957e-02 	 0 	 0E+00 	 2.222127E+04 	 0E+00
1.00000e+01	9.99957e-02 	 0 	 0E+00 	 2.222127E+04 	 0E+00
1.00000e+01	9.99959e-02 	 0 	 0E+00 	 2.222131E+04 	 0E+00
1.00000e+01	9.99959e-02 	 0 	 0E+00 	 2.222131E+04 	 0E+00
1.00000e+01	9.99957e-02 	 0 	 0E+00 	 2.222127E+04 	 0E+00
1.00000e+01	9.99954e-02 	 0 	 0E+00 	 2.22212E+04 	 0E+00
1.00000e+01	9.99954e-02 	 0 	 0E+00 	 2.22212E+04 	 0E+00
1.00000e+01	9.99954e-02 	 0 	 0E+00 	 2.22212E+04 	 0E+00
1.00000e+01	9.99957e-02 	 0 	 0E+00 	 2.222127E+04 	 0E+00
>>END<<
DATA: /home/user/PycharmProjects/OFET_K2636B_2019.10.15/data/OLED_00_oled_ltp_038.txt
