V(__) I(__) lux CurrC oeff. CurrA/m^-2. lux/m^-1
0.00000e+00 -3.40530e-07 0 -0E+00 -7.567333E-02 0E+00 
2.50000e-01 1.46448e-03 0 0E+00 3.2544E+02 0E+00 
5.00000e-01 2.98418e-03 0 0E+00 6.631511E+02 0E+00 
7.50000e-01 4.56975e-03 0 0E+00 1.0155E+03 0E+00 
1.00000e+00 6.19911e-03 0 0E+00 1.37758E+03 0E+00 
1.25000e+00 7.89057e-03 0 0E+00 1.75346E+03 0E+00 
1.50000e+00 9.62311e-03 0 0E+00 2.138469E+03 0E+00 
1.75000e+00 1.13914e-02 0 0E+00 2.531422E+03 0E+00 
2.00000e+00 1.31969e-02 0 0E+00 2.932644E+03 0E+00 
2.25000e+00 1.50323e-02 0 0E+00 3.340511E+03 0E+00 
2.50000e+00 1.69112e-02 0 0E+00 3.758044E+03 0E+00 
2.75000e+00 1.88209e-02 0 0E+00 4.182422E+03 0E+00 
3.00000e+00 2.07565e-02 0 0E+00 4.612556E+03 0E+00 
3.25000e+00 2.27112e-02 0 0E+00 5.046933E+03 0E+00 
3.50000e+00 2.46924e-02 0 0E+00 5.4872E+03 0E+00 
3.75000e+00 2.67327e-02 0 0E+00 5.9406E+03 0E+00 
4.00000e+00 2.87642e-02 0 0E+00 6.392044E+03 0E+00 
4.25000e+00 3.08238e-02 0 0E+00 6.849733E+03 0E+00 
4.50000e+00 3.29035e-02 0 0E+00 7.311889E+03 0E+00 
4.75000e+00 3.49970e-02 0 0E+00 7.777111E+03 0E+00 
5.00000e+00 3.71094e-02 0 0E+00 8.246533E+03 0E+00 
5.25000e+00 3.92293e-02 0 0E+00 8.717622E+03 0E+00 
5.50000e+00 4.13871e-02 0 0E+00 9.197133E+03 0E+00 
5.75000e+00 4.35872e-02 0 0E+00 9.686044E+03 0E+00 
6.00000e+00 4.57671e-02 0 0E+00 1.017047E+04 0E+00 
6.25000e+00 4.79857e-02 0 0E+00 1.066349E+04 0E+00 
6.50000e+00 5.02353e-02 0 0E+00 1.11634E+04 0E+00 
6.75000e+00 5.24985e-02 0 0E+00 1.166633E+04 0E+00 
7.00000e+00 5.47984e-02 0 0E+00 1.217742E+04 0E+00 
7.25000e+00 5.70315e-02 0 0E+00 1.267367E+04 0E+00 
7.50000e+00 5.93484e-02 0 0E+00 1.318853E+04 0E+00 
7.75000e+00 6.16797e-02 0 0E+00 1.37066E+04 0E+00 
8.00000e+00 6.40132e-02 0 0E+00 1.422516E+04 0E+00 
8.25000e+00 6.63708e-02 0 0E+00 1.474907E+04 0E+00 
8.50000e+00 6.87364e-02 0 0E+00 1.527476E+04 0E+00 
8.75000e+00 7.11431e-02 0 0E+00 1.580958E+04 0E+00 
9.00000e+00 7.35697e-02 0 0E+00 1.634882E+04 0E+00 
9.25000e+00 7.60314e-02 0 0E+00 1.689587E+04 0E+00 
9.50000e+00 7.83995e-02 0 0E+00 1.742211E+04 0E+00 
9.75000e+00 8.07765e-02 0 0E+00 1.795033E+04 0E+00 
1.00000e+01 8.31694e-02 0 0E+00 1.848209E+04 0E+00 
1.02500e+01 8.55693e-02 0 0E+00 1.90154E+04 0E+00 
1.05000e+01 8.79923e-02 0 0E+00 1.955384E+04 0E+00 
1.07500e+01 9.04887e-02 0 0E+00 2.01086E+04 0E+00 
1.10000e+01 9.29562e-02 0 0E+00 2.065693E+04 0E+00 
1.12500e+01 9.54315e-02 0 0E+00 2.1207E+04 0E+00 
1.15000e+01 9.79059e-02 0 0E+00 2.175687E+04 0E+00 
1.17500e+01 9.99950e-02 0 0E+00 2.222111E+04 0E+00 
1.20000e+01 9.99950e-02 0 0E+00 2.222111E+04 0E+00 
1.22500e+01 9.99950e-02 0 0E+00 2.222111E+04 0E+00 
1.25000e+01 9.99949e-02 0 0E+00 2.222109E+04 0E+00 
1.27500e+01 9.99951e-02 0 0E+00 2.222113E+04 0E+00 
1.30000e+01 9.99953e-02 0 0E+00 2.222118E+04 0E+00 
1.32500e+01 9.99953e-02 0 0E+00 2.222118E+04 0E+00 
1.35000e+01 9.99954e-02 0 0E+00 2.22212E+04 0E+00 
1.37500e+01 9.99953e-02 0 0E+00 2.222118E+04 0E+00 
1.40000e+01 9.99954e-02 0 0E+00 2.22212E+04 0E+00 
1.42500e+01 9.99952e-02 0 0E+00 2.222116E+04 0E+00 
1.45000e+01 9.99954e-02 0 0E+00 2.22212E+04 0E+00 
1.47500e+01 9.99954e-02 0 0E+00 2.22212E+04 0E+00 
1.50000e+01 9.99953e-02 0 0E+00 2.222118E+04 0E+00 
