V(__) I(__) lux CurrC oeff. CurrA/m^-2. lux/m^-1
2.00000e-01 9.99950e-02 0 0E+00 2.222111E+04 0E+00 
3.00000e-01 9.99950e-02 0 0E+00 2.222111E+04 0E+00 
4.00000e-01 9.99951e-02 0 0E+00 2.222113E+04 0E+00 
5.00000e-01 9.99951e-02 0 0E+00 2.222113E+04 0E+00 
6.00000e-01 9.99951e-02 0 0E+00 2.222113E+04 0E+00 
7.00000e-01 9.99951e-02 0 0E+00 2.222113E+04 0E+00 
8.00000e-01 9.99951e-02 0 0E+00 2.222113E+04 0E+00 
9.00000e-01 9.99952e-02 0 0E+00 2.222116E+04 0E+00 
1.00000e+00 9.99952e-02 0 0E+00 2.222116E+04 0E+00 
1.10000e+00 9.99951e-02 0 0E+00 2.222113E+04 0E+00 
1.00000e+00 9.99950e-02 0 0E+00 2.222111E+04 0E+00 
9.00000e-01 9.99949e-02 0 0E+00 2.222109E+04 0E+00 
8.00000e-01 9.99950e-02 0 0E+00 2.222111E+04 0E+00 
7.00000e-01 9.99950e-02 0 0E+00 2.222111E+04 0E+00 
6.00000e-01 9.99952e-02 0 0E+00 2.222116E+04 0E+00 
5.00000e-01 9.99951e-02 0 0E+00 2.222113E+04 0E+00 
4.00000e-01 9.99952e-02 0 0E+00 2.222116E+04 0E+00 
3.00000e-01 9.99951e-02 0 0E+00 2.222113E+04 0E+00 
2.00000e-01 9.99952e-02 0 0E+00 2.222116E+04 0E+00 
1.00000e-01 9.99952e-02 0 0E+00 2.222116E+04 0E+00 
2.77556e-17 -2.96372e-04 0 -0E+00 -6.586044E+01 0E+00 
-1.00000e-01 -9.90411e-02 0 -0E+00 -2.200913E+04 0E+00 
