>>head<<V(__) 	 I(__) 	 lux 	 CurrC oeff. 	 CurrA/m^-2. 	 lux/m^-1
7.01000e+00	-2.06482e-13 	 0 	 -0E+00 	 -4.588489E-08 	 0E+00
7.02000e+00	-2.13408e-13 	 0 	 -0E+00 	 -4.7424E-08 	 0E+00
7.03000e+00	-2.05958e-13 	 0 	 -0E+00 	 -4.576844E-08 	 0E+00
7.04000e+00	-2.18940e-13 	 0 	 -0E+00 	 -4.865333E-08 	 0E+00
7.05000e+00	-2.26736e-13 	 0 	 -0E+00 	 -5.038578E-08 	 0E+00
7.06000e+00	-2.12336e-13 	 0 	 -0E+00 	 -4.718578E-08 	 0E+00
7.07000e+00	-2.32267e-13 	 0 	 -0E+00 	 -5.161489E-08 	 0E+00
7.08000e+00	-2.06172e-13 	 0 	 -0E+00 	 -4.5816E-08 	 0E+00
7.09000e+00	-2.34592e-13 	 0 	 -0E+00 	 -5.213156E-08 	 0E+00
7.10000e+00	-2.00355e-13 	 0 	 -0E+00 	 -4.452333E-08 	 0E+00
7.11000e+00	-3.12042e-13 	 0 	 -0E+00 	 -6.934267E-08 	 0E+00
7.12000e+00	-2.64764e-13 	 0 	 -0E+00 	 -5.883644E-08 	 0E+00
7.13000e+00	-2.00939e-13 	 0 	 -0E+00 	 -4.465311E-08 	 0E+00
7.14000e+00	-2.13122e-13 	 0 	 -0E+00 	 -4.736044E-08 	 0E+00
7.15000e+00	-3.89302e-13 	 0 	 -0E+00 	 -8.651156E-08 	 0E+00
7.16000e+00	-4.10080e-13 	 0 	 -0E+00 	 -9.112889E-08 	 0E+00
7.17000e+00	-1.88538e-11 	 0 	 -0E+00 	 -4.189733E-06 	 0E+00
7.18000e+00	-1.96748e-10 	 0 	 -0E+00 	 -4.372178E-05 	 0E+00
7.19000e+00	2.23747e-10 	 0 	 0E+00 	 4.972156E-05 	 0E+00
7.20000e+00	9.94093e-02 	 0 	 0E+00 	 2.209096E+04 	 0E+00
7.21000e+00	9.94272e-02 	 0 	 0E+00 	 2.209493E+04 	 0E+00
7.22000e+00	9.94176e-02 	 0 	 0E+00 	 2.20928E+04 	 0E+00
7.23000e+00	9.94370e-02 	 0 	 0E+00 	 2.209711E+04 	 0E+00
7.24000e+00	9.94409e-02 	 0 	 0E+00 	 2.209798E+04 	 0E+00
7.25000e+00	9.94190e-02 	 0 	 0E+00 	 2.209311E+04 	 0E+00
7.26000e+00	9.94252e-02 	 0 	 0E+00 	 2.209449E+04 	 0E+00
7.27000e+00	1.00000e-01 	 0 	 0E+00 	 2.222222E+04 	 0E+00
7.28000e+00	9.94349e-02 	 0 	 0E+00 	 2.209664E+04 	 0E+00
7.29000e+00	9.94478e-02 	 0 	 0E+00 	 2.209951E+04 	 0E+00
7.30000e+00	9.94458e-02 	 0 	 0E+00 	 2.209907E+04 	 0E+00
7.31000e+00	9.94455e-02 	 0 	 0E+00 	 2.2099E+04 	 0E+00
7.32000e+00	9.94568e-02 	 0 	 0E+00 	 2.210151E+04 	 0E+00
7.33000e+00	1.00000e-01 	 0 	 0E+00 	 2.222222E+04 	 0E+00
7.34000e+00	1.00000e-01 	 0 	 0E+00 	 2.222222E+04 	 0E+00
7.35000e+00	1.00000e-01 	 0 	 0E+00 	 2.222222E+04 	 0E+00
7.36000e+00	9.94530e-02 	 0 	 0E+00 	 2.210067E+04 	 0E+00
7.37000e+00	9.99999e-02 	 0 	 0E+00 	 2.22222E+04 	 0E+00
7.38000e+00	9.99999e-02 	 0 	 0E+00 	 2.22222E+04 	 0E+00
7.39000e+00	9.99999e-02 	 0 	 0E+00 	 2.22222E+04 	 0E+00
7.40000e+00	9.99999e-02 	 0 	 0E+00 	 2.22222E+04 	 0E+00
7.41000e+00	9.99999e-02 	 0 	 0E+00 	 2.22222E+04 	 0E+00
7.42000e+00	9.99998e-02 	 0 	 0E+00 	 2.222218E+04 	 0E+00
7.43000e+00	1.00000e-01 	 0 	 0E+00 	 2.222222E+04 	 0E+00
7.44000e+00	9.99999e-02 	 0 	 0E+00 	 2.22222E+04 	 0E+00
7.45000e+00	1.00000e-01 	 0 	 0E+00 	 2.222222E+04 	 0E+00
7.46000e+00	9.94264e-02 	 0 	 0E+00 	 2.209476E+04 	 0E+00
7.47000e+00	9.94239e-02 	 0 	 0E+00 	 2.20942E+04 	 0E+00
7.48000e+00	9.94494e-02 	 0 	 0E+00 	 2.209987E+04 	 0E+00
7.49000e+00	9.94390e-02 	 0 	 0E+00 	 2.209756E+04 	 0E+00
7.50000e+00	1.00000e-01 	 0 	 0E+00 	 2.222222E+04 	 0E+00
7.51000e+00	1.00000e-01 	 0 	 0E+00 	 2.222222E+04 	 0E+00
7.52000e+00	1.00000e-01 	 0 	 0E+00 	 2.222222E+04 	 0E+00
7.53000e+00	9.99999e-02 	 0 	 0E+00 	 2.22222E+04 	 0E+00
7.54000e+00	9.99999e-02 	 0 	 0E+00 	 2.22222E+04 	 0E+00
7.55000e+00	9.99999e-02 	 0 	 0E+00 	 2.22222E+04 	 0E+00
7.56000e+00	9.99999e-02 	 0 	 0E+00 	 2.22222E+04 	 0E+00
7.57000e+00	9.94443e-02 	 0 	 0E+00 	 2.209873E+04 	 0E+00
7.58000e+00	9.94357e-02 	 0 	 0E+00 	 2.209682E+04 	 0E+00
7.59000e+00	9.94458e-02 	 0 	 0E+00 	 2.209907E+04 	 0E+00
7.60000e+00	9.94451e-02 	 0 	 0E+00 	 2.209891E+04 	 0E+00
7.61000e+00	9.94501e-02 	 0 	 0E+00 	 2.210002E+04 	 0E+00
7.62000e+00	9.94339e-02 	 0 	 0E+00 	 2.209642E+04 	 0E+00
7.63000e+00	9.94667e-02 	 0 	 0E+00 	 2.210371E+04 	 0E+00
7.64000e+00	9.94596e-02 	 0 	 0E+00 	 2.210213E+04 	 0E+00
7.65000e+00	9.94371e-02 	 0 	 0E+00 	 2.209713E+04 	 0E+00
7.66000e+00	9.94591e-02 	 0 	 0E+00 	 2.210202E+04 	 0E+00
7.67000e+00	9.94449e-02 	 0 	 0E+00 	 2.209887E+04 	 0E+00
7.68000e+00	9.94310e-02 	 0 	 0E+00 	 2.209578E+04 	 0E+00
7.69000e+00	1.00000e-01 	 0 	 0E+00 	 2.222222E+04 	 0E+00
7.70000e+00	1.00000e-01 	 0 	 0E+00 	 2.222222E+04 	 0E+00
7.71000e+00	1.00000e-01 	 0 	 0E+00 	 2.222222E+04 	 0E+00
7.72000e+00	9.94403e-02 	 0 	 0E+00 	 2.209784E+04 	 0E+00
7.73000e+00	9.99994e-02 	 0 	 0E+00 	 2.222209E+04 	 0E+00
7.74000e+00	9.99993e-02 	 0 	 0E+00 	 2.222207E+04 	 0E+00
7.75000e+00	9.99994e-02 	 0 	 0E+00 	 2.222209E+04 	 0E+00
7.76000e+00	9.99993e-02 	 0 	 0E+00 	 2.222207E+04 	 0E+00
7.77000e+00	9.99992e-02 	 0 	 0E+00 	 2.222204E+04 	 0E+00
7.78000e+00	9.99994e-02 	 0 	 0E+00 	 2.222209E+04 	 0E+00
7.79000e+00	9.99992e-02 	 0 	 0E+00 	 2.222204E+04 	 0E+00
7.80000e+00	9.99992e-02 	 0 	 0E+00 	 2.222204E+04 	 0E+00
7.81000e+00	9.99993e-02 	 0 	 0E+00 	 2.222207E+04 	 0E+00
7.82000e+00	9.99993e-02 	 0 	 0E+00 	 2.222207E+04 	 0E+00
7.83000e+00	9.99993e-02 	 0 	 0E+00 	 2.222207E+04 	 0E+00
7.84000e+00	9.99993e-02 	 0 	 0E+00 	 2.222207E+04 	 0E+00
7.85000e+00	9.99993e-02 	 0 	 0E+00 	 2.222207E+04 	 0E+00
7.86000e+00	9.99992e-02 	 0 	 0E+00 	 2.222204E+04 	 0E+00
7.87000e+00	9.99992e-02 	 0 	 0E+00 	 2.222204E+04 	 0E+00
7.88000e+00	9.99991e-02 	 0 	 0E+00 	 2.222202E+04 	 0E+00
7.89000e+00	9.99992e-02 	 0 	 0E+00 	 2.222204E+04 	 0E+00
7.90000e+00	9.99993e-02 	 0 	 0E+00 	 2.222207E+04 	 0E+00
7.91000e+00	9.99994e-02 	 0 	 0E+00 	 2.222209E+04 	 0E+00
7.92000e+00	9.99995e-02 	 0 	 0E+00 	 2.222211E+04 	 0E+00
7.93000e+00	9.99995e-02 	 0 	 0E+00 	 2.222211E+04 	 0E+00
7.94000e+00	9.99995e-02 	 0 	 0E+00 	 2.222211E+04 	 0E+00
7.95000e+00	9.99995e-02 	 0 	 0E+00 	 2.222211E+04 	 0E+00
7.96000e+00	9.99995e-02 	 0 	 0E+00 	 2.222211E+04 	 0E+00
7.97000e+00	9.99996e-02 	 0 	 0E+00 	 2.222213E+04 	 0E+00
7.98000e+00	9.99996e-02 	 0 	 0E+00 	 2.222213E+04 	 0E+00
7.99000e+00	9.99997e-02 	 0 	 0E+00 	 2.222216E+04 	 0E+00
8.00000e+00	9.99997e-02 	 0 	 0E+00 	 2.222216E+04 	 0E+00
8.01000e+00	9.99996e-02 	 0 	 0E+00 	 2.222213E+04 	 0E+00
8.02000e+00	9.99996e-02 	 0 	 0E+00 	 2.222213E+04 	 0E+00
8.03000e+00	9.99995e-02 	 0 	 0E+00 	 2.222211E+04 	 0E+00
8.04000e+00	9.99995e-02 	 0 	 0E+00 	 2.222211E+04 	 0E+00
8.05000e+00	9.99996e-02 	 0 	 0E+00 	 2.222213E+04 	 0E+00
8.06000e+00	9.99996e-02 	 0 	 0E+00 	 2.222213E+04 	 0E+00
8.07000e+00	9.99995e-02 	 0 	 0E+00 	 2.222211E+04 	 0E+00
8.08000e+00	9.99995e-02 	 0 	 0E+00 	 2.222211E+04 	 0E+00
8.09000e+00	9.99994e-02 	 0 	 0E+00 	 2.222209E+04 	 0E+00
8.10000e+00	9.99994e-02 	 0 	 0E+00 	 2.222209E+04 	 0E+00
8.11000e+00	9.99994e-02 	 0 	 0E+00 	 2.222209E+04 	 0E+00
8.12000e+00	9.99994e-02 	 0 	 0E+00 	 2.222209E+04 	 0E+00
8.13000e+00	9.99995e-02 	 0 	 0E+00 	 2.222211E+04 	 0E+00
8.14000e+00	9.99996e-02 	 0 	 0E+00 	 2.222213E+04 	 0E+00
8.15000e+00	9.99995e-02 	 0 	 0E+00 	 2.222211E+04 	 0E+00
8.16000e+00	9.99994e-02 	 0 	 0E+00 	 2.222209E+04 	 0E+00
8.17000e+00	9.99995e-02 	 0 	 0E+00 	 2.222211E+04 	 0E+00
8.18000e+00	9.99996e-02 	 0 	 0E+00 	 2.222213E+04 	 0E+00
8.19000e+00	9.99996e-02 	 0 	 0E+00 	 2.222213E+04 	 0E+00
8.20000e+00	9.99996e-02 	 0 	 0E+00 	 2.222213E+04 	 0E+00
8.21000e+00	9.99996e-02 	 0 	 0E+00 	 2.222213E+04 	 0E+00
8.22000e+00	9.99995e-02 	 0 	 0E+00 	 2.222211E+04 	 0E+00
8.23000e+00	9.99994e-02 	 0 	 0E+00 	 2.222209E+04 	 0E+00
8.24000e+00	9.99995e-02 	 0 	 0E+00 	 2.222211E+04 	 0E+00
8.25000e+00	9.99996e-02 	 0 	 0E+00 	 2.222213E+04 	 0E+00
8.26000e+00	9.99996e-02 	 0 	 0E+00 	 2.222213E+04 	 0E+00
8.27000e+00	9.99995e-02 	 0 	 0E+00 	 2.222211E+04 	 0E+00
8.28000e+00	9.99995e-02 	 0 	 0E+00 	 2.222211E+04 	 0E+00
8.29000e+00	9.99995e-02 	 0 	 0E+00 	 2.222211E+04 	 0E+00
8.30000e+00	9.99996e-02 	 0 	 0E+00 	 2.222213E+04 	 0E+00
8.31000e+00	9.99997e-02 	 0 	 0E+00 	 2.222216E+04 	 0E+00
8.32000e+00	9.99998e-02 	 0 	 0E+00 	 2.222218E+04 	 0E+00
8.33000e+00	9.99998e-02 	 0 	 0E+00 	 2.222218E+04 	 0E+00
8.34000e+00	9.99997e-02 	 0 	 0E+00 	 2.222216E+04 	 0E+00
8.35000e+00	9.99997e-02 	 0 	 0E+00 	 2.222216E+04 	 0E+00
8.36000e+00	9.99997e-02 	 0 	 0E+00 	 2.222216E+04 	 0E+00
8.37000e+00	9.99996e-02 	 0 	 0E+00 	 2.222213E+04 	 0E+00
8.38000e+00	9.99996e-02 	 0 	 0E+00 	 2.222213E+04 	 0E+00
8.39000e+00	9.99995e-02 	 0 	 0E+00 	 2.222211E+04 	 0E+00
8.40000e+00	9.99997e-02 	 0 	 0E+00 	 2.222216E+04 	 0E+00
8.41000e+00	9.99996e-02 	 0 	 0E+00 	 2.222213E+04 	 0E+00
8.42000e+00	9.99997e-02 	 0 	 0E+00 	 2.222216E+04 	 0E+00
8.43000e+00	9.99997e-02 	 0 	 0E+00 	 2.222216E+04 	 0E+00
8.44000e+00	9.99997e-02 	 0 	 0E+00 	 2.222216E+04 	 0E+00
8.45000e+00	9.99995e-02 	 0 	 0E+00 	 2.222211E+04 	 0E+00
8.46000e+00	9.99996e-02 	 0 	 0E+00 	 2.222213E+04 	 0E+00
8.47000e+00	9.99996e-02 	 0 	 0E+00 	 2.222213E+04 	 0E+00
8.48000e+00	9.99995e-02 	 0 	 0E+00 	 2.222211E+04 	 0E+00
8.49000e+00	9.99996e-02 	 0 	 0E+00 	 2.222213E+04 	 0E+00
8.50000e+00	9.99996e-02 	 0 	 0E+00 	 2.222213E+04 	 0E+00
8.51000e+00	9.99996e-02 	 0 	 0E+00 	 2.222213E+04 	 0E+00
8.52000e+00	9.99998e-02 	 0 	 0E+00 	 2.222218E+04 	 0E+00
8.53000e+00	9.99998e-02 	 0 	 0E+00 	 2.222218E+04 	 0E+00
8.54000e+00	9.99997e-02 	 0 	 0E+00 	 2.222216E+04 	 0E+00
8.55000e+00	9.99997e-02 	 0 	 0E+00 	 2.222216E+04 	 0E+00
8.56000e+00	9.99997e-02 	 0 	 0E+00 	 2.222216E+04 	 0E+00
8.57000e+00	9.99997e-02 	 0 	 0E+00 	 2.222216E+04 	 0E+00
8.58000e+00	9.99997e-02 	 0 	 0E+00 	 2.222216E+04 	 0E+00
8.59000e+00	9.99996e-02 	 0 	 0E+00 	 2.222213E+04 	 0E+00
8.60000e+00	9.99997e-02 	 0 	 0E+00 	 2.222216E+04 	 0E+00
8.61000e+00	9.99996e-02 	 0 	 0E+00 	 2.222213E+04 	 0E+00
8.62000e+00	9.99997e-02 	 0 	 0E+00 	 2.222216E+04 	 0E+00
8.63000e+00	9.99997e-02 	 0 	 0E+00 	 2.222216E+04 	 0E+00
8.64000e+00	9.99998e-02 	 0 	 0E+00 	 2.222218E+04 	 0E+00
8.65000e+00	9.99999e-02 	 0 	 0E+00 	 2.22222E+04 	 0E+00
8.66000e+00	9.99998e-02 	 0 	 0E+00 	 2.222218E+04 	 0E+00
8.67000e+00	9.99997e-02 	 0 	 0E+00 	 2.222216E+04 	 0E+00
8.68000e+00	9.99997e-02 	 0 	 0E+00 	 2.222216E+04 	 0E+00
8.69000e+00	9.99997e-02 	 0 	 0E+00 	 2.222216E+04 	 0E+00
8.70000e+00	9.99998e-02 	 0 	 0E+00 	 2.222218E+04 	 0E+00
8.71000e+00	9.99997e-02 	 0 	 0E+00 	 2.222216E+04 	 0E+00
8.72000e+00	9.99997e-02 	 0 	 0E+00 	 2.222216E+04 	 0E+00
8.73000e+00	9.99997e-02 	 0 	 0E+00 	 2.222216E+04 	 0E+00
8.74000e+00	9.99998e-02 	 0 	 0E+00 	 2.222218E+04 	 0E+00
8.75000e+00	9.99998e-02 	 0 	 0E+00 	 2.222218E+04 	 0E+00
8.76000e+00	9.99997e-02 	 0 	 0E+00 	 2.222216E+04 	 0E+00
8.77000e+00	9.99997e-02 	 0 	 0E+00 	 2.222216E+04 	 0E+00
8.78000e+00	9.99997e-02 	 0 	 0E+00 	 2.222216E+04 	 0E+00
8.79000e+00	9.99996e-02 	 0 	 0E+00 	 2.222213E+04 	 0E+00
8.80000e+00	9.99997e-02 	 0 	 0E+00 	 2.222216E+04 	 0E+00
8.81000e+00	9.99997e-02 	 0 	 0E+00 	 2.222216E+04 	 0E+00
8.82000e+00	9.99996e-02 	 0 	 0E+00 	 2.222213E+04 	 0E+00
8.83000e+00	9.99997e-02 	 0 	 0E+00 	 2.222216E+04 	 0E+00
8.84000e+00	9.99997e-02 	 0 	 0E+00 	 2.222216E+04 	 0E+00
8.85000e+00	9.99997e-02 	 0 	 0E+00 	 2.222216E+04 	 0E+00
8.86000e+00	9.99997e-02 	 0 	 0E+00 	 2.222216E+04 	 0E+00
8.87000e+00	9.99997e-02 	 0 	 0E+00 	 2.222216E+04 	 0E+00
8.88000e+00	9.99997e-02 	 0 	 0E+00 	 2.222216E+04 	 0E+00
8.89000e+00	9.99997e-02 	 0 	 0E+00 	 2.222216E+04 	 0E+00
8.90000e+00	9.99997e-02 	 0 	 0E+00 	 2.222216E+04 	 0E+00
8.91000e+00	9.99998e-02 	 0 	 0E+00 	 2.222218E+04 	 0E+00
8.92000e+00	9.99998e-02 	 0 	 0E+00 	 2.222218E+04 	 0E+00
8.93000e+00	9.99998e-02 	 0 	 0E+00 	 2.222218E+04 	 0E+00
8.94000e+00	9.99999e-02 	 0 	 0E+00 	 2.22222E+04 	 0E+00
8.95000e+00	9.99998e-02 	 0 	 0E+00 	 2.222218E+04 	 0E+00
8.96000e+00	9.99998e-02 	 0 	 0E+00 	 2.222218E+04 	 0E+00
8.97000e+00	9.99991e-02 	 0 	 0E+00 	 2.222202E+04 	 0E+00
8.98000e+00	9.99990e-02 	 0 	 0E+00 	 2.2222E+04 	 0E+00
8.99000e+00	9.99990e-02 	 0 	 0E+00 	 2.2222E+04 	 0E+00
9.00000e+00	9.99991e-02 	 0 	 0E+00 	 2.222202E+04 	 0E+00
9.01000e+00	9.99990e-02 	 0 	 0E+00 	 2.2222E+04 	 0E+00
9.00000e+00	9.99989e-02 	 0 	 0E+00 	 2.222198E+04 	 0E+00
8.99000e+00	9.99989e-02 	 0 	 0E+00 	 2.222198E+04 	 0E+00
8.98000e+00	9.99989e-02 	 0 	 0E+00 	 2.222198E+04 	 0E+00
8.97000e+00	9.99990e-02 	 0 	 0E+00 	 2.2222E+04 	 0E+00
8.96000e+00	9.99989e-02 	 0 	 0E+00 	 2.222198E+04 	 0E+00
8.95000e+00	9.99990e-02 	 0 	 0E+00 	 2.2222E+04 	 0E+00
8.94000e+00	9.99990e-02 	 0 	 0E+00 	 2.2222E+04 	 0E+00
8.93000e+00	9.99989e-02 	 0 	 0E+00 	 2.222198E+04 	 0E+00
8.92000e+00	9.99989e-02 	 0 	 0E+00 	 2.222198E+04 	 0E+00
8.91000e+00	9.99990e-02 	 0 	 0E+00 	 2.2222E+04 	 0E+00
8.90000e+00	9.99991e-02 	 0 	 0E+00 	 2.222202E+04 	 0E+00
8.89000e+00	9.99991e-02 	 0 	 0E+00 	 2.222202E+04 	 0E+00
8.88000e+00	9.99991e-02 	 0 	 0E+00 	 2.222202E+04 	 0E+00
8.87000e+00	9.99991e-02 	 0 	 0E+00 	 2.222202E+04 	 0E+00
8.86000e+00	9.99990e-02 	 0 	 0E+00 	 2.2222E+04 	 0E+00
8.85000e+00	9.99990e-02 	 0 	 0E+00 	 2.2222E+04 	 0E+00
8.84000e+00	9.99990e-02 	 0 	 0E+00 	 2.2222E+04 	 0E+00
8.83000e+00	9.99990e-02 	 0 	 0E+00 	 2.2222E+04 	 0E+00
8.82000e+00	9.99989e-02 	 0 	 0E+00 	 2.222198E+04 	 0E+00
8.81000e+00	9.99989e-02 	 0 	 0E+00 	 2.222198E+04 	 0E+00
8.80000e+00	9.99989e-02 	 0 	 0E+00 	 2.222198E+04 	 0E+00
8.79000e+00	9.99990e-02 	 0 	 0E+00 	 2.2222E+04 	 0E+00
8.78000e+00	9.99991e-02 	 0 	 0E+00 	 2.222202E+04 	 0E+00
8.77000e+00	9.99990e-02 	 0 	 0E+00 	 2.2222E+04 	 0E+00
8.76000e+00	9.99991e-02 	 0 	 0E+00 	 2.222202E+04 	 0E+00
8.75000e+00	9.99992e-02 	 0 	 0E+00 	 2.222204E+04 	 0E+00
8.74000e+00	9.99993e-02 	 0 	 0E+00 	 2.222207E+04 	 0E+00
8.73000e+00	9.99992e-02 	 0 	 0E+00 	 2.222204E+04 	 0E+00
8.72000e+00	9.99992e-02 	 0 	 0E+00 	 2.222204E+04 	 0E+00
8.71000e+00	9.99991e-02 	 0 	 0E+00 	 2.222202E+04 	 0E+00
8.70000e+00	9.99990e-02 	 0 	 0E+00 	 2.2222E+04 	 0E+00
8.69000e+00	9.99991e-02 	 0 	 0E+00 	 2.222202E+04 	 0E+00
8.68000e+00	9.99991e-02 	 0 	 0E+00 	 2.222202E+04 	 0E+00
8.67000e+00	9.99991e-02 	 0 	 0E+00 	 2.222202E+04 	 0E+00
8.66000e+00	9.99991e-02 	 0 	 0E+00 	 2.222202E+04 	 0E+00
8.65000e+00	9.99991e-02 	 0 	 0E+00 	 2.222202E+04 	 0E+00
8.64000e+00	9.99991e-02 	 0 	 0E+00 	 2.222202E+04 	 0E+00
8.63000e+00	9.99991e-02 	 0 	 0E+00 	 2.222202E+04 	 0E+00
8.62000e+00	9.99990e-02 	 0 	 0E+00 	 2.2222E+04 	 0E+00
8.61000e+00	9.99989e-02 	 0 	 0E+00 	 2.222198E+04 	 0E+00
8.60000e+00	9.99990e-02 	 0 	 0E+00 	 2.2222E+04 	 0E+00
8.59000e+00	9.99991e-02 	 0 	 0E+00 	 2.222202E+04 	 0E+00
8.58000e+00	9.99991e-02 	 0 	 0E+00 	 2.222202E+04 	 0E+00
8.57000e+00	9.99991e-02 	 0 	 0E+00 	 2.222202E+04 	 0E+00
8.56000e+00	9.99991e-02 	 0 	 0E+00 	 2.222202E+04 	 0E+00
8.55000e+00	9.99992e-02 	 0 	 0E+00 	 2.222204E+04 	 0E+00
8.54000e+00	9.99992e-02 	 0 	 0E+00 	 2.222204E+04 	 0E+00
8.53000e+00	9.99993e-02 	 0 	 0E+00 	 2.222207E+04 	 0E+00
8.52000e+00	9.99993e-02 	 0 	 0E+00 	 2.222207E+04 	 0E+00
8.51000e+00	9.99992e-02 	 0 	 0E+00 	 2.222204E+04 	 0E+00
8.50000e+00	9.99994e-02 	 0 	 0E+00 	 2.222209E+04 	 0E+00
8.49000e+00	9.99994e-02 	 0 	 0E+00 	 2.222209E+04 	 0E+00
8.48000e+00	9.99994e-02 	 0 	 0E+00 	 2.222209E+04 	 0E+00
8.47000e+00	9.99993e-02 	 0 	 0E+00 	 2.222207E+04 	 0E+00
8.46000e+00	9.99993e-02 	 0 	 0E+00 	 2.222207E+04 	 0E+00
8.45000e+00	9.99995e-02 	 0 	 0E+00 	 2.222211E+04 	 0E+00
8.44000e+00	9.99994e-02 	 0 	 0E+00 	 2.222209E+04 	 0E+00
8.43000e+00	9.99996e-02 	 0 	 0E+00 	 2.222213E+04 	 0E+00
8.42000e+00	9.99995e-02 	 0 	 0E+00 	 2.222211E+04 	 0E+00
8.41000e+00	9.99995e-02 	 0 	 0E+00 	 2.222211E+04 	 0E+00
8.40000e+00	9.99994e-02 	 0 	 0E+00 	 2.222209E+04 	 0E+00
8.39000e+00	9.99994e-02 	 0 	 0E+00 	 2.222209E+04 	 0E+00
8.38000e+00	9.99994e-02 	 0 	 0E+00 	 2.222209E+04 	 0E+00
8.37000e+00	9.99994e-02 	 0 	 0E+00 	 2.222209E+04 	 0E+00
8.36000e+00	9.99994e-02 	 0 	 0E+00 	 2.222209E+04 	 0E+00
8.35000e+00	9.99994e-02 	 0 	 0E+00 	 2.222209E+04 	 0E+00
8.34000e+00	9.99994e-02 	 0 	 0E+00 	 2.222209E+04 	 0E+00
8.33000e+00	9.99994e-02 	 0 	 0E+00 	 2.222209E+04 	 0E+00
8.32000e+00	9.99994e-02 	 0 	 0E+00 	 2.222209E+04 	 0E+00
8.31000e+00	9.99994e-02 	 0 	 0E+00 	 2.222209E+04 	 0E+00
8.30000e+00	9.99993e-02 	 0 	 0E+00 	 2.222207E+04 	 0E+00
8.29000e+00	9.99994e-02 	 0 	 0E+00 	 2.222209E+04 	 0E+00
8.28000e+00	9.99992e-02 	 0 	 0E+00 	 2.222204E+04 	 0E+00
8.27000e+00	9.99992e-02 	 0 	 0E+00 	 2.222204E+04 	 0E+00
8.26000e+00	9.99991e-02 	 0 	 0E+00 	 2.222202E+04 	 0E+00
8.25000e+00	9.99992e-02 	 0 	 0E+00 	 2.222204E+04 	 0E+00
8.24000e+00	9.99992e-02 	 0 	 0E+00 	 2.222204E+04 	 0E+00
8.23000e+00	9.99992e-02 	 0 	 0E+00 	 2.222204E+04 	 0E+00
8.22000e+00	9.99992e-02 	 0 	 0E+00 	 2.222204E+04 	 0E+00
8.21000e+00	9.99991e-02 	 0 	 0E+00 	 2.222202E+04 	 0E+00
8.20000e+00	9.99991e-02 	 0 	 0E+00 	 2.222202E+04 	 0E+00
8.19000e+00	9.99992e-02 	 0 	 0E+00 	 2.222204E+04 	 0E+00
8.18000e+00	9.99991e-02 	 0 	 0E+00 	 2.222202E+04 	 0E+00
8.17000e+00	9.99992e-02 	 0 	 0E+00 	 2.222204E+04 	 0E+00
8.16000e+00	9.99993e-02 	 0 	 0E+00 	 2.222207E+04 	 0E+00
8.15000e+00	9.99992e-02 	 0 	 0E+00 	 2.222204E+04 	 0E+00
8.14000e+00	9.99992e-02 	 0 	 0E+00 	 2.222204E+04 	 0E+00
8.13000e+00	9.99992e-02 	 0 	 0E+00 	 2.222204E+04 	 0E+00
8.12000e+00	9.99991e-02 	 0 	 0E+00 	 2.222202E+04 	 0E+00
8.11000e+00	9.99991e-02 	 0 	 0E+00 	 2.222202E+04 	 0E+00
8.10000e+00	9.99991e-02 	 0 	 0E+00 	 2.222202E+04 	 0E+00
8.09000e+00	9.99990e-02 	 0 	 0E+00 	 2.2222E+04 	 0E+00
8.08000e+00	9.99990e-02 	 0 	 0E+00 	 2.2222E+04 	 0E+00
8.07000e+00	9.99991e-02 	 0 	 0E+00 	 2.222202E+04 	 0E+00
8.06000e+00	9.99992e-02 	 0 	 0E+00 	 2.222204E+04 	 0E+00
8.05000e+00	9.99992e-02 	 0 	 0E+00 	 2.222204E+04 	 0E+00
8.04000e+00	9.99992e-02 	 0 	 0E+00 	 2.222204E+04 	 0E+00
8.03000e+00	9.99992e-02 	 0 	 0E+00 	 2.222204E+04 	 0E+00
8.02000e+00	9.99991e-02 	 0 	 0E+00 	 2.222202E+04 	 0E+00
8.01000e+00	9.99991e-02 	 0 	 0E+00 	 2.222202E+04 	 0E+00
8.00000e+00	9.99990e-02 	 0 	 0E+00 	 2.2222E+04 	 0E+00
7.99000e+00	9.99991e-02 	 0 	 0E+00 	 2.222202E+04 	 0E+00
7.98000e+00	9.99992e-02 	 0 	 0E+00 	 2.222204E+04 	 0E+00
7.97000e+00	9.99991e-02 	 0 	 0E+00 	 2.222202E+04 	 0E+00
7.96000e+00	9.99990e-02 	 0 	 0E+00 	 2.2222E+04 	 0E+00
7.95000e+00	9.99990e-02 	 0 	 0E+00 	 2.2222E+04 	 0E+00
7.94000e+00	9.99990e-02 	 0 	 0E+00 	 2.2222E+04 	 0E+00
7.93000e+00	9.99990e-02 	 0 	 0E+00 	 2.2222E+04 	 0E+00
7.92000e+00	9.99989e-02 	 0 	 0E+00 	 2.222198E+04 	 0E+00
7.91000e+00	9.99991e-02 	 0 	 0E+00 	 2.222202E+04 	 0E+00
7.90000e+00	9.99991e-02 	 0 	 0E+00 	 2.222202E+04 	 0E+00
7.89000e+00	9.99991e-02 	 0 	 0E+00 	 2.222202E+04 	 0E+00
7.88000e+00	9.99992e-02 	 0 	 0E+00 	 2.222204E+04 	 0E+00
7.87000e+00	9.99993e-02 	 0 	 0E+00 	 2.222207E+04 	 0E+00
7.86000e+00	9.99993e-02 	 0 	 0E+00 	 2.222207E+04 	 0E+00
7.85000e+00	9.99995e-02 	 0 	 0E+00 	 2.222211E+04 	 0E+00
7.84000e+00	9.99993e-02 	 0 	 0E+00 	 2.222207E+04 	 0E+00
7.83000e+00	9.99993e-02 	 0 	 0E+00 	 2.222207E+04 	 0E+00
7.82000e+00	9.99992e-02 	 0 	 0E+00 	 2.222204E+04 	 0E+00
7.81000e+00	9.99986e-02 	 0 	 0E+00 	 2.222191E+04 	 0E+00
7.80000e+00	9.99986e-02 	 0 	 0E+00 	 2.222191E+04 	 0E+00
7.79000e+00	9.99985e-02 	 0 	 0E+00 	 2.222189E+04 	 0E+00
7.78000e+00	9.99986e-02 	 0 	 0E+00 	 2.222191E+04 	 0E+00
7.77000e+00	9.99985e-02 	 0 	 0E+00 	 2.222189E+04 	 0E+00
7.76000e+00	9.99985e-02 	 0 	 0E+00 	 2.222189E+04 	 0E+00
7.75000e+00	9.99984e-02 	 0 	 0E+00 	 2.222187E+04 	 0E+00
7.74000e+00	9.99985e-02 	 0 	 0E+00 	 2.222189E+04 	 0E+00
7.73000e+00	9.99985e-02 	 0 	 0E+00 	 2.222189E+04 	 0E+00
7.72000e+00	9.99985e-02 	 0 	 0E+00 	 2.222189E+04 	 0E+00
7.71000e+00	9.99986e-02 	 0 	 0E+00 	 2.222191E+04 	 0E+00
7.70000e+00	9.99986e-02 	 0 	 0E+00 	 2.222191E+04 	 0E+00
7.69000e+00	9.99985e-02 	 0 	 0E+00 	 2.222189E+04 	 0E+00
7.68000e+00	9.99985e-02 	 0 	 0E+00 	 2.222189E+04 	 0E+00
7.67000e+00	9.99986e-02 	 0 	 0E+00 	 2.222191E+04 	 0E+00
7.66000e+00	9.99986e-02 	 0 	 0E+00 	 2.222191E+04 	 0E+00
7.65000e+00	9.99986e-02 	 0 	 0E+00 	 2.222191E+04 	 0E+00
7.64000e+00	9.99986e-02 	 0 	 0E+00 	 2.222191E+04 	 0E+00
7.63000e+00	9.99987e-02 	 0 	 0E+00 	 2.222193E+04 	 0E+00
7.62000e+00	9.99987e-02 	 0 	 0E+00 	 2.222193E+04 	 0E+00
7.61000e+00	9.99987e-02 	 0 	 0E+00 	 2.222193E+04 	 0E+00
7.60000e+00	9.99986e-02 	 0 	 0E+00 	 2.222191E+04 	 0E+00
7.59000e+00	9.99985e-02 	 0 	 0E+00 	 2.222189E+04 	 0E+00
7.58000e+00	9.99986e-02 	 0 	 0E+00 	 2.222191E+04 	 0E+00
7.57000e+00	9.99986e-02 	 0 	 0E+00 	 2.222191E+04 	 0E+00
7.56000e+00	9.99988e-02 	 0 	 0E+00 	 2.222196E+04 	 0E+00
7.55000e+00	9.99987e-02 	 0 	 0E+00 	 2.222193E+04 	 0E+00
7.54000e+00	9.99988e-02 	 0 	 0E+00 	 2.222196E+04 	 0E+00
7.53000e+00	9.99988e-02 	 0 	 0E+00 	 2.222196E+04 	 0E+00
7.52000e+00	9.99988e-02 	 0 	 0E+00 	 2.222196E+04 	 0E+00
7.51000e+00	9.99988e-02 	 0 	 0E+00 	 2.222196E+04 	 0E+00
7.50000e+00	9.99988e-02 	 0 	 0E+00 	 2.222196E+04 	 0E+00
7.49000e+00	9.99988e-02 	 0 	 0E+00 	 2.222196E+04 	 0E+00
7.48000e+00	9.99988e-02 	 0 	 0E+00 	 2.222196E+04 	 0E+00
7.47000e+00	9.99989e-02 	 0 	 0E+00 	 2.222198E+04 	 0E+00
7.46000e+00	9.99989e-02 	 0 	 0E+00 	 2.222198E+04 	 0E+00
7.45000e+00	9.99989e-02 	 0 	 0E+00 	 2.222198E+04 	 0E+00
7.44000e+00	9.99988e-02 	 0 	 0E+00 	 2.222196E+04 	 0E+00
7.43000e+00	9.99986e-02 	 0 	 0E+00 	 2.222191E+04 	 0E+00
7.42000e+00	9.99988e-02 	 0 	 0E+00 	 2.222196E+04 	 0E+00
7.41000e+00	9.99988e-02 	 0 	 0E+00 	 2.222196E+04 	 0E+00
7.40000e+00	9.99989e-02 	 0 	 0E+00 	 2.222198E+04 	 0E+00
7.39000e+00	9.99989e-02 	 0 	 0E+00 	 2.222198E+04 	 0E+00
7.38000e+00	9.99988e-02 	 0 	 0E+00 	 2.222196E+04 	 0E+00
7.37000e+00	9.99989e-02 	 0 	 0E+00 	 2.222198E+04 	 0E+00
7.36000e+00	9.99990e-02 	 0 	 0E+00 	 2.2222E+04 	 0E+00
7.35000e+00	9.99989e-02 	 0 	 0E+00 	 2.222198E+04 	 0E+00
7.34000e+00	9.99989e-02 	 0 	 0E+00 	 2.222198E+04 	 0E+00
7.33000e+00	9.99989e-02 	 0 	 0E+00 	 2.222198E+04 	 0E+00
7.32000e+00	9.99989e-02 	 0 	 0E+00 	 2.222198E+04 	 0E+00
7.31000e+00	9.99988e-02 	 0 	 0E+00 	 2.222196E+04 	 0E+00
7.30000e+00	9.99988e-02 	 0 	 0E+00 	 2.222196E+04 	 0E+00
7.29000e+00	9.99989e-02 	 0 	 0E+00 	 2.222198E+04 	 0E+00
7.28000e+00	9.99990e-02 	 0 	 0E+00 	 2.2222E+04 	 0E+00
7.27000e+00	9.99991e-02 	 0 	 0E+00 	 2.222202E+04 	 0E+00
7.26000e+00	9.99992e-02 	 0 	 0E+00 	 2.222204E+04 	 0E+00
7.25000e+00	9.99990e-02 	 0 	 0E+00 	 2.2222E+04 	 0E+00
7.24000e+00	9.99990e-02 	 0 	 0E+00 	 2.2222E+04 	 0E+00
7.23000e+00	9.99990e-02 	 0 	 0E+00 	 2.2222E+04 	 0E+00
7.22000e+00	9.99990e-02 	 0 	 0E+00 	 2.2222E+04 	 0E+00
7.21000e+00	9.99988e-02 	 0 	 0E+00 	 2.222196E+04 	 0E+00
7.20000e+00	9.99989e-02 	 0 	 0E+00 	 2.222198E+04 	 0E+00
7.19000e+00	9.99989e-02 	 0 	 0E+00 	 2.222198E+04 	 0E+00
7.18000e+00	9.99990e-02 	 0 	 0E+00 	 2.2222E+04 	 0E+00
7.17000e+00	9.99990e-02 	 0 	 0E+00 	 2.2222E+04 	 0E+00
7.16000e+00	9.99990e-02 	 0 	 0E+00 	 2.2222E+04 	 0E+00
7.15000e+00	9.99990e-02 	 0 	 0E+00 	 2.2222E+04 	 0E+00
7.14000e+00	9.99989e-02 	 0 	 0E+00 	 2.222198E+04 	 0E+00
7.13000e+00	9.99989e-02 	 0 	 0E+00 	 2.222198E+04 	 0E+00
7.12000e+00	9.99990e-02 	 0 	 0E+00 	 2.2222E+04 	 0E+00
7.11000e+00	9.99990e-02 	 0 	 0E+00 	 2.2222E+04 	 0E+00
7.10000e+00	9.99991e-02 	 0 	 0E+00 	 2.222202E+04 	 0E+00
7.09000e+00	9.99990e-02 	 0 	 0E+00 	 2.2222E+04 	 0E+00
7.08000e+00	9.99991e-02 	 0 	 0E+00 	 2.222202E+04 	 0E+00
7.07000e+00	9.99991e-02 	 0 	 0E+00 	 2.222202E+04 	 0E+00
7.06000e+00	9.99991e-02 	 0 	 0E+00 	 2.222202E+04 	 0E+00
7.05000e+00	9.99990e-02 	 0 	 0E+00 	 2.2222E+04 	 0E+00
7.04000e+00	9.99990e-02 	 0 	 0E+00 	 2.2222E+04 	 0E+00
7.03000e+00	9.99990e-02 	 0 	 0E+00 	 2.2222E+04 	 0E+00
7.02000e+00	9.99990e-02 	 0 	 0E+00 	 2.2222E+04 	 0E+00
7.01000e+00	9.99990e-02 	 0 	 0E+00 	 2.2222E+04 	 0E+00
7.00000e+00	9.99989e-02 	 0 	 0E+00 	 2.222198E+04 	 0E+00
6.99000e+00	9.99988e-02 	 0 	 0E+00 	 2.222196E+04 	 0E+00
6.98000e+00	9.99990e-02 	 0 	 0E+00 	 2.2222E+04 	 0E+00
6.97000e+00	9.99989e-02 	 0 	 0E+00 	 2.222198E+04 	 0E+00
6.96000e+00	9.99989e-02 	 0 	 0E+00 	 2.222198E+04 	 0E+00
6.95000e+00	9.99988e-02 	 0 	 0E+00 	 2.222196E+04 	 0E+00
6.94000e+00	9.99989e-02 	 0 	 0E+00 	 2.222198E+04 	 0E+00
6.93000e+00	9.99989e-02 	 0 	 0E+00 	 2.222198E+04 	 0E+00
6.92000e+00	9.99990e-02 	 0 	 0E+00 	 2.2222E+04 	 0E+00
6.91000e+00	9.99989e-02 	 0 	 0E+00 	 2.222198E+04 	 0E+00
6.90000e+00	9.99990e-02 	 0 	 0E+00 	 2.2222E+04 	 0E+00
6.89000e+00	9.99990e-02 	 0 	 0E+00 	 2.2222E+04 	 0E+00
6.88000e+00	9.99988e-02 	 0 	 0E+00 	 2.222196E+04 	 0E+00
6.87000e+00	9.99988e-02 	 0 	 0E+00 	 2.222196E+04 	 0E+00
6.86000e+00	9.99988e-02 	 0 	 0E+00 	 2.222196E+04 	 0E+00
6.85000e+00	9.99987e-02 	 0 	 0E+00 	 2.222193E+04 	 0E+00
6.84000e+00	9.99988e-02 	 0 	 0E+00 	 2.222196E+04 	 0E+00
6.83000e+00	9.99987e-02 	 0 	 0E+00 	 2.222193E+04 	 0E+00
6.82000e+00	9.99987e-02 	 0 	 0E+00 	 2.222193E+04 	 0E+00
6.81000e+00	9.99987e-02 	 0 	 0E+00 	 2.222193E+04 	 0E+00
6.80000e+00	9.99987e-02 	 0 	 0E+00 	 2.222193E+04 	 0E+00
6.79000e+00	9.99988e-02 	 0 	 0E+00 	 2.222196E+04 	 0E+00
6.78000e+00	9.99988e-02 	 0 	 0E+00 	 2.222196E+04 	 0E+00
6.77000e+00	9.99987e-02 	 0 	 0E+00 	 2.222193E+04 	 0E+00
6.76000e+00	9.99988e-02 	 0 	 0E+00 	 2.222196E+04 	 0E+00
6.75000e+00	9.99986e-02 	 0 	 0E+00 	 2.222191E+04 	 0E+00
6.74000e+00	9.99988e-02 	 0 	 0E+00 	 2.222196E+04 	 0E+00
6.73000e+00	9.99988e-02 	 0 	 0E+00 	 2.222196E+04 	 0E+00
6.72000e+00	9.99988e-02 	 0 	 0E+00 	 2.222196E+04 	 0E+00
6.71000e+00	9.99987e-02 	 0 	 0E+00 	 2.222193E+04 	 0E+00
6.70000e+00	9.99987e-02 	 0 	 0E+00 	 2.222193E+04 	 0E+00
6.69000e+00	9.99987e-02 	 0 	 0E+00 	 2.222193E+04 	 0E+00
6.68000e+00	9.99987e-02 	 0 	 0E+00 	 2.222193E+04 	 0E+00
6.67000e+00	9.99987e-02 	 0 	 0E+00 	 2.222193E+04 	 0E+00
6.66000e+00	9.99987e-02 	 0 	 0E+00 	 2.222193E+04 	 0E+00
6.65000e+00	9.99988e-02 	 0 	 0E+00 	 2.222196E+04 	 0E+00
6.64000e+00	9.99988e-02 	 0 	 0E+00 	 2.222196E+04 	 0E+00
6.63000e+00	9.99988e-02 	 0 	 0E+00 	 2.222196E+04 	 0E+00
6.62000e+00	9.99987e-02 	 0 	 0E+00 	 2.222193E+04 	 0E+00
6.61000e+00	9.99988e-02 	 0 	 0E+00 	 2.222196E+04 	 0E+00
6.60000e+00	9.99989e-02 	 0 	 0E+00 	 2.222198E+04 	 0E+00
6.59000e+00	9.99988e-02 	 0 	 0E+00 	 2.222196E+04 	 0E+00
6.58000e+00	9.99989e-02 	 0 	 0E+00 	 2.222198E+04 	 0E+00
6.57000e+00	9.99983e-02 	 0 	 0E+00 	 2.222184E+04 	 0E+00
6.56000e+00	9.99981e-02 	 0 	 0E+00 	 2.22218E+04 	 0E+00
6.55000e+00	9.99981e-02 	 0 	 0E+00 	 2.22218E+04 	 0E+00
6.54000e+00	9.99982e-02 	 0 	 0E+00 	 2.222182E+04 	 0E+00
6.53000e+00	9.99982e-02 	 0 	 0E+00 	 2.222182E+04 	 0E+00
6.52000e+00	9.99982e-02 	 0 	 0E+00 	 2.222182E+04 	 0E+00
6.51000e+00	9.99982e-02 	 0 	 0E+00 	 2.222182E+04 	 0E+00
6.50000e+00	9.99983e-02 	 0 	 0E+00 	 2.222184E+04 	 0E+00
6.49000e+00	9.99983e-02 	 0 	 0E+00 	 2.222184E+04 	 0E+00
6.48000e+00	9.99983e-02 	 0 	 0E+00 	 2.222184E+04 	 0E+00
6.47000e+00	9.99983e-02 	 0 	 0E+00 	 2.222184E+04 	 0E+00
6.46000e+00	9.99984e-02 	 0 	 0E+00 	 2.222187E+04 	 0E+00
6.45000e+00	9.99984e-02 	 0 	 0E+00 	 2.222187E+04 	 0E+00
6.44000e+00	9.99984e-02 	 0 	 0E+00 	 2.222187E+04 	 0E+00
6.43000e+00	9.99983e-02 	 0 	 0E+00 	 2.222184E+04 	 0E+00
6.42000e+00	9.99983e-02 	 0 	 0E+00 	 2.222184E+04 	 0E+00
6.41000e+00	9.99983e-02 	 0 	 0E+00 	 2.222184E+04 	 0E+00
6.40000e+00	9.99985e-02 	 0 	 0E+00 	 2.222189E+04 	 0E+00
6.39000e+00	9.99985e-02 	 0 	 0E+00 	 2.222189E+04 	 0E+00
6.38000e+00	9.99985e-02 	 0 	 0E+00 	 2.222189E+04 	 0E+00
6.37000e+00	9.99983e-02 	 0 	 0E+00 	 2.222184E+04 	 0E+00
6.36000e+00	9.99984e-02 	 0 	 0E+00 	 2.222187E+04 	 0E+00
6.35000e+00	9.99984e-02 	 0 	 0E+00 	 2.222187E+04 	 0E+00
6.34000e+00	9.99984e-02 	 0 	 0E+00 	 2.222187E+04 	 0E+00
6.33000e+00	9.99985e-02 	 0 	 0E+00 	 2.222189E+04 	 0E+00
6.32000e+00	9.99985e-02 	 0 	 0E+00 	 2.222189E+04 	 0E+00
6.31000e+00	9.99985e-02 	 0 	 0E+00 	 2.222189E+04 	 0E+00
6.30000e+00	9.99984e-02 	 0 	 0E+00 	 2.222187E+04 	 0E+00
6.29000e+00	9.99985e-02 	 0 	 0E+00 	 2.222189E+04 	 0E+00
6.28000e+00	9.99985e-02 	 0 	 0E+00 	 2.222189E+04 	 0E+00
6.27000e+00	9.99985e-02 	 0 	 0E+00 	 2.222189E+04 	 0E+00
6.26000e+00	9.99984e-02 	 0 	 0E+00 	 2.222187E+04 	 0E+00
6.25000e+00	9.99984e-02 	 0 	 0E+00 	 2.222187E+04 	 0E+00
6.24000e+00	9.99985e-02 	 0 	 0E+00 	 2.222189E+04 	 0E+00
6.23000e+00	9.99986e-02 	 0 	 0E+00 	 2.222191E+04 	 0E+00
6.22000e+00	9.99985e-02 	 0 	 0E+00 	 2.222189E+04 	 0E+00
6.21000e+00	9.99985e-02 	 0 	 0E+00 	 2.222189E+04 	 0E+00
6.20000e+00	9.99985e-02 	 0 	 0E+00 	 2.222189E+04 	 0E+00
6.19000e+00	9.99985e-02 	 0 	 0E+00 	 2.222189E+04 	 0E+00
6.18000e+00	9.99985e-02 	 0 	 0E+00 	 2.222189E+04 	 0E+00
6.17000e+00	9.99986e-02 	 0 	 0E+00 	 2.222191E+04 	 0E+00
6.16000e+00	9.99986e-02 	 0 	 0E+00 	 2.222191E+04 	 0E+00
6.15000e+00	9.99986e-02 	 0 	 0E+00 	 2.222191E+04 	 0E+00
6.14000e+00	9.99986e-02 	 0 	 0E+00 	 2.222191E+04 	 0E+00
6.13000e+00	9.99986e-02 	 0 	 0E+00 	 2.222191E+04 	 0E+00
6.12000e+00	9.99986e-02 	 0 	 0E+00 	 2.222191E+04 	 0E+00
6.11000e+00	9.99987e-02 	 0 	 0E+00 	 2.222193E+04 	 0E+00
6.10000e+00	9.99986e-02 	 0 	 0E+00 	 2.222191E+04 	 0E+00
6.09000e+00	9.99985e-02 	 0 	 0E+00 	 2.222189E+04 	 0E+00
6.08000e+00	9.99985e-02 	 0 	 0E+00 	 2.222189E+04 	 0E+00
6.07000e+00	9.99984e-02 	 0 	 0E+00 	 2.222187E+04 	 0E+00
6.06000e+00	9.99985e-02 	 0 	 0E+00 	 2.222189E+04 	 0E+00
6.05000e+00	9.99986e-02 	 0 	 0E+00 	 2.222191E+04 	 0E+00
6.04000e+00	9.99985e-02 	 0 	 0E+00 	 2.222189E+04 	 0E+00
6.03000e+00	9.99985e-02 	 0 	 0E+00 	 2.222189E+04 	 0E+00
6.02000e+00	9.99984e-02 	 0 	 0E+00 	 2.222187E+04 	 0E+00
6.01000e+00	9.99985e-02 	 0 	 0E+00 	 2.222189E+04 	 0E+00
6.00000e+00	9.99985e-02 	 0 	 0E+00 	 2.222189E+04 	 0E+00
5.99000e+00	9.99984e-02 	 0 	 0E+00 	 2.222187E+04 	 0E+00
5.98000e+00	9.99984e-02 	 0 	 0E+00 	 2.222187E+04 	 0E+00
5.97000e+00	9.99984e-02 	 0 	 0E+00 	 2.222187E+04 	 0E+00
5.96000e+00	9.99985e-02 	 0 	 0E+00 	 2.222189E+04 	 0E+00
5.95000e+00	9.99986e-02 	 0 	 0E+00 	 2.222191E+04 	 0E+00
5.94000e+00	9.99986e-02 	 0 	 0E+00 	 2.222191E+04 	 0E+00
5.93000e+00	9.99985e-02 	 0 	 0E+00 	 2.222189E+04 	 0E+00
5.92000e+00	9.99987e-02 	 0 	 0E+00 	 2.222193E+04 	 0E+00
5.91000e+00	9.99986e-02 	 0 	 0E+00 	 2.222191E+04 	 0E+00
5.90000e+00	9.99986e-02 	 0 	 0E+00 	 2.222191E+04 	 0E+00
5.89000e+00	9.99986e-02 	 0 	 0E+00 	 2.222191E+04 	 0E+00
5.88000e+00	9.99987e-02 	 0 	 0E+00 	 2.222193E+04 	 0E+00
5.87000e+00	9.99987e-02 	 0 	 0E+00 	 2.222193E+04 	 0E+00
5.86000e+00	9.99986e-02 	 0 	 0E+00 	 2.222191E+04 	 0E+00
5.85000e+00	9.99985e-02 	 0 	 0E+00 	 2.222189E+04 	 0E+00
5.84000e+00	9.99986e-02 	 0 	 0E+00 	 2.222191E+04 	 0E+00
5.83000e+00	9.99985e-02 	 0 	 0E+00 	 2.222189E+04 	 0E+00
5.82000e+00	9.99986e-02 	 0 	 0E+00 	 2.222191E+04 	 0E+00
5.81000e+00	9.99986e-02 	 0 	 0E+00 	 2.222191E+04 	 0E+00
5.80000e+00	9.99987e-02 	 0 	 0E+00 	 2.222193E+04 	 0E+00
5.79000e+00	9.99986e-02 	 0 	 0E+00 	 2.222191E+04 	 0E+00
5.78000e+00	9.99985e-02 	 0 	 0E+00 	 2.222189E+04 	 0E+00
5.77000e+00	9.99986e-02 	 0 	 0E+00 	 2.222191E+04 	 0E+00
5.76000e+00	9.99986e-02 	 0 	 0E+00 	 2.222191E+04 	 0E+00
5.75000e+00	9.99987e-02 	 0 	 0E+00 	 2.222193E+04 	 0E+00
5.74000e+00	9.99986e-02 	 0 	 0E+00 	 2.222191E+04 	 0E+00
5.73000e+00	9.99988e-02 	 0 	 0E+00 	 2.222196E+04 	 0E+00
5.72000e+00	9.99989e-02 	 0 	 0E+00 	 2.222198E+04 	 0E+00
5.71000e+00	9.99988e-02 	 0 	 0E+00 	 2.222196E+04 	 0E+00
5.70000e+00	9.99989e-02 	 0 	 0E+00 	 2.222198E+04 	 0E+00
5.69000e+00	9.99989e-02 	 0 	 0E+00 	 2.222198E+04 	 0E+00
5.68000e+00	9.99988e-02 	 0 	 0E+00 	 2.222196E+04 	 0E+00
5.67000e+00	9.99989e-02 	 0 	 0E+00 	 2.222198E+04 	 0E+00
5.66000e+00	9.99988e-02 	 0 	 0E+00 	 2.222196E+04 	 0E+00
5.65000e+00	9.99989e-02 	 0 	 0E+00 	 2.222198E+04 	 0E+00
5.64000e+00	9.99990e-02 	 0 	 0E+00 	 2.2222E+04 	 0E+00
5.63000e+00	9.99989e-02 	 0 	 0E+00 	 2.222198E+04 	 0E+00
5.62000e+00	9.99989e-02 	 0 	 0E+00 	 2.222198E+04 	 0E+00
5.61000e+00	9.99988e-02 	 0 	 0E+00 	 2.222196E+04 	 0E+00
5.60000e+00	9.99988e-02 	 0 	 0E+00 	 2.222196E+04 	 0E+00
5.59000e+00	9.99988e-02 	 0 	 0E+00 	 2.222196E+04 	 0E+00
5.58000e+00	9.99988e-02 	 0 	 0E+00 	 2.222196E+04 	 0E+00
5.57000e+00	9.99989e-02 	 0 	 0E+00 	 2.222198E+04 	 0E+00
5.56000e+00	9.99988e-02 	 0 	 0E+00 	 2.222196E+04 	 0E+00
5.55000e+00	9.99987e-02 	 0 	 0E+00 	 2.222193E+04 	 0E+00
5.54000e+00	9.99988e-02 	 0 	 0E+00 	 2.222196E+04 	 0E+00
5.53000e+00	9.99987e-02 	 0 	 0E+00 	 2.222193E+04 	 0E+00
5.52000e+00	9.99987e-02 	 0 	 0E+00 	 2.222193E+04 	 0E+00
5.51000e+00	9.99987e-02 	 0 	 0E+00 	 2.222193E+04 	 0E+00
5.50000e+00	9.99987e-02 	 0 	 0E+00 	 2.222193E+04 	 0E+00
5.49000e+00	9.99988e-02 	 0 	 0E+00 	 2.222196E+04 	 0E+00
5.48000e+00	9.99988e-02 	 0 	 0E+00 	 2.222196E+04 	 0E+00
5.47000e+00	9.99988e-02 	 0 	 0E+00 	 2.222196E+04 	 0E+00
5.46000e+00	9.99987e-02 	 0 	 0E+00 	 2.222193E+04 	 0E+00
5.45000e+00	9.99987e-02 	 0 	 0E+00 	 2.222193E+04 	 0E+00
5.44000e+00	9.99987e-02 	 0 	 0E+00 	 2.222193E+04 	 0E+00
5.43000e+00	9.99986e-02 	 0 	 0E+00 	 2.222191E+04 	 0E+00
5.42000e+00	9.99987e-02 	 0 	 0E+00 	 2.222193E+04 	 0E+00
5.41000e+00	9.99988e-02 	 0 	 0E+00 	 2.222196E+04 	 0E+00
5.40000e+00	9.99988e-02 	 0 	 0E+00 	 2.222196E+04 	 0E+00
5.39000e+00	9.99987e-02 	 0 	 0E+00 	 2.222193E+04 	 0E+00
5.38000e+00	9.99988e-02 	 0 	 0E+00 	 2.222196E+04 	 0E+00
5.37000e+00	9.99988e-02 	 0 	 0E+00 	 2.222196E+04 	 0E+00
5.36000e+00	9.99989e-02 	 0 	 0E+00 	 2.222198E+04 	 0E+00
5.35000e+00	9.99990e-02 	 0 	 0E+00 	 2.2222E+04 	 0E+00
5.34000e+00	9.99990e-02 	 0 	 0E+00 	 2.2222E+04 	 0E+00
5.33000e+00	9.99983e-02 	 0 	 0E+00 	 2.222184E+04 	 0E+00
5.32000e+00	9.99984e-02 	 0 	 0E+00 	 2.222187E+04 	 0E+00
5.31000e+00	9.99983e-02 	 0 	 0E+00 	 2.222184E+04 	 0E+00
5.30000e+00	9.99984e-02 	 0 	 0E+00 	 2.222187E+04 	 0E+00
5.29000e+00	9.99984e-02 	 0 	 0E+00 	 2.222187E+04 	 0E+00
5.28000e+00	9.99985e-02 	 0 	 0E+00 	 2.222189E+04 	 0E+00
5.27000e+00	9.99984e-02 	 0 	 0E+00 	 2.222187E+04 	 0E+00
5.26000e+00	9.99983e-02 	 0 	 0E+00 	 2.222184E+04 	 0E+00
5.25000e+00	9.99985e-02 	 0 	 0E+00 	 2.222189E+04 	 0E+00
5.24000e+00	9.99985e-02 	 0 	 0E+00 	 2.222189E+04 	 0E+00
5.23000e+00	9.99985e-02 	 0 	 0E+00 	 2.222189E+04 	 0E+00
5.22000e+00	9.99985e-02 	 0 	 0E+00 	 2.222189E+04 	 0E+00
5.21000e+00	9.99985e-02 	 0 	 0E+00 	 2.222189E+04 	 0E+00
5.20000e+00	9.99986e-02 	 0 	 0E+00 	 2.222191E+04 	 0E+00
5.19000e+00	9.99986e-02 	 0 	 0E+00 	 2.222191E+04 	 0E+00
5.18000e+00	9.99985e-02 	 0 	 0E+00 	 2.222189E+04 	 0E+00
5.17000e+00	9.99986e-02 	 0 	 0E+00 	 2.222191E+04 	 0E+00
5.16000e+00	9.99985e-02 	 0 	 0E+00 	 2.222189E+04 	 0E+00
5.15000e+00	9.99985e-02 	 0 	 0E+00 	 2.222189E+04 	 0E+00
5.14000e+00	9.99984e-02 	 0 	 0E+00 	 2.222187E+04 	 0E+00
5.13000e+00	9.99984e-02 	 0 	 0E+00 	 2.222187E+04 	 0E+00
5.12000e+00	9.99983e-02 	 0 	 0E+00 	 2.222184E+04 	 0E+00
5.11000e+00	9.99982e-02 	 0 	 0E+00 	 2.222182E+04 	 0E+00
5.10000e+00	9.99983e-02 	 0 	 0E+00 	 2.222184E+04 	 0E+00
5.09000e+00	9.99982e-02 	 0 	 0E+00 	 2.222182E+04 	 0E+00
5.08000e+00	9.99983e-02 	 0 	 0E+00 	 2.222184E+04 	 0E+00
5.07000e+00	9.99985e-02 	 0 	 0E+00 	 2.222189E+04 	 0E+00
5.06000e+00	9.99984e-02 	 0 	 0E+00 	 2.222187E+04 	 0E+00
5.05000e+00	9.99983e-02 	 0 	 0E+00 	 2.222184E+04 	 0E+00
5.04000e+00	9.99984e-02 	 0 	 0E+00 	 2.222187E+04 	 0E+00
5.03000e+00	9.99985e-02 	 0 	 0E+00 	 2.222189E+04 	 0E+00
5.02000e+00	9.99985e-02 	 0 	 0E+00 	 2.222189E+04 	 0E+00
5.01000e+00	9.99984e-02 	 0 	 0E+00 	 2.222187E+04 	 0E+00
5.00000e+00	9.99984e-02 	 0 	 0E+00 	 2.222187E+04 	 0E+00
4.99000e+00	9.99983e-02 	 0 	 0E+00 	 2.222184E+04 	 0E+00
4.98000e+00	9.99984e-02 	 0 	 0E+00 	 2.222187E+04 	 0E+00
4.97000e+00	9.99983e-02 	 0 	 0E+00 	 2.222184E+04 	 0E+00
4.96000e+00	9.99983e-02 	 0 	 0E+00 	 2.222184E+04 	 0E+00
4.95000e+00	9.99983e-02 	 0 	 0E+00 	 2.222184E+04 	 0E+00
4.94000e+00	9.99984e-02 	 0 	 0E+00 	 2.222187E+04 	 0E+00
4.93000e+00	9.99985e-02 	 0 	 0E+00 	 2.222189E+04 	 0E+00
4.92000e+00	9.99985e-02 	 0 	 0E+00 	 2.222189E+04 	 0E+00
4.91000e+00	9.99983e-02 	 0 	 0E+00 	 2.222184E+04 	 0E+00
4.90000e+00	9.99983e-02 	 0 	 0E+00 	 2.222184E+04 	 0E+00
4.89000e+00	9.99983e-02 	 0 	 0E+00 	 2.222184E+04 	 0E+00
4.88000e+00	9.99984e-02 	 0 	 0E+00 	 2.222187E+04 	 0E+00
4.87000e+00	9.99983e-02 	 0 	 0E+00 	 2.222184E+04 	 0E+00
4.86000e+00	9.99984e-02 	 0 	 0E+00 	 2.222187E+04 	 0E+00
4.85000e+00	9.99985e-02 	 0 	 0E+00 	 2.222189E+04 	 0E+00
4.84000e+00	9.99985e-02 	 0 	 0E+00 	 2.222189E+04 	 0E+00
4.83000e+00	9.99986e-02 	 0 	 0E+00 	 2.222191E+04 	 0E+00
4.82000e+00	9.99985e-02 	 0 	 0E+00 	 2.222189E+04 	 0E+00
4.81000e+00	9.99985e-02 	 0 	 0E+00 	 2.222189E+04 	 0E+00
4.80000e+00	9.99985e-02 	 0 	 0E+00 	 2.222189E+04 	 0E+00
4.79000e+00	9.99987e-02 	 0 	 0E+00 	 2.222193E+04 	 0E+00
4.78000e+00	9.99986e-02 	 0 	 0E+00 	 2.222191E+04 	 0E+00
4.77000e+00	9.99986e-02 	 0 	 0E+00 	 2.222191E+04 	 0E+00
4.76000e+00	9.99986e-02 	 0 	 0E+00 	 2.222191E+04 	 0E+00
4.75000e+00	9.99986e-02 	 0 	 0E+00 	 2.222191E+04 	 0E+00
4.74000e+00	9.99985e-02 	 0 	 0E+00 	 2.222189E+04 	 0E+00
4.73000e+00	9.99985e-02 	 0 	 0E+00 	 2.222189E+04 	 0E+00
4.72000e+00	9.99983e-02 	 0 	 0E+00 	 2.222184E+04 	 0E+00
4.71000e+00	9.99983e-02 	 0 	 0E+00 	 2.222184E+04 	 0E+00
4.70000e+00	9.99983e-02 	 0 	 0E+00 	 2.222184E+04 	 0E+00
4.69000e+00	9.99982e-02 	 0 	 0E+00 	 2.222182E+04 	 0E+00
4.68000e+00	9.99983e-02 	 0 	 0E+00 	 2.222184E+04 	 0E+00
4.67000e+00	9.99982e-02 	 0 	 0E+00 	 2.222182E+04 	 0E+00
4.66000e+00	9.99982e-02 	 0 	 0E+00 	 2.222182E+04 	 0E+00
4.65000e+00	9.99981e-02 	 0 	 0E+00 	 2.22218E+04 	 0E+00
4.64000e+00	9.99983e-02 	 0 	 0E+00 	 2.222184E+04 	 0E+00
4.63000e+00	9.99984e-02 	 0 	 0E+00 	 2.222187E+04 	 0E+00
4.62000e+00	9.99983e-02 	 0 	 0E+00 	 2.222184E+04 	 0E+00
4.61000e+00	9.99983e-02 	 0 	 0E+00 	 2.222184E+04 	 0E+00
4.60000e+00	9.99982e-02 	 0 	 0E+00 	 2.222182E+04 	 0E+00
4.59000e+00	9.99983e-02 	 0 	 0E+00 	 2.222184E+04 	 0E+00
4.58000e+00	9.99983e-02 	 0 	 0E+00 	 2.222184E+04 	 0E+00
4.57000e+00	9.99982e-02 	 0 	 0E+00 	 2.222182E+04 	 0E+00
4.56000e+00	9.99982e-02 	 0 	 0E+00 	 2.222182E+04 	 0E+00
4.55000e+00	9.99981e-02 	 0 	 0E+00 	 2.22218E+04 	 0E+00
4.54000e+00	9.99983e-02 	 0 	 0E+00 	 2.222184E+04 	 0E+00
4.53000e+00	9.99983e-02 	 0 	 0E+00 	 2.222184E+04 	 0E+00
4.52000e+00	9.99983e-02 	 0 	 0E+00 	 2.222184E+04 	 0E+00
4.51000e+00	9.99984e-02 	 0 	 0E+00 	 2.222187E+04 	 0E+00
4.50000e+00	9.99984e-02 	 0 	 0E+00 	 2.222187E+04 	 0E+00
4.49000e+00	9.99983e-02 	 0 	 0E+00 	 2.222184E+04 	 0E+00
4.48000e+00	9.99984e-02 	 0 	 0E+00 	 2.222187E+04 	 0E+00
4.47000e+00	9.99982e-02 	 0 	 0E+00 	 2.222182E+04 	 0E+00
4.46000e+00	9.99982e-02 	 0 	 0E+00 	 2.222182E+04 	 0E+00
4.45000e+00	9.99982e-02 	 0 	 0E+00 	 2.222182E+04 	 0E+00
4.44000e+00	9.99983e-02 	 0 	 0E+00 	 2.222184E+04 	 0E+00
4.43000e+00	9.99982e-02 	 0 	 0E+00 	 2.222182E+04 	 0E+00
4.42000e+00	9.99983e-02 	 0 	 0E+00 	 2.222184E+04 	 0E+00
4.41000e+00	9.99983e-02 	 0 	 0E+00 	 2.222184E+04 	 0E+00
4.40000e+00	9.99982e-02 	 0 	 0E+00 	 2.222182E+04 	 0E+00
4.39000e+00	9.99982e-02 	 0 	 0E+00 	 2.222182E+04 	 0E+00
4.38000e+00	9.99982e-02 	 0 	 0E+00 	 2.222182E+04 	 0E+00
4.37000e+00	9.99980e-02 	 0 	 0E+00 	 2.222178E+04 	 0E+00
4.36000e+00	9.99982e-02 	 0 	 0E+00 	 2.222182E+04 	 0E+00
4.35000e+00	9.99982e-02 	 0 	 0E+00 	 2.222182E+04 	 0E+00
4.34000e+00	9.99983e-02 	 0 	 0E+00 	 2.222184E+04 	 0E+00
4.33000e+00	9.99983e-02 	 0 	 0E+00 	 2.222184E+04 	 0E+00
4.32000e+00	9.99983e-02 	 0 	 0E+00 	 2.222184E+04 	 0E+00
4.31000e+00	9.99983e-02 	 0 	 0E+00 	 2.222184E+04 	 0E+00
4.30000e+00	9.99984e-02 	 0 	 0E+00 	 2.222187E+04 	 0E+00
4.29000e+00	9.99985e-02 	 0 	 0E+00 	 2.222189E+04 	 0E+00
4.28000e+00	9.99984e-02 	 0 	 0E+00 	 2.222187E+04 	 0E+00
4.27000e+00	9.99984e-02 	 0 	 0E+00 	 2.222187E+04 	 0E+00
4.26000e+00	9.99984e-02 	 0 	 0E+00 	 2.222187E+04 	 0E+00
4.25000e+00	9.99984e-02 	 0 	 0E+00 	 2.222187E+04 	 0E+00
4.24000e+00	9.99985e-02 	 0 	 0E+00 	 2.222189E+04 	 0E+00
4.23000e+00	9.99984e-02 	 0 	 0E+00 	 2.222187E+04 	 0E+00
4.22000e+00	9.99985e-02 	 0 	 0E+00 	 2.222189E+04 	 0E+00
4.21000e+00	9.99985e-02 	 0 	 0E+00 	 2.222189E+04 	 0E+00
4.20000e+00	9.99984e-02 	 0 	 0E+00 	 2.222187E+04 	 0E+00
4.19000e+00	9.99985e-02 	 0 	 0E+00 	 2.222189E+04 	 0E+00
4.18000e+00	9.99986e-02 	 0 	 0E+00 	 2.222191E+04 	 0E+00
4.17000e+00	9.99985e-02 	 0 	 0E+00 	 2.222189E+04 	 0E+00
4.16000e+00	9.99987e-02 	 0 	 0E+00 	 2.222193E+04 	 0E+00
4.15000e+00	9.99986e-02 	 0 	 0E+00 	 2.222191E+04 	 0E+00
4.14000e+00	9.99986e-02 	 0 	 0E+00 	 2.222191E+04 	 0E+00
4.13000e+00	9.99987e-02 	 0 	 0E+00 	 2.222193E+04 	 0E+00
4.12000e+00	9.99987e-02 	 0 	 0E+00 	 2.222193E+04 	 0E+00
4.11000e+00	9.99987e-02 	 0 	 0E+00 	 2.222193E+04 	 0E+00
4.10000e+00	9.99987e-02 	 0 	 0E+00 	 2.222193E+04 	 0E+00
4.09000e+00	9.99982e-02 	 0 	 0E+00 	 2.222182E+04 	 0E+00
4.08000e+00	9.99981e-02 	 0 	 0E+00 	 2.22218E+04 	 0E+00
4.07000e+00	9.99982e-02 	 0 	 0E+00 	 2.222182E+04 	 0E+00
4.06000e+00	9.99982e-02 	 0 	 0E+00 	 2.222182E+04 	 0E+00
4.05000e+00	9.99983e-02 	 0 	 0E+00 	 2.222184E+04 	 0E+00
4.04000e+00	9.99983e-02 	 0 	 0E+00 	 2.222184E+04 	 0E+00
4.03000e+00	9.99983e-02 	 0 	 0E+00 	 2.222184E+04 	 0E+00
4.02000e+00	9.99983e-02 	 0 	 0E+00 	 2.222184E+04 	 0E+00
4.01000e+00	9.99984e-02 	 0 	 0E+00 	 2.222187E+04 	 0E+00
4.00000e+00	9.99984e-02 	 0 	 0E+00 	 2.222187E+04 	 0E+00
3.99000e+00	9.99984e-02 	 0 	 0E+00 	 2.222187E+04 	 0E+00
3.98000e+00	9.99984e-02 	 0 	 0E+00 	 2.222187E+04 	 0E+00
3.97000e+00	9.99984e-02 	 0 	 0E+00 	 2.222187E+04 	 0E+00
3.96000e+00	9.99982e-02 	 0 	 0E+00 	 2.222182E+04 	 0E+00
3.95000e+00	9.99983e-02 	 0 	 0E+00 	 2.222184E+04 	 0E+00
3.94000e+00	9.99982e-02 	 0 	 0E+00 	 2.222182E+04 	 0E+00
3.93000e+00	9.99983e-02 	 0 	 0E+00 	 2.222184E+04 	 0E+00
3.92000e+00	9.99982e-02 	 0 	 0E+00 	 2.222182E+04 	 0E+00
3.91000e+00	9.99983e-02 	 0 	 0E+00 	 2.222184E+04 	 0E+00
3.90000e+00	9.99983e-02 	 0 	 0E+00 	 2.222184E+04 	 0E+00
3.89000e+00	9.99983e-02 	 0 	 0E+00 	 2.222184E+04 	 0E+00
3.88000e+00	9.99982e-02 	 0 	 0E+00 	 2.222182E+04 	 0E+00
3.87000e+00	9.99983e-02 	 0 	 0E+00 	 2.222184E+04 	 0E+00
3.86000e+00	9.99984e-02 	 0 	 0E+00 	 2.222187E+04 	 0E+00
3.85000e+00	9.99983e-02 	 0 	 0E+00 	 2.222184E+04 	 0E+00
3.84000e+00	9.99983e-02 	 0 	 0E+00 	 2.222184E+04 	 0E+00
3.83000e+00	9.99983e-02 	 0 	 0E+00 	 2.222184E+04 	 0E+00
3.82000e+00	9.99984e-02 	 0 	 0E+00 	 2.222187E+04 	 0E+00
3.81000e+00	9.99983e-02 	 0 	 0E+00 	 2.222184E+04 	 0E+00
3.80000e+00	9.99983e-02 	 0 	 0E+00 	 2.222184E+04 	 0E+00
3.79000e+00	9.99982e-02 	 0 	 0E+00 	 2.222182E+04 	 0E+00
3.78000e+00	9.99982e-02 	 0 	 0E+00 	 2.222182E+04 	 0E+00
3.77000e+00	9.99982e-02 	 0 	 0E+00 	 2.222182E+04 	 0E+00
3.76000e+00	9.99984e-02 	 0 	 0E+00 	 2.222187E+04 	 0E+00
3.75000e+00	9.99983e-02 	 0 	 0E+00 	 2.222184E+04 	 0E+00
3.74000e+00	9.99983e-02 	 0 	 0E+00 	 2.222184E+04 	 0E+00
3.73000e+00	9.99982e-02 	 0 	 0E+00 	 2.222182E+04 	 0E+00
3.72000e+00	9.99983e-02 	 0 	 0E+00 	 2.222184E+04 	 0E+00
3.71000e+00	9.99983e-02 	 0 	 0E+00 	 2.222184E+04 	 0E+00
3.70000e+00	9.99982e-02 	 0 	 0E+00 	 2.222182E+04 	 0E+00
3.69000e+00	9.99982e-02 	 0 	 0E+00 	 2.222182E+04 	 0E+00
3.68000e+00	9.99983e-02 	 0 	 0E+00 	 2.222184E+04 	 0E+00
3.67000e+00	9.99982e-02 	 0 	 0E+00 	 2.222182E+04 	 0E+00
3.66000e+00	9.99981e-02 	 0 	 0E+00 	 2.22218E+04 	 0E+00
3.65000e+00	9.99981e-02 	 0 	 0E+00 	 2.22218E+04 	 0E+00
3.64000e+00	9.99982e-02 	 0 	 0E+00 	 2.222182E+04 	 0E+00
3.63000e+00	9.99983e-02 	 0 	 0E+00 	 2.222184E+04 	 0E+00
3.62000e+00	9.99982e-02 	 0 	 0E+00 	 2.222182E+04 	 0E+00
3.61000e+00	9.99982e-02 	 0 	 0E+00 	 2.222182E+04 	 0E+00
3.60000e+00	9.99982e-02 	 0 	 0E+00 	 2.222182E+04 	 0E+00
3.59000e+00	9.99983e-02 	 0 	 0E+00 	 2.222184E+04 	 0E+00
3.58000e+00	9.99983e-02 	 0 	 0E+00 	 2.222184E+04 	 0E+00
3.57000e+00	9.99983e-02 	 0 	 0E+00 	 2.222184E+04 	 0E+00
3.56000e+00	9.99983e-02 	 0 	 0E+00 	 2.222184E+04 	 0E+00
3.55000e+00	9.99983e-02 	 0 	 0E+00 	 2.222184E+04 	 0E+00
3.54000e+00	9.99982e-02 	 0 	 0E+00 	 2.222182E+04 	 0E+00
3.53000e+00	9.99983e-02 	 0 	 0E+00 	 2.222184E+04 	 0E+00
3.52000e+00	9.99983e-02 	 0 	 0E+00 	 2.222184E+04 	 0E+00
3.51000e+00	9.99983e-02 	 0 	 0E+00 	 2.222184E+04 	 0E+00
3.50000e+00	9.99983e-02 	 0 	 0E+00 	 2.222184E+04 	 0E+00
3.49000e+00	9.99982e-02 	 0 	 0E+00 	 2.222182E+04 	 0E+00
3.48000e+00	9.99983e-02 	 0 	 0E+00 	 2.222184E+04 	 0E+00
3.47000e+00	9.99982e-02 	 0 	 0E+00 	 2.222182E+04 	 0E+00
3.46000e+00	9.99981e-02 	 0 	 0E+00 	 2.22218E+04 	 0E+00
3.45000e+00	9.99981e-02 	 0 	 0E+00 	 2.22218E+04 	 0E+00
3.44000e+00	9.99981e-02 	 0 	 0E+00 	 2.22218E+04 	 0E+00
3.43000e+00	9.99981e-02 	 0 	 0E+00 	 2.22218E+04 	 0E+00
3.42000e+00	9.99982e-02 	 0 	 0E+00 	 2.222182E+04 	 0E+00
3.41000e+00	9.99981e-02 	 0 	 0E+00 	 2.22218E+04 	 0E+00
3.40000e+00	9.99981e-02 	 0 	 0E+00 	 2.22218E+04 	 0E+00
3.39000e+00	9.99980e-02 	 0 	 0E+00 	 2.222178E+04 	 0E+00
3.38000e+00	9.99981e-02 	 0 	 0E+00 	 2.22218E+04 	 0E+00
3.37000e+00	9.99982e-02 	 0 	 0E+00 	 2.222182E+04 	 0E+00
3.36000e+00	9.99982e-02 	 0 	 0E+00 	 2.222182E+04 	 0E+00
3.35000e+00	9.99982e-02 	 0 	 0E+00 	 2.222182E+04 	 0E+00
3.34000e+00	9.99982e-02 	 0 	 0E+00 	 2.222182E+04 	 0E+00
3.33000e+00	9.99980e-02 	 0 	 0E+00 	 2.222178E+04 	 0E+00
3.32000e+00	9.99982e-02 	 0 	 0E+00 	 2.222182E+04 	 0E+00
3.31000e+00	9.99981e-02 	 0 	 0E+00 	 2.22218E+04 	 0E+00
3.30000e+00	9.99981e-02 	 0 	 0E+00 	 2.22218E+04 	 0E+00
3.29000e+00	9.99982e-02 	 0 	 0E+00 	 2.222182E+04 	 0E+00
3.28000e+00	9.99981e-02 	 0 	 0E+00 	 2.22218E+04 	 0E+00
3.27000e+00	9.99981e-02 	 0 	 0E+00 	 2.22218E+04 	 0E+00
3.26000e+00	9.99980e-02 	 0 	 0E+00 	 2.222178E+04 	 0E+00
3.25000e+00	9.99981e-02 	 0 	 0E+00 	 2.22218E+04 	 0E+00
3.24000e+00	9.99981e-02 	 0 	 0E+00 	 2.22218E+04 	 0E+00
3.23000e+00	9.99981e-02 	 0 	 0E+00 	 2.22218E+04 	 0E+00
3.22000e+00	9.99981e-02 	 0 	 0E+00 	 2.22218E+04 	 0E+00
3.21000e+00	9.99981e-02 	 0 	 0E+00 	 2.22218E+04 	 0E+00
3.20000e+00	9.99981e-02 	 0 	 0E+00 	 2.22218E+04 	 0E+00
3.19000e+00	9.99981e-02 	 0 	 0E+00 	 2.22218E+04 	 0E+00
3.18000e+00	9.99981e-02 	 0 	 0E+00 	 2.22218E+04 	 0E+00
3.17000e+00	9.99981e-02 	 0 	 0E+00 	 2.22218E+04 	 0E+00
3.16000e+00	9.99981e-02 	 0 	 0E+00 	 2.22218E+04 	 0E+00
3.15000e+00	9.99982e-02 	 0 	 0E+00 	 2.222182E+04 	 0E+00
3.14000e+00	9.99982e-02 	 0 	 0E+00 	 2.222182E+04 	 0E+00
3.13000e+00	9.99982e-02 	 0 	 0E+00 	 2.222182E+04 	 0E+00
3.12000e+00	9.99982e-02 	 0 	 0E+00 	 2.222182E+04 	 0E+00
3.11000e+00	9.99983e-02 	 0 	 0E+00 	 2.222184E+04 	 0E+00
3.10000e+00	9.99982e-02 	 0 	 0E+00 	 2.222182E+04 	 0E+00
3.09000e+00	9.99981e-02 	 0 	 0E+00 	 2.22218E+04 	 0E+00
3.08000e+00	9.99981e-02 	 0 	 0E+00 	 2.22218E+04 	 0E+00
3.07000e+00	9.99982e-02 	 0 	 0E+00 	 2.222182E+04 	 0E+00
3.06000e+00	9.99981e-02 	 0 	 0E+00 	 2.22218E+04 	 0E+00
3.05000e+00	9.99981e-02 	 0 	 0E+00 	 2.22218E+04 	 0E+00
3.04000e+00	9.99980e-02 	 0 	 0E+00 	 2.222178E+04 	 0E+00
3.03000e+00	9.99980e-02 	 0 	 0E+00 	 2.222178E+04 	 0E+00
3.02000e+00	9.99981e-02 	 0 	 0E+00 	 2.22218E+04 	 0E+00
3.01000e+00	9.99980e-02 	 0 	 0E+00 	 2.222178E+04 	 0E+00
3.00000e+00	9.99981e-02 	 0 	 0E+00 	 2.22218E+04 	 0E+00
2.99000e+00	9.99981e-02 	 0 	 0E+00 	 2.22218E+04 	 0E+00
2.98000e+00	9.99979e-02 	 0 	 0E+00 	 2.222176E+04 	 0E+00
2.97000e+00	9.99980e-02 	 0 	 0E+00 	 2.222178E+04 	 0E+00
2.96000e+00	9.99980e-02 	 0 	 0E+00 	 2.222178E+04 	 0E+00
2.95000e+00	9.99980e-02 	 0 	 0E+00 	 2.222178E+04 	 0E+00
2.94000e+00	9.99980e-02 	 0 	 0E+00 	 2.222178E+04 	 0E+00
2.93000e+00	9.99981e-02 	 0 	 0E+00 	 2.22218E+04 	 0E+00
2.92000e+00	9.99979e-02 	 0 	 0E+00 	 2.222176E+04 	 0E+00
2.91000e+00	9.99978e-02 	 0 	 0E+00 	 2.222173E+04 	 0E+00
2.90000e+00	9.99979e-02 	 0 	 0E+00 	 2.222176E+04 	 0E+00
2.89000e+00	9.99980e-02 	 0 	 0E+00 	 2.222178E+04 	 0E+00
2.88000e+00	9.99980e-02 	 0 	 0E+00 	 2.222178E+04 	 0E+00
2.87000e+00	9.99980e-02 	 0 	 0E+00 	 2.222178E+04 	 0E+00
2.86000e+00	9.99981e-02 	 0 	 0E+00 	 2.22218E+04 	 0E+00
2.85000e+00	9.99980e-02 	 0 	 0E+00 	 2.222178E+04 	 0E+00
2.84000e+00	9.99981e-02 	 0 	 0E+00 	 2.22218E+04 	 0E+00
2.83000e+00	9.99980e-02 	 0 	 0E+00 	 2.222178E+04 	 0E+00
2.82000e+00	9.99981e-02 	 0 	 0E+00 	 2.22218E+04 	 0E+00
2.81000e+00	9.99980e-02 	 0 	 0E+00 	 2.222178E+04 	 0E+00
2.80000e+00	9.99979e-02 	 0 	 0E+00 	 2.222176E+04 	 0E+00
2.79000e+00	9.99981e-02 	 0 	 0E+00 	 2.22218E+04 	 0E+00
2.78000e+00	9.99981e-02 	 0 	 0E+00 	 2.22218E+04 	 0E+00
2.77000e+00	9.99981e-02 	 0 	 0E+00 	 2.22218E+04 	 0E+00
2.76000e+00	9.99980e-02 	 0 	 0E+00 	 2.222178E+04 	 0E+00
2.75000e+00	9.99980e-02 	 0 	 0E+00 	 2.222178E+04 	 0E+00
2.74000e+00	9.99979e-02 	 0 	 0E+00 	 2.222176E+04 	 0E+00
2.73000e+00	9.99980e-02 	 0 	 0E+00 	 2.222178E+04 	 0E+00
2.72000e+00	9.99979e-02 	 0 	 0E+00 	 2.222176E+04 	 0E+00
2.71000e+00	9.99978e-02 	 0 	 0E+00 	 2.222173E+04 	 0E+00
2.70000e+00	9.99978e-02 	 0 	 0E+00 	 2.222173E+04 	 0E+00
2.69000e+00	9.99978e-02 	 0 	 0E+00 	 2.222173E+04 	 0E+00
2.68000e+00	9.99979e-02 	 0 	 0E+00 	 2.222176E+04 	 0E+00
2.67000e+00	9.99979e-02 	 0 	 0E+00 	 2.222176E+04 	 0E+00
2.66000e+00	9.99979e-02 	 0 	 0E+00 	 2.222176E+04 	 0E+00
2.65000e+00	9.99979e-02 	 0 	 0E+00 	 2.222176E+04 	 0E+00
2.64000e+00	9.99979e-02 	 0 	 0E+00 	 2.222176E+04 	 0E+00
2.63000e+00	9.99979e-02 	 0 	 0E+00 	 2.222176E+04 	 0E+00
2.62000e+00	9.99979e-02 	 0 	 0E+00 	 2.222176E+04 	 0E+00
2.61000e+00	9.99978e-02 	 0 	 0E+00 	 2.222173E+04 	 0E+00
2.60000e+00	9.99978e-02 	 0 	 0E+00 	 2.222173E+04 	 0E+00
2.59000e+00	9.99978e-02 	 0 	 0E+00 	 2.222173E+04 	 0E+00
2.58000e+00	9.99978e-02 	 0 	 0E+00 	 2.222173E+04 	 0E+00
2.57000e+00	9.99978e-02 	 0 	 0E+00 	 2.222173E+04 	 0E+00
2.56000e+00	9.99978e-02 	 0 	 0E+00 	 2.222173E+04 	 0E+00
2.55000e+00	9.99978e-02 	 0 	 0E+00 	 2.222173E+04 	 0E+00
2.54000e+00	9.99980e-02 	 0 	 0E+00 	 2.222178E+04 	 0E+00
2.53000e+00	9.99980e-02 	 0 	 0E+00 	 2.222178E+04 	 0E+00
2.52000e+00	9.99979e-02 	 0 	 0E+00 	 2.222176E+04 	 0E+00
2.51000e+00	9.99979e-02 	 0 	 0E+00 	 2.222176E+04 	 0E+00
2.50000e+00	9.99979e-02 	 0 	 0E+00 	 2.222176E+04 	 0E+00
2.49000e+00	9.99978e-02 	 0 	 0E+00 	 2.222173E+04 	 0E+00
2.48000e+00	9.99978e-02 	 0 	 0E+00 	 2.222173E+04 	 0E+00
2.47000e+00	9.99978e-02 	 0 	 0E+00 	 2.222173E+04 	 0E+00
2.46000e+00	9.99978e-02 	 0 	 0E+00 	 2.222173E+04 	 0E+00
2.45000e+00	9.99978e-02 	 0 	 0E+00 	 2.222173E+04 	 0E+00
2.44000e+00	9.99978e-02 	 0 	 0E+00 	 2.222173E+04 	 0E+00
2.43000e+00	9.99978e-02 	 0 	 0E+00 	 2.222173E+04 	 0E+00
2.42000e+00	9.99978e-02 	 0 	 0E+00 	 2.222173E+04 	 0E+00
2.41000e+00	9.99979e-02 	 0 	 0E+00 	 2.222176E+04 	 0E+00
2.40000e+00	9.99977e-02 	 0 	 0E+00 	 2.222171E+04 	 0E+00
2.39000e+00	9.99978e-02 	 0 	 0E+00 	 2.222173E+04 	 0E+00
2.38000e+00	9.99978e-02 	 0 	 0E+00 	 2.222173E+04 	 0E+00
2.37000e+00	9.99978e-02 	 0 	 0E+00 	 2.222173E+04 	 0E+00
2.36000e+00	9.99978e-02 	 0 	 0E+00 	 2.222173E+04 	 0E+00
2.35000e+00	9.99978e-02 	 0 	 0E+00 	 2.222173E+04 	 0E+00
2.34000e+00	9.99978e-02 	 0 	 0E+00 	 2.222173E+04 	 0E+00
2.33000e+00	9.99977e-02 	 0 	 0E+00 	 2.222171E+04 	 0E+00
2.32000e+00	9.99979e-02 	 0 	 0E+00 	 2.222176E+04 	 0E+00
2.31000e+00	9.99978e-02 	 0 	 0E+00 	 2.222173E+04 	 0E+00
2.30000e+00	9.99979e-02 	 0 	 0E+00 	 2.222176E+04 	 0E+00
2.29000e+00	9.99979e-02 	 0 	 0E+00 	 2.222176E+04 	 0E+00
2.28000e+00	9.99979e-02 	 0 	 0E+00 	 2.222176E+04 	 0E+00
2.27000e+00	9.99979e-02 	 0 	 0E+00 	 2.222176E+04 	 0E+00
2.26000e+00	9.99978e-02 	 0 	 0E+00 	 2.222173E+04 	 0E+00
2.25000e+00	9.99978e-02 	 0 	 0E+00 	 2.222173E+04 	 0E+00
2.24000e+00	9.99979e-02 	 0 	 0E+00 	 2.222176E+04 	 0E+00
2.23000e+00	9.99979e-02 	 0 	 0E+00 	 2.222176E+04 	 0E+00
2.22000e+00	9.99979e-02 	 0 	 0E+00 	 2.222176E+04 	 0E+00
2.21000e+00	9.99979e-02 	 0 	 0E+00 	 2.222176E+04 	 0E+00
2.20000e+00	9.99978e-02 	 0 	 0E+00 	 2.222173E+04 	 0E+00
2.19000e+00	9.99979e-02 	 0 	 0E+00 	 2.222176E+04 	 0E+00
2.18000e+00	9.99979e-02 	 0 	 0E+00 	 2.222176E+04 	 0E+00
2.17000e+00	9.99979e-02 	 0 	 0E+00 	 2.222176E+04 	 0E+00
2.16000e+00	9.99980e-02 	 0 	 0E+00 	 2.222178E+04 	 0E+00
2.15000e+00	9.99980e-02 	 0 	 0E+00 	 2.222178E+04 	 0E+00
2.14000e+00	9.99980e-02 	 0 	 0E+00 	 2.222178E+04 	 0E+00
2.13000e+00	9.99980e-02 	 0 	 0E+00 	 2.222178E+04 	 0E+00
2.12000e+00	9.99980e-02 	 0 	 0E+00 	 2.222178E+04 	 0E+00
2.11000e+00	9.99980e-02 	 0 	 0E+00 	 2.222178E+04 	 0E+00
2.10000e+00	9.99980e-02 	 0 	 0E+00 	 2.222178E+04 	 0E+00
2.09000e+00	9.99980e-02 	 0 	 0E+00 	 2.222178E+04 	 0E+00
2.08000e+00	9.99980e-02 	 0 	 0E+00 	 2.222178E+04 	 0E+00
2.07000e+00	9.99980e-02 	 0 	 0E+00 	 2.222178E+04 	 0E+00
DATA: /home/user/PycharmProjects/OFET_K2636B_2019.10.15/data/OLED_00_oled_091.txt
