>>head<<dt(__) 	 I(__) 	 lux 	 CurrCoeff. 	 CurrA/m^-2. 	 lux/m^-2 	 %lux/m^-2
>>head<<dt(__) 	 I(__) 	 lux 	 CurrCoeff. 	 CurrA/m^-2. 	 lux/m^-2 	 %lux/m^-2
>>head<<V(__) 	 I(__) 	 lux 	 CurrC oeff. 	 CurrA/m^-2. 	 lux/m^-1
1.00000e+01	9.99959e-02 	 0 	 0E+00 	 2.222131E+04 	 0E+00
1.00000e+01	9.99961e-02 	 0 	 0E+00 	 2.222136E+04 	 0E+00
1.00000e+01	9.99959e-02 	 0 	 0E+00 	 2.222131E+04 	 0E+00
1.00000e+01	9.99958e-02 	 0 	 0E+00 	 2.222129E+04 	 0E+00
1.00000e+01	9.99959e-02 	 0 	 0E+00 	 2.222131E+04 	 0E+00
1.00000e+01	9.99960e-02 	 0 	 0E+00 	 2.222133E+04 	 0E+00
1.00000e+01	9.99961e-02 	 0 	 0E+00 	 2.222136E+04 	 0E+00
1.00000e+01	9.99960e-02 	 0 	 0E+00 	 2.222133E+04 	 0E+00
1.00000e+01	9.99962e-02 	 0 	 0E+00 	 2.222138E+04 	 0E+00
1.00000e+01	9.99961e-02 	 0 	 0E+00 	 2.222136E+04 	 0E+00
1.00000e+01	9.99960e-02 	 0 	 0E+00 	 2.222133E+04 	 0E+00
1.00000e+01	9.99961e-02 	 0 	 0E+00 	 2.222136E+04 	 0E+00
>>END<<
DATA: /home/user/PycharmProjects/OFET_K2636B_2019.10.15/data/OLED_00_oled_ltp_035.txt
