>>head<<dt(__) 	 I(__) 	 lux 	 CurrCoeff. 	 CurrA/m^-2. 	 lux/m^-1
4.50000e-05	1.00389e-03 	 0 	 0E+00 	 2.230867E+02	0E+00
7.04950e-02	1.00117e-03 	 0 	 0E+00 	 2.224822E+02	0E+00
1.40896e-01	1.00025e-03 	 0 	 0E+00 	 2.222778E+02	0E+00
2.11249e-01	1.00022e-03 	 0 	 0E+00 	 2.222711E+02	0E+00
2.81610e-01	1.00018e-03 	 0 	 0E+00 	 2.222622E+02	0E+00
3.51968e-01	1.00020e-03 	 0 	 0E+00 	 2.222667E+02	0E+00
4.22328e-01	1.00017e-03 	 0 	 0E+00 	 2.2226E+02	0E+00
4.92675e-01	1.00015e-03 	 0 	 0E+00 	 2.222556E+02	0E+00
5.63011e-01	1.00017e-03 	 0 	 0E+00 	 2.2226E+02	0E+00
6.33366e-01	1.00015e-03 	 0 	 0E+00 	 2.222556E+02	0E+00
7.03716e-01	1.00013e-03 	 0 	 0E+00 	 2.222511E+02	0E+00
7.74065e-01	1.00017e-03 	 0 	 0E+00 	 2.2226E+02	0E+00
8.44397e-01	1.00017e-03 	 0 	 0E+00 	 2.2226E+02	0E+00
9.14746e-01	1.00018e-03 	 0 	 0E+00 	 2.222622E+02	0E+00
9.85098e-01	1.00014e-03 	 0 	 0E+00 	 2.222533E+02	0E+00
1.05543e+00	1.00018e-03 	 0 	 0E+00 	 2.222622E+02	0E+00
1.12576e+00	1.00015e-03 	 0 	 0E+00 	 2.222556E+02	0E+00
1.19611e+00	1.00012e-03 	 0 	 0E+00 	 2.222489E+02	0E+00
1.26644e+00	1.00016e-03 	 0 	 0E+00 	 2.222578E+02	0E+00
1.33678e+00	1.00014e-03 	 0 	 0E+00 	 2.222533E+02	0E+00
1.40713e+00	1.00017e-03 	 0 	 0E+00 	 2.2226E+02	0E+00
1.47746e+00	1.00017e-03 	 0 	 0E+00 	 2.2226E+02	0E+00
1.54781e+00	1.00016e-03 	 0 	 0E+00 	 2.222578E+02	0E+00
1.61817e+00	1.00019e-03 	 0 	 0E+00 	 2.222644E+02	0E+00
1.68852e+00	1.00017e-03 	 0 	 0E+00 	 2.2226E+02	0E+00
1.75888e+00	1.00015e-03 	 0 	 0E+00 	 2.222556E+02	0E+00
1.82923e+00	1.00016e-03 	 0 	 0E+00 	 2.222578E+02	0E+00
1.89958e+00	1.00013e-03 	 0 	 0E+00 	 2.222511E+02	0E+00
1.96993e+00	1.00014e-03 	 0 	 0E+00 	 2.222533E+02	0E+00
2.04028e+00	1.00013e-03 	 0 	 0E+00 	 2.222511E+02	0E+00
2.11073e+00	1.00012e-03 	 0 	 0E+00 	 2.222489E+02	0E+00
2.18119e+00	1.00013e-03 	 0 	 0E+00 	 2.222511E+02	0E+00
2.25165e+00	1.00011e-03 	 0 	 0E+00 	 2.222467E+02	0E+00
2.32210e+00	1.00014e-03 	 0 	 0E+00 	 2.222533E+02	0E+00
2.39255e+00	1.00014e-03 	 0 	 0E+00 	 2.222533E+02	0E+00
2.46301e+00	1.00013e-03 	 0 	 0E+00 	 2.222511E+02	0E+00
2.53347e+00	1.00014e-03 	 0 	 0E+00 	 2.222533E+02	0E+00
2.60393e+00	1.00014e-03 	 0 	 0E+00 	 2.222533E+02	0E+00
2.67438e+00	1.00011e-03 	 0 	 0E+00 	 2.222467E+02	0E+00
2.74484e+00	1.00011e-03 	 0 	 0E+00 	 2.222467E+02	0E+00
2.81529e+00	1.00016e-03 	 0 	 0E+00 	 2.222578E+02	0E+00
2.88574e+00	1.00015e-03 	 0 	 0E+00 	 2.222556E+02	0E+00
2.95618e+00	1.00013e-03 	 0 	 0E+00 	 2.222511E+02	0E+00
3.02663e+00	1.00013e-03 	 0 	 0E+00 	 2.222511E+02	0E+00
3.09709e+00	1.00014e-03 	 0 	 0E+00 	 2.222533E+02	0E+00
3.16751e+00	1.00013e-03 	 0 	 0E+00 	 2.222511E+02	0E+00
3.23797e+00	1.00013e-03 	 0 	 0E+00 	 2.222511E+02	0E+00
3.30842e+00	1.00011e-03 	 0 	 0E+00 	 2.222467E+02	0E+00
3.37888e+00	1.00014e-03 	 0 	 0E+00 	 2.222533E+02	0E+00
3.44934e+00	1.00012e-03 	 0 	 0E+00 	 2.222489E+02	0E+00
3.51979e+00	1.00013e-03 	 0 	 0E+00 	 2.222511E+02	0E+00
3.59023e+00	1.00013e-03 	 0 	 0E+00 	 2.222511E+02	0E+00
3.66068e+00	1.00013e-03 	 0 	 0E+00 	 2.222511E+02	0E+00
3.73113e+00	1.00014e-03 	 0 	 0E+00 	 2.222533E+02	0E+00
3.80159e+00	1.00017e-03 	 0 	 0E+00 	 2.2226E+02	0E+00
3.87205e+00	1.00010e-03 	 0 	 0E+00 	 2.222444E+02	0E+00
3.94249e+00	1.00010e-03 	 0 	 0E+00 	 2.222444E+02	0E+00
4.01295e+00	1.00011e-03 	 0 	 0E+00 	 2.222467E+02	0E+00
4.08340e+00	1.00011e-03 	 0 	 0E+00 	 2.222467E+02	0E+00
4.15386e+00	1.00013e-03 	 0 	 0E+00 	 2.222511E+02	0E+00
4.22430e+00	1.00012e-03 	 0 	 0E+00 	 2.222489E+02	0E+00
4.29473e+00	1.00012e-03 	 0 	 0E+00 	 2.222489E+02	0E+00
4.36518e+00	1.00012e-03 	 0 	 0E+00 	 2.222489E+02	0E+00
4.43564e+00	1.00015e-03 	 0 	 0E+00 	 2.222556E+02	0E+00
4.50610e+00	1.00016e-03 	 0 	 0E+00 	 2.222578E+02	0E+00
4.57653e+00	1.00013e-03 	 0 	 0E+00 	 2.222511E+02	0E+00
4.64698e+00	1.00011e-03 	 0 	 0E+00 	 2.222467E+02	0E+00
4.71743e+00	1.00011e-03 	 0 	 0E+00 	 2.222467E+02	0E+00
4.78789e+00	1.00009e-03 	 0 	 0E+00 	 2.222422E+02	0E+00
4.85836e+00	1.00015e-03 	 0 	 0E+00 	 2.222556E+02	0E+00
4.92882e+00	1.00015e-03 	 0 	 0E+00 	 2.222556E+02	0E+00
4.99927e+00	1.00011e-03 	 0 	 0E+00 	 2.222467E+02	0E+00
5.06972e+00	1.00012e-03 	 0 	 0E+00 	 2.222489E+02	0E+00
5.14017e+00	1.00009e-03 	 0 	 0E+00 	 2.222422E+02	0E+00
5.21062e+00	1.00012e-03 	 0 	 0E+00 	 2.222489E+02	0E+00
5.28107e+00	1.00011e-03 	 0 	 0E+00 	 2.222467E+02	0E+00
5.35152e+00	1.00012e-03 	 0 	 0E+00 	 2.222489E+02	0E+00
5.42198e+00	1.00012e-03 	 0 	 0E+00 	 2.222489E+02	0E+00
5.49244e+00	1.00010e-03 	 0 	 0E+00 	 2.222444E+02	0E+00
5.56289e+00	1.00012e-03 	 0 	 0E+00 	 2.222489E+02	0E+00
5.63335e+00	1.00010e-03 	 0 	 0E+00 	 2.222444E+02	0E+00
5.70381e+00	1.00010e-03 	 0 	 0E+00 	 2.222444E+02	0E+00
5.77424e+00	1.00008e-03 	 0 	 0E+00 	 2.2224E+02	0E+00
5.84468e+00	1.00012e-03 	 0 	 0E+00 	 2.222489E+02	0E+00
5.91515e+00	1.00011e-03 	 0 	 0E+00 	 2.222467E+02	0E+00
5.98560e+00	1.00012e-03 	 0 	 0E+00 	 2.222489E+02	0E+00
6.05604e+00	1.00012e-03 	 0 	 0E+00 	 2.222489E+02	0E+00
6.12648e+00	1.00014e-03 	 0 	 0E+00 	 2.222533E+02	0E+00
6.19693e+00	1.00009e-03 	 0 	 0E+00 	 2.222422E+02	0E+00
6.26737e+00	1.00011e-03 	 0 	 0E+00 	 2.222467E+02	0E+00
6.33783e+00	1.00008e-03 	 0 	 0E+00 	 2.2224E+02	0E+00
6.40828e+00	1.00010e-03 	 0 	 0E+00 	 2.222444E+02	0E+00
6.47872e+00	1.00014e-03 	 0 	 0E+00 	 2.222533E+02	0E+00
6.58947e+00	1.00012e-03 	 0 	 0E+00 	 2.222489E+02	0E+00
6.65994e+00	1.00009e-03 	 0 	 0E+00 	 2.222422E+02	0E+00
6.73038e+00	1.00012e-03 	 0 	 0E+00 	 2.222489E+02	0E+00
6.80084e+00	1.00016e-03 	 0 	 0E+00 	 2.222578E+02	0E+00
6.87129e+00	1.00014e-03 	 0 	 0E+00 	 2.222533E+02	0E+00
6.94175e+00	1.00017e-03 	 0 	 0E+00 	 2.2226E+02	0E+00
7.01220e+00	1.00011e-03 	 0 	 0E+00 	 2.222467E+02	0E+00
7.08264e+00	1.00014e-03 	 0 	 0E+00 	 2.222533E+02	0E+00
7.15310e+00	1.00016e-03 	 0 	 0E+00 	 2.222578E+02	0E+00
7.22355e+00	1.00013e-03 	 0 	 0E+00 	 2.222511E+02	0E+00
7.29401e+00	1.00015e-03 	 0 	 0E+00 	 2.222556E+02	0E+00
7.36444e+00	1.00012e-03 	 0 	 0E+00 	 2.222489E+02	0E+00
7.43489e+00	1.00015e-03 	 0 	 0E+00 	 2.222556E+02	0E+00
7.50534e+00	1.00013e-03 	 0 	 0E+00 	 2.222511E+02	0E+00
7.57579e+00	1.00014e-03 	 0 	 0E+00 	 2.222533E+02	0E+00
7.64624e+00	1.00014e-03 	 0 	 0E+00 	 2.222533E+02	0E+00
7.71669e+00	1.00015e-03 	 0 	 0E+00 	 2.222556E+02	0E+00
7.78715e+00	1.00012e-03 	 0 	 0E+00 	 2.222489E+02	0E+00
7.85760e+00	1.00014e-03 	 0 	 0E+00 	 2.222533E+02	0E+00
7.92806e+00	1.00014e-03 	 0 	 0E+00 	 2.222533E+02	0E+00
7.99850e+00	1.00014e-03 	 0 	 0E+00 	 2.222533E+02	0E+00
8.06895e+00	1.00008e-03 	 0 	 0E+00 	 2.2224E+02	0E+00
8.13941e+00	1.00005e-03 	 0 	 0E+00 	 2.222333E+02	0E+00
8.20986e+00	1.00007e-03 	 0 	 0E+00 	 2.222378E+02	0E+00
8.28030e+00	1.00008e-03 	 0 	 0E+00 	 2.2224E+02	0E+00
8.35075e+00	1.00013e-03 	 0 	 0E+00 	 2.222511E+02	0E+00
8.42121e+00	1.00010e-03 	 0 	 0E+00 	 2.222444E+02	0E+00
8.49166e+00	1.00014e-03 	 0 	 0E+00 	 2.222533E+02	0E+00
8.56211e+00	1.00013e-03 	 0 	 0E+00 	 2.222511E+02	0E+00
8.63257e+00	1.00014e-03 	 0 	 0E+00 	 2.222533E+02	0E+00
8.70302e+00	1.00015e-03 	 0 	 0E+00 	 2.222556E+02	0E+00
8.77347e+00	1.00007e-03 	 0 	 0E+00 	 2.222378E+02	0E+00
8.84394e+00	1.00010e-03 	 0 	 0E+00 	 2.222444E+02	0E+00
8.91436e+00	1.00010e-03 	 0 	 0E+00 	 2.222444E+02	0E+00
8.98481e+00	1.00010e-03 	 0 	 0E+00 	 2.222444E+02	0E+00
9.05527e+00	1.00011e-03 	 0 	 0E+00 	 2.222467E+02	0E+00
9.12572e+00	1.00012e-03 	 0 	 0E+00 	 2.222489E+02	0E+00
9.19618e+00	1.00011e-03 	 0 	 0E+00 	 2.222467E+02	0E+00
9.26660e+00	1.00011e-03 	 0 	 0E+00 	 2.222467E+02	0E+00
9.33706e+00	1.00011e-03 	 0 	 0E+00 	 2.222467E+02	0E+00
9.40751e+00	1.00012e-03 	 0 	 0E+00 	 2.222489E+02	0E+00
9.47796e+00	1.00017e-03 	 0 	 0E+00 	 2.2226E+02	0E+00
9.54841e+00	1.00012e-03 	 0 	 0E+00 	 2.222489E+02	0E+00
9.61886e+00	1.00012e-03 	 0 	 0E+00 	 2.222489E+02	0E+00
9.68930e+00	1.00014e-03 	 0 	 0E+00 	 2.222533E+02	0E+00
9.75976e+00	1.00011e-03 	 0 	 0E+00 	 2.222467E+02	0E+00
9.83021e+00	1.00012e-03 	 0 	 0E+00 	 2.222489E+02	0E+00
9.90066e+00	1.00009e-03 	 0 	 0E+00 	 2.222422E+02	0E+00
9.97111e+00	1.00012e-03 	 0 	 0E+00 	 2.222489E+02	0E+00
1.00416e+01	1.00009e-03 	 0 	 0E+00 	 2.222422E+02	0E+00
1.01120e+01	1.00011e-03 	 0 	 0E+00 	 2.222467E+02	0E+00
1.01825e+01	1.00009e-03 	 0 	 0E+00 	 2.222422E+02	0E+00
1.02529e+01	1.00011e-03 	 0 	 0E+00 	 2.222467E+02	0E+00
1.03234e+01	1.00012e-03 	 0 	 0E+00 	 2.222489E+02	0E+00
1.03938e+01	1.00010e-03 	 0 	 0E+00 	 2.222444E+02	0E+00
1.04643e+01	1.00010e-03 	 0 	 0E+00 	 2.222444E+02	0E+00
1.05347e+01	1.00012e-03 	 0 	 0E+00 	 2.222489E+02	0E+00
1.06052e+01	1.00011e-03 	 0 	 0E+00 	 2.222467E+02	0E+00
1.06756e+01	1.00014e-03 	 0 	 0E+00 	 2.222533E+02	0E+00
1.07461e+01	1.00016e-03 	 0 	 0E+00 	 2.222578E+02	0E+00
1.08165e+01	1.00011e-03 	 0 	 0E+00 	 2.222467E+02	0E+00
1.08870e+01	1.00017e-03 	 0 	 0E+00 	 2.2226E+02	0E+00
1.09574e+01	1.00015e-03 	 0 	 0E+00 	 2.222556E+02	0E+00
1.10279e+01	1.00018e-03 	 0 	 0E+00 	 2.222622E+02	0E+00
1.10983e+01	1.00022e-03 	 0 	 0E+00 	 2.222711E+02	0E+00
1.11688e+01	1.00017e-03 	 0 	 0E+00 	 2.2226E+02	0E+00
1.12392e+01	1.00017e-03 	 0 	 0E+00 	 2.2226E+02	0E+00
1.13097e+01	1.00016e-03 	 0 	 0E+00 	 2.222578E+02	0E+00
1.13801e+01	1.00013e-03 	 0 	 0E+00 	 2.222511E+02	0E+00
1.14506e+01	1.00015e-03 	 0 	 0E+00 	 2.222556E+02	0E+00
1.15210e+01	1.00017e-03 	 0 	 0E+00 	 2.2226E+02	0E+00
1.15915e+01	1.00021e-03 	 0 	 0E+00 	 2.222689E+02	0E+00
1.16619e+01	1.00017e-03 	 0 	 0E+00 	 2.2226E+02	0E+00
1.17324e+01	1.00015e-03 	 0 	 0E+00 	 2.222556E+02	0E+00
1.18028e+01	1.00017e-03 	 0 	 0E+00 	 2.2226E+02	0E+00
1.18733e+01	1.00016e-03 	 0 	 0E+00 	 2.222578E+02	0E+00
1.19437e+01	1.00011e-03 	 0 	 0E+00 	 2.222467E+02	0E+00
1.20142e+01	1.00016e-03 	 0 	 0E+00 	 2.222578E+02	0E+00
1.20846e+01	1.00013e-03 	 0 	 0E+00 	 2.222511E+02	0E+00
1.21551e+01	1.00017e-03 	 0 	 0E+00 	 2.2226E+02	0E+00
1.22255e+01	1.00009e-03 	 0 	 0E+00 	 2.222422E+02	0E+00
1.22960e+01	1.00008e-03 	 0 	 0E+00 	 2.2224E+02	0E+00
1.23664e+01	1.00017e-03 	 0 	 0E+00 	 2.2226E+02	0E+00
1.24369e+01	1.00016e-03 	 0 	 0E+00 	 2.222578E+02	0E+00
1.25073e+01	1.00014e-03 	 0 	 0E+00 	 2.222533E+02	0E+00
1.25778e+01	1.00013e-03 	 0 	 0E+00 	 2.222511E+02	0E+00
1.26482e+01	1.00015e-03 	 0 	 0E+00 	 2.222556E+02	0E+00
1.27186e+01	1.00011e-03 	 0 	 0E+00 	 2.222467E+02	0E+00
1.27891e+01	1.00005e-03 	 0 	 0E+00 	 2.222333E+02	0E+00
1.28595e+01	1.00011e-03 	 0 	 0E+00 	 2.222467E+02	0E+00
1.29300e+01	1.00015e-03 	 0 	 0E+00 	 2.222556E+02	0E+00
1.30004e+01	1.00017e-03 	 0 	 0E+00 	 2.2226E+02	0E+00
1.30709e+01	1.00017e-03 	 0 	 0E+00 	 2.2226E+02	0E+00
1.31413e+01	1.00020e-03 	 0 	 0E+00 	 2.222667E+02	0E+00
1.32118e+01	1.00015e-03 	 0 	 0E+00 	 2.222556E+02	0E+00
1.32822e+01	1.00014e-03 	 0 	 0E+00 	 2.222533E+02	0E+00
1.33526e+01	1.00020e-03 	 0 	 0E+00 	 2.222667E+02	0E+00
1.34231e+01	1.00014e-03 	 0 	 0E+00 	 2.222533E+02	0E+00
1.34935e+01	1.00015e-03 	 0 	 0E+00 	 2.222556E+02	0E+00
1.35640e+01	1.00015e-03 	 0 	 0E+00 	 2.222556E+02	0E+00
1.36344e+01	1.00013e-03 	 0 	 0E+00 	 2.222511E+02	0E+00
1.37048e+01	1.00014e-03 	 0 	 0E+00 	 2.222533E+02	0E+00
1.37752e+01	1.00038e-03 	 0 	 0E+00 	 2.223067E+02	0E+00
1.38457e+01	1.00017e-03 	 0 	 0E+00 	 2.2226E+02	0E+00
1.39161e+01	1.00020e-03 	 0 	 0E+00 	 2.222667E+02	0E+00
1.39866e+01	1.00020e-03 	 0 	 0E+00 	 2.222667E+02	0E+00
1.40570e+01	1.00015e-03 	 0 	 0E+00 	 2.222556E+02	0E+00
1.41275e+01	1.00023e-03 	 0 	 0E+00 	 2.222733E+02	0E+00
1.41979e+01	1.00023e-03 	 0 	 0E+00 	 2.222733E+02	0E+00
1.42684e+01	1.00019e-03 	 0 	 0E+00 	 2.222644E+02	0E+00
1.43388e+01	1.00022e-03 	 0 	 0E+00 	 2.222711E+02	0E+00
1.44093e+01	1.00018e-03 	 0 	 0E+00 	 2.222622E+02	0E+00
1.44798e+01	1.00015e-03 	 0 	 0E+00 	 2.222556E+02	0E+00
1.45502e+01	1.00015e-03 	 0 	 0E+00 	 2.222556E+02	0E+00
1.46206e+01	1.00021e-03 	 0 	 0E+00 	 2.222689E+02	0E+00
1.46911e+01	1.00019e-03 	 0 	 0E+00 	 2.222644E+02	0E+00
1.47615e+01	1.00019e-03 	 0 	 0E+00 	 2.222644E+02	0E+00
1.48320e+01	1.00020e-03 	 0 	 0E+00 	 2.222667E+02	0E+00
1.49024e+01	1.00017e-03 	 0 	 0E+00 	 2.2226E+02	0E+00
1.49729e+01	1.00016e-03 	 0 	 0E+00 	 2.222578E+02	0E+00
1.50433e+01	1.00018e-03 	 0 	 0E+00 	 2.222622E+02	0E+00
1.51138e+01	1.00016e-03 	 0 	 0E+00 	 2.222578E+02	0E+00
1.51843e+01	1.00016e-03 	 0 	 0E+00 	 2.222578E+02	0E+00
1.52548e+01	1.00015e-03 	 0 	 0E+00 	 2.222556E+02	0E+00
1.53252e+01	1.00050e-03 	 0 	 0E+00 	 2.223333E+02	0E+00
1.53957e+01	1.00020e-03 	 0 	 0E+00 	 2.222667E+02	0E+00
1.54661e+01	1.00021e-03 	 0 	 0E+00 	 2.222689E+02	0E+00
1.55366e+01	1.00021e-03 	 0 	 0E+00 	 2.222689E+02	0E+00
1.56071e+01	1.00020e-03 	 0 	 0E+00 	 2.222667E+02	0E+00
1.56775e+01	1.00018e-03 	 0 	 0E+00 	 2.222622E+02	0E+00
1.57479e+01	1.00018e-03 	 0 	 0E+00 	 2.222622E+02	0E+00
1.58184e+01	1.00015e-03 	 0 	 0E+00 	 2.222556E+02	0E+00
1.58889e+01	1.00017e-03 	 0 	 0E+00 	 2.2226E+02	0E+00
1.59593e+01	1.00016e-03 	 0 	 0E+00 	 2.222578E+02	0E+00
1.60297e+01	1.00014e-03 	 0 	 0E+00 	 2.222533E+02	0E+00
1.61002e+01	1.00013e-03 	 0 	 0E+00 	 2.222511E+02	0E+00
1.61707e+01	1.00013e-03 	 0 	 0E+00 	 2.222511E+02	0E+00
1.62411e+01	1.00018e-03 	 0 	 0E+00 	 2.222622E+02	0E+00
1.63115e+01	1.00016e-03 	 0 	 0E+00 	 2.222578E+02	0E+00
1.63820e+01	1.00015e-03 	 0 	 0E+00 	 2.222556E+02	0E+00
1.64525e+01	1.00011e-03 	 0 	 0E+00 	 2.222467E+02	0E+00
1.65229e+01	1.00014e-03 	 0 	 0E+00 	 2.222533E+02	0E+00
1.65934e+01	1.00017e-03 	 0 	 0E+00 	 2.2226E+02	0E+00
1.66638e+01	1.00019e-03 	 0 	 0E+00 	 2.222644E+02	0E+00
1.67342e+01	1.00016e-03 	 0 	 0E+00 	 2.222578E+02	0E+00
1.68047e+01	1.00020e-03 	 0 	 0E+00 	 2.222667E+02	0E+00
1.68751e+01	1.00019e-03 	 0 	 0E+00 	 2.222644E+02	0E+00
1.69456e+01	1.00015e-03 	 0 	 0E+00 	 2.222556E+02	0E+00
1.70160e+01	1.00018e-03 	 0 	 0E+00 	 2.222622E+02	0E+00
1.70865e+01	1.00017e-03 	 0 	 0E+00 	 2.2226E+02	0E+00
1.71569e+01	1.00018e-03 	 0 	 0E+00 	 2.222622E+02	0E+00
1.72274e+01	1.00013e-03 	 0 	 0E+00 	 2.222511E+02	0E+00
1.72978e+01	1.00017e-03 	 0 	 0E+00 	 2.2226E+02	0E+00
1.73683e+01	1.00010e-03 	 0 	 0E+00 	 2.222444E+02	0E+00
1.74387e+01	1.00016e-03 	 0 	 0E+00 	 2.222578E+02	0E+00
1.75092e+01	1.00022e-03 	 0 	 0E+00 	 2.222711E+02	0E+00
1.75796e+01	1.00019e-03 	 0 	 0E+00 	 2.222644E+02	0E+00
1.76501e+01	1.00018e-03 	 0 	 0E+00 	 2.222622E+02	0E+00
1.77205e+01	1.00015e-03 	 0 	 0E+00 	 2.222556E+02	0E+00
1.77909e+01	1.00015e-03 	 0 	 0E+00 	 2.222556E+02	0E+00
1.78614e+01	1.00017e-03 	 0 	 0E+00 	 2.2226E+02	0E+00
1.79318e+01	1.00015e-03 	 0 	 0E+00 	 2.222556E+02	0E+00
1.80023e+01	1.00016e-03 	 0 	 0E+00 	 2.222578E+02	0E+00
1.80727e+01	1.00017e-03 	 0 	 0E+00 	 2.2226E+02	0E+00
1.81432e+01	1.00015e-03 	 0 	 0E+00 	 2.222556E+02	0E+00
1.82136e+01	1.00016e-03 	 0 	 0E+00 	 2.222578E+02	0E+00
1.82842e+01	1.00017e-03 	 0 	 0E+00 	 2.2226E+02	0E+00
1.83546e+01	1.00015e-03 	 0 	 0E+00 	 2.222556E+02	0E+00
1.84251e+01	1.00018e-03 	 0 	 0E+00 	 2.222622E+02	0E+00
1.84956e+01	1.00016e-03 	 0 	 0E+00 	 2.222578E+02	0E+00
1.85660e+01	1.00018e-03 	 0 	 0E+00 	 2.222622E+02	0E+00
1.86364e+01	1.00022e-03 	 0 	 0E+00 	 2.222711E+02	0E+00
1.87069e+01	1.00018e-03 	 0 	 0E+00 	 2.222622E+02	0E+00
1.87773e+01	1.00016e-03 	 0 	 0E+00 	 2.222578E+02	0E+00
1.88478e+01	1.00020e-03 	 0 	 0E+00 	 2.222667E+02	0E+00
1.89183e+01	1.00016e-03 	 0 	 0E+00 	 2.222578E+02	0E+00
1.89887e+01	1.00016e-03 	 0 	 0E+00 	 2.222578E+02	0E+00
1.90592e+01	1.00018e-03 	 0 	 0E+00 	 2.222622E+02	0E+00
1.91296e+01	1.00013e-03 	 0 	 0E+00 	 2.222511E+02	0E+00
1.92001e+01	1.00012e-03 	 0 	 0E+00 	 2.222489E+02	0E+00
1.92705e+01	1.00014e-03 	 0 	 0E+00 	 2.222533E+02	0E+00
1.93410e+01	1.00014e-03 	 0 	 0E+00 	 2.222533E+02	0E+00
1.94115e+01	1.00017e-03 	 0 	 0E+00 	 2.2226E+02	0E+00
1.94820e+01	1.00014e-03 	 0 	 0E+00 	 2.222533E+02	0E+00
1.95524e+01	1.00013e-03 	 0 	 0E+00 	 2.222511E+02	0E+00
1.96228e+01	1.00014e-03 	 0 	 0E+00 	 2.222533E+02	0E+00
1.96933e+01	1.00011e-03 	 0 	 0E+00 	 2.222467E+02	0E+00
1.97638e+01	1.00013e-03 	 0 	 0E+00 	 2.222511E+02	0E+00
1.98342e+01	1.00015e-03 	 0 	 0E+00 	 2.222556E+02	0E+00
1.99046e+01	1.00014e-03 	 0 	 0E+00 	 2.222533E+02	0E+00
1.99751e+01	1.00017e-03 	 0 	 0E+00 	 2.2226E+02	0E+00
2.00456e+01	1.00014e-03 	 0 	 0E+00 	 2.222533E+02	0E+00
2.01160e+01	1.00013e-03 	 0 	 0E+00 	 2.222511E+02	0E+00
2.01865e+01	1.00017e-03 	 0 	 0E+00 	 2.2226E+02	0E+00
2.02569e+01	1.00014e-03 	 0 	 0E+00 	 2.222533E+02	0E+00
2.03274e+01	1.00018e-03 	 0 	 0E+00 	 2.222622E+02	0E+00
2.03978e+01	1.00019e-03 	 0 	 0E+00 	 2.222644E+02	0E+00
2.04682e+01	1.00017e-03 	 0 	 0E+00 	 2.2226E+02	0E+00
2.05387e+01	1.00013e-03 	 0 	 0E+00 	 2.222511E+02	0E+00
2.06091e+01	1.00007e-03 	 0 	 0E+00 	 2.222378E+02	0E+00
2.06796e+01	1.00015e-03 	 0 	 0E+00 	 2.222556E+02	0E+00
2.07500e+01	1.00016e-03 	 0 	 0E+00 	 2.222578E+02	0E+00
2.08205e+01	1.00015e-03 	 0 	 0E+00 	 2.222556E+02	0E+00
2.08909e+01	1.00009e-03 	 0 	 0E+00 	 2.222422E+02	0E+00
2.09614e+01	1.00012e-03 	 0 	 0E+00 	 2.222489E+02	0E+00
2.10318e+01	1.00018e-03 	 0 	 0E+00 	 2.222622E+02	0E+00
2.11023e+01	1.00017e-03 	 0 	 0E+00 	 2.2226E+02	0E+00
2.11727e+01	1.00017e-03 	 0 	 0E+00 	 2.2226E+02	0E+00
2.12432e+01	1.00010e-03 	 0 	 0E+00 	 2.222444E+02	0E+00
2.13136e+01	1.00014e-03 	 0 	 0E+00 	 2.222533E+02	0E+00
2.13842e+01	1.00012e-03 	 0 	 0E+00 	 2.222489E+02	0E+00
2.14547e+01	1.00015e-03 	 0 	 0E+00 	 2.222556E+02	0E+00
2.15251e+01	1.00016e-03 	 0 	 0E+00 	 2.222578E+02	0E+00
2.15956e+01	1.00015e-03 	 0 	 0E+00 	 2.222556E+02	0E+00
2.17063e+01	1.00017e-03 	 0 	 0E+00 	 2.2226E+02	0E+00
2.17768e+01	1.00012e-03 	 0 	 0E+00 	 2.222489E+02	0E+00
2.18472e+01	1.00012e-03 	 0 	 0E+00 	 2.222489E+02	0E+00
2.19177e+01	1.00014e-03 	 0 	 0E+00 	 2.222533E+02	0E+00
2.19881e+01	1.00173e-03 	 0 	 0E+00 	 2.226067E+02	0E+00
2.20585e+01	3.27441e-08 	 0 	 0E+00 	 7.276467E-03	0E+00
2.38848e+01	3.27818e-08 	 0 	 0E+00 	 7.284844E-03	0E+00
2.39703e+01	2.79425e-08 	 0 	 0E+00 	 6.209444E-03	0E+00
2.40558e+01	4.10030e-08 	 0 	 0E+00 	 9.111778E-03	0E+00
2.41412e+01	3.85447e-08 	 0 	 0E+00 	 8.565489E-03	0E+00
2.42267e+01	2.96787e-08 	 0 	 0E+00 	 6.595267E-03	0E+00
2.43121e+01	1.51741e-08 	 0 	 0E+00 	 3.372022E-03	0E+00
2.43976e+01	7.40375e-08 	 0 	 0E+00 	 1.645278E-02	0E+00
2.44831e+01	2.52133e-08 	 0 	 0E+00 	 5.602956E-03	0E+00
2.45686e+01	3.64758e-10 	 0 	 0E+00 	 8.105733E-05	0E+00
2.62293e+01	4.45586e-10 	 0 	 0E+00 	 9.901911E-05	0E+00
2.71998e+01	5.89238e-10 	 0 	 0E+00 	 1.309418E-04	0E+00
2.81703e+01	3.88094e-10 	 0 	 0E+00 	 8.624311E-05	0E+00
2.91407e+01	4.72074e-10 	 0 	 0E+00 	 1.049053E-04	0E+00
3.01112e+01	2.88791e-10 	 0 	 0E+00 	 6.417578E-05	0E+00
3.10817e+01	2.97683e-10 	 0 	 0E+00 	 6.615178E-05	0E+00
3.20522e+01	3.98180e-10 	 0 	 0E+00 	 8.848444E-05	0E+00
3.30227e+01	8.03374e-09 	 0 	 0E+00 	 1.785276E-03	0E+00
3.41483e+01	9.99942e-04 	 0 	 0E+00 	 2.222093E+02	0E+00
3.44737e+01	9.99937e-04 	 0 	 0E+00 	 2.222082E+02	0E+00
3.45442e+01	9.99986e-04 	 0 	 0E+00 	 2.222191E+02	0E+00
3.46148e+01	9.99939e-04 	 0 	 0E+00 	 2.222087E+02	0E+00
3.46853e+01	9.99909e-04 	 0 	 0E+00 	 2.22202E+02	0E+00
3.47559e+01	9.99947e-04 	 0 	 0E+00 	 2.222104E+02	0E+00
3.52265e+01	9.99935e-04 	 0 	 0E+00 	 2.222078E+02	0E+00
3.52971e+01	9.99943e-04 	 0 	 0E+00 	 2.222096E+02	0E+00
3.53676e+01	9.99936e-04 	 0 	 0E+00 	 2.22208E+02	0E+00
3.54382e+01	9.99926e-04 	 0 	 0E+00 	 2.222058E+02	0E+00
3.55088e+01	9.99940e-04 	 0 	 0E+00 	 2.222089E+02	0E+00
3.55794e+01	9.99931e-04 	 0 	 0E+00 	 2.222069E+02	0E+00
3.56499e+01	9.99931e-04 	 0 	 0E+00 	 2.222069E+02	0E+00
3.57205e+01	9.99939e-04 	 0 	 0E+00 	 2.222087E+02	0E+00
3.57911e+01	9.99790e-04 	 0 	 0E+00 	 2.221756E+02	0E+00
3.58616e+01	9.99938e-04 	 0 	 0E+00 	 2.222084E+02	0E+00
3.59322e+01	9.99937e-04 	 0 	 0E+00 	 2.222082E+02	0E+00
3.60027e+01	9.99935e-04 	 0 	 0E+00 	 2.222078E+02	0E+00
3.60733e+01	9.99931e-04 	 0 	 0E+00 	 2.222069E+02	0E+00
3.61439e+01	9.99942e-04 	 0 	 0E+00 	 2.222093E+02	0E+00
3.62144e+01	9.99926e-04 	 0 	 0E+00 	 2.222058E+02	0E+00
3.62850e+01	9.99939e-04 	 0 	 0E+00 	 2.222087E+02	0E+00
3.63556e+01	9.99941e-04 	 0 	 0E+00 	 2.222091E+02	0E+00
3.64261e+01	9.99940e-04 	 0 	 0E+00 	 2.222089E+02	0E+00
3.64967e+01	9.99936e-04 	 0 	 0E+00 	 2.22208E+02	0E+00
3.65672e+01	9.99925e-04 	 0 	 0E+00 	 2.222056E+02	0E+00
3.66378e+01	9.99939e-04 	 0 	 0E+00 	 2.222087E+02	0E+00
3.67084e+01	9.99942e-04 	 0 	 0E+00 	 2.222093E+02	0E+00
3.68192e+01	9.99937e-04 	 0 	 0E+00 	 2.222082E+02	0E+00
3.68898e+01	9.99936e-04 	 0 	 0E+00 	 2.22208E+02	0E+00
3.69603e+01	9.99937e-04 	 0 	 0E+00 	 2.222082E+02	0E+00
3.70309e+01	9.99921e-04 	 0 	 0E+00 	 2.222047E+02	0E+00
3.71014e+01	9.99938e-04 	 0 	 0E+00 	 2.222084E+02	0E+00
3.71720e+01	9.99943e-04 	 0 	 0E+00 	 2.222096E+02	0E+00
3.72426e+01	9.99938e-04 	 0 	 0E+00 	 2.222084E+02	0E+00
3.73131e+01	9.99936e-04 	 0 	 0E+00 	 2.22208E+02	0E+00
3.73837e+01	9.99938e-04 	 0 	 0E+00 	 2.222084E+02	0E+00
3.74542e+01	9.99938e-04 	 0 	 0E+00 	 2.222084E+02	0E+00
3.75248e+01	9.99938e-04 	 0 	 0E+00 	 2.222084E+02	0E+00
3.75953e+01	9.99938e-04 	 0 	 0E+00 	 2.222084E+02	0E+00
3.76659e+01	9.99946e-04 	 0 	 0E+00 	 2.222102E+02	0E+00
3.77365e+01	9.99937e-04 	 0 	 0E+00 	 2.222082E+02	0E+00
3.78070e+01	9.99938e-04 	 0 	 0E+00 	 2.222084E+02	0E+00
3.78776e+01	9.99831e-04 	 0 	 0E+00 	 2.221847E+02	0E+00
3.79482e+01	1.22190e-07 	 0 	 0E+00 	 2.715333E-02	0E+00
3.80416e+01	2.60709e-09 	 0 	 0E+00 	 5.793533E-04	0E+00
3.82697e+01	5.95571e-09 	 0 	 0E+00 	 1.323491E-03	0E+00
3.84302e+01	4.47066e-09 	 0 	 0E+00 	 9.9348E-04	0E+00
3.85907e+01	4.14345e-09 	 0 	 0E+00 	 9.207667E-04	0E+00
3.87512e+01	5.39995e-09 	 0 	 0E+00 	 1.199989E-03	0E+00
3.89117e+01	4.84597e-09 	 0 	 0E+00 	 1.076882E-03	0E+00
3.90722e+01	5.29196e-09 	 0 	 0E+00 	 1.175991E-03	0E+00
3.92327e+01	5.00959e-09 	 0 	 0E+00 	 1.113242E-03	0E+00
3.93932e+01	4.68142e-09 	 0 	 0E+00 	 1.040316E-03	0E+00
3.95537e+01	9.99930e-04 	 0 	 0E+00 	 2.222067E+02	0E+00
3.98790e+01	9.99935e-04 	 0 	 0E+00 	 2.222078E+02	0E+00
3.99495e+01	9.99940e-04 	 0 	 0E+00 	 2.222089E+02	0E+00
4.00201e+01	9.99941e-04 	 0 	 0E+00 	 2.222091E+02	0E+00
4.00907e+01	9.99957e-04 	 0 	 0E+00 	 2.222127E+02	0E+00
4.01612e+01	9.99924e-04 	 0 	 0E+00 	 2.222053E+02	0E+00
4.02318e+01	9.99161e-04 	 0 	 0E+00 	 2.220358E+02	0E+00
4.03024e+01	6.80604e-07 	 0 	 0E+00 	 1.512453E-01	0E+00
4.07112e+01	5.86539e-07 	 0 	 0E+00 	 1.30342E-01	0E+00
4.07843e+01	3.76316e-07 	 0 	 0E+00 	 8.362578E-02	0E+00
4.08573e+01	2.55574e-07 	 0 	 0E+00 	 5.679422E-02	0E+00
4.10333e+01	-2.83221e-09 	 0 	 -0E+00 	 -6.2938E-04	0E+00
4.13415e+01	2.62190e-10 	 0 	 0E+00 	 5.826444E-05	0E+00
4.29221e+01	7.91878e-10 	 0 	 0E+00 	 1.759729E-04	0E+00
4.38926e+01	2.64884e-10 	 0 	 0E+00 	 5.886311E-05	0E+00
4.48631e+01	8.36126e-10 	 0 	 0E+00 	 1.858058E-04	0E+00
4.58336e+01	4.70483e-10 	 0 	 0E+00 	 1.045518E-04	0E+00
4.68041e+01	6.77421e-10 	 0 	 0E+00 	 1.50538E-04	0E+00
4.77746e+01	2.52565e-10 	 0 	 0E+00 	 5.612556E-05	0E+00
4.87451e+01	5.84633e-10 	 0 	 0E+00 	 1.299184E-04	0E+00
4.97156e+01	6.43679e-10 	 0 	 0E+00 	 1.430398E-04	0E+00
5.06860e+01	6.18930e-10 	 0 	 0E+00 	 1.3754E-04	0E+00
5.16565e+01	9.72491e-10 	 0 	 0E+00 	 2.161091E-04	0E+00
5.26270e+01	3.93684e-10 	 0 	 0E+00 	 8.748533E-05	0E+00
5.36378e+01	2.83032e-10 	 0 	 0E+00 	 6.2896E-05	0E+00
5.46083e+01	3.33097e-10 	 0 	 0E+00 	 7.402156E-05	0E+00
5.55787e+01	9.99939e-04 	 0 	 0E+00 	 2.222087E+02	0E+00
5.68691e+01	9.99936e-04 	 0 	 0E+00 	 2.22208E+02	0E+00
5.69397e+01	9.99937e-04 	 0 	 0E+00 	 2.222082E+02	0E+00
5.70103e+01	9.99936e-04 	 0 	 0E+00 	 2.22208E+02	0E+00
5.70808e+01	9.99937e-04 	 0 	 0E+00 	 2.222082E+02	0E+00
5.71514e+01	9.99937e-04 	 0 	 0E+00 	 2.222082E+02	0E+00
5.72220e+01	9.99936e-04 	 0 	 0E+00 	 2.22208E+02	0E+00
5.72925e+01	9.99936e-04 	 0 	 0E+00 	 2.22208E+02	0E+00
5.73631e+01	9.99936e-04 	 0 	 0E+00 	 2.22208E+02	0E+00
5.74337e+01	9.99937e-04 	 0 	 0E+00 	 2.222082E+02	0E+00
5.75042e+01	9.99937e-04 	 0 	 0E+00 	 2.222082E+02	0E+00
5.75748e+01	9.99937e-04 	 0 	 0E+00 	 2.222082E+02	0E+00
5.76453e+01	9.99936e-04 	 0 	 0E+00 	 2.22208E+02	0E+00
5.77159e+01	9.99935e-04 	 0 	 0E+00 	 2.222078E+02	0E+00
5.77865e+01	9.99936e-04 	 0 	 0E+00 	 2.22208E+02	0E+00
5.78571e+01	9.99936e-04 	 0 	 0E+00 	 2.22208E+02	0E+00
5.79276e+01	9.99936e-04 	 0 	 0E+00 	 2.22208E+02	0E+00
5.79982e+01	9.99936e-04 	 0 	 0E+00 	 2.22208E+02	0E+00
5.80688e+01	9.99937e-04 	 0 	 0E+00 	 2.222082E+02	0E+00
5.81393e+01	9.99938e-04 	 0 	 0E+00 	 2.222084E+02	0E+00
5.82099e+01	9.99938e-04 	 0 	 0E+00 	 2.222084E+02	0E+00
5.82805e+01	9.99937e-04 	 0 	 0E+00 	 2.222082E+02	0E+00
5.83510e+01	9.99937e-04 	 0 	 0E+00 	 2.222082E+02	0E+00
5.84216e+01	9.99937e-04 	 0 	 0E+00 	 2.222082E+02	0E+00
5.84922e+01	9.99937e-04 	 0 	 0E+00 	 2.222082E+02	0E+00
5.85627e+01	9.99937e-04 	 0 	 0E+00 	 2.222082E+02	0E+00
5.86333e+01	9.99938e-04 	 0 	 0E+00 	 2.222084E+02	0E+00
5.87039e+01	9.99937e-04 	 0 	 0E+00 	 2.222082E+02	0E+00
5.87744e+01	9.99938e-04 	 0 	 0E+00 	 2.222084E+02	0E+00
5.88450e+01	9.99938e-04 	 0 	 0E+00 	 2.222084E+02	0E+00
5.89155e+01	9.99936e-04 	 0 	 0E+00 	 2.22208E+02	0E+00
5.89861e+01	9.99936e-04 	 0 	 0E+00 	 2.22208E+02	0E+00
5.90567e+01	9.99936e-04 	 0 	 0E+00 	 2.22208E+02	0E+00
5.91272e+01	9.99935e-04 	 0 	 0E+00 	 2.222078E+02	0E+00
5.91978e+01	9.99935e-04 	 0 	 0E+00 	 2.222078E+02	0E+00
5.92683e+01	9.99934e-04 	 0 	 0E+00 	 2.222076E+02	0E+00
5.93389e+01	9.99934e-04 	 0 	 0E+00 	 2.222076E+02	0E+00
5.94095e+01	9.99935e-04 	 0 	 0E+00 	 2.222078E+02	0E+00
5.94800e+01	9.99935e-04 	 0 	 0E+00 	 2.222078E+02	0E+00
5.95506e+01	9.99935e-04 	 0 	 0E+00 	 2.222078E+02	0E+00
5.96211e+01	9.99934e-04 	 0 	 0E+00 	 2.222076E+02	0E+00
5.96917e+01	9.99934e-04 	 0 	 0E+00 	 2.222076E+02	0E+00
5.97623e+01	9.99934e-04 	 0 	 0E+00 	 2.222076E+02	0E+00
5.98329e+01	9.99935e-04 	 0 	 0E+00 	 2.222078E+02	0E+00
5.99034e+01	9.99934e-04 	 0 	 0E+00 	 2.222076E+02	0E+00
5.99740e+01	9.99934e-04 	 0 	 0E+00 	 2.222076E+02	0E+00
6.00446e+01	9.99934e-04 	 0 	 0E+00 	 2.222076E+02	0E+00
6.01151e+01	9.99934e-04 	 0 	 0E+00 	 2.222076E+02	0E+00
6.01857e+01	9.99933e-04 	 0 	 0E+00 	 2.222073E+02	0E+00
6.02563e+01	9.99933e-04 	 0 	 0E+00 	 2.222073E+02	0E+00
6.03268e+01	9.99933e-04 	 0 	 0E+00 	 2.222073E+02	0E+00
6.03974e+01	9.99934e-04 	 0 	 0E+00 	 2.222076E+02	0E+00
6.04679e+01	9.99934e-04 	 0 	 0E+00 	 2.222076E+02	0E+00
6.05385e+01	9.99933e-04 	 0 	 0E+00 	 2.222073E+02	0E+00
6.06090e+01	9.99933e-04 	 0 	 0E+00 	 2.222073E+02	0E+00
6.06796e+01	9.99933e-04 	 0 	 0E+00 	 2.222073E+02	0E+00
6.07502e+01	9.99933e-04 	 0 	 0E+00 	 2.222073E+02	0E+00
6.08207e+01	9.99934e-04 	 0 	 0E+00 	 2.222076E+02	0E+00
6.08913e+01	9.99933e-04 	 0 	 0E+00 	 2.222073E+02	0E+00
6.09619e+01	9.99934e-04 	 0 	 0E+00 	 2.222076E+02	0E+00
6.10324e+01	9.99935e-04 	 0 	 0E+00 	 2.222078E+02	0E+00
6.11030e+01	9.99933e-04 	 0 	 0E+00 	 2.222073E+02	0E+00
6.11736e+01	9.99933e-04 	 0 	 0E+00 	 2.222073E+02	0E+00
6.12441e+01	9.99934e-04 	 0 	 0E+00 	 2.222076E+02	0E+00
6.13147e+01	9.99935e-04 	 0 	 0E+00 	 2.222078E+02	0E+00
6.13852e+01	9.99935e-04 	 0 	 0E+00 	 2.222078E+02	0E+00
6.14558e+01	9.99934e-04 	 0 	 0E+00 	 2.222076E+02	0E+00
6.15264e+01	9.99935e-04 	 0 	 0E+00 	 2.222078E+02	0E+00
6.15969e+01	9.99934e-04 	 0 	 0E+00 	 2.222076E+02	0E+00
6.16675e+01	9.99934e-04 	 0 	 0E+00 	 2.222076E+02	0E+00
6.17380e+01	9.99935e-04 	 0 	 0E+00 	 2.222078E+02	0E+00
DATA: /home/user/PycharmProjects/OFET_K2636B_2019.10.15/data/OLED_00_oled_ltp_012.txt
