V(__) I(__) lux CurrC oeff. CurrA/m^-2. lux/m^-1
1.00000e+01 1.68027e-04 30.6 1.821136E+05 3.733933E+01 6.8E+06 
1.00000e+01 1.76082e-04 30.6 1.737827E+05 3.912933E+01 6.8E+06 
1.00000e+01 1.87006e-04 29.6 1.582837E+05 4.155689E+01 6.577778E+06 
1.00000e+01 1.88996e-04 29.6 1.566171E+05 4.199911E+01 6.577778E+06 
1.00000e+01 1.58710e-04 29.6 1.865037E+05 3.526889E+01 6.577778E+06 
1.00000e+01 1.70731e-04 29.6 1.733721E+05 3.794022E+01 6.577778E+06 
1.00000e+01 1.67932e-04 29.6 1.762618E+05 3.731822E+01 6.577778E+06 
1.00000e+01 1.71717e-04 29.6 1.723766E+05 3.815933E+01 6.577778E+06 
1.00000e+01 1.59601e-04 29.6 1.854625E+05 3.546689E+01 6.577778E+06 
1.00000e+01 1.74828e-04 29.6 1.693093E+05 3.885067E+01 6.577778E+06 
1.00000e+01 1.64722e-04 29.6 1.796967E+05 3.660489E+01 6.577778E+06 
1.00000e+01 1.52390e-04 29.6 1.942385E+05 3.386444E+01 6.577778E+06 
1.00000e+01 1.60399e-04 29.6 1.845398E+05 3.564422E+01 6.577778E+06 
1.00000e+01 1.54105e-04 29.6 1.920768E+05 3.424556E+01 6.577778E+06 
1.00000e+01 1.55884e-04 29.6 1.898848E+05 3.464089E+01 6.577778E+06 
1.00000e+01 1.54662e-04 29.6 1.913851E+05 3.436933E+01 6.577778E+06 
1.00000e+01 1.63206e-04 29.6 1.813659E+05 3.6268E+01 6.577778E+06 
1.00000e+01 1.40644e-04 29.6 2.104605E+05 3.125422E+01 6.577778E+06 
1.00000e+01 1.36730e-04 29.6 2.16485E+05 3.038444E+01 6.577778E+06 
1.00000e+01 1.59744e-04 29.6 1.852965E+05 3.549867E+01 6.577778E+06 
      
