dt(__) I(__) lux CurrCoeff. CurrA/m^-2. lux/m^-2 %lux/m^-2
4.50000e-05 5.84744e-03 0 0E+00 1.299431E+03 0E+00 99.99999999999999
7.04760e-02 5.83633e-03 0 0E+00 1.296962E+03 0E+00 100.19035935253832
1.40875e-01 5.82460e-03 0 0E+00 1.294356E+03 0E+00 100.39212993166912
2.11256e-01 5.81606e-03 0 0E+00 1.292458E+03 0E+00 100.53954051368108
2.81608e-01 5.81166e-03 0 0E+00 1.29148E+03 0E+00 100.6156588651091
3.52007e-01 5.80735e-03 0 0E+00 1.290522E+03 0E+00 100.69033207917552
4.22341e-01 5.80354e-03 0 0E+00 1.289676E+03 0E+00 100.75643486561648
4.92698e-01 5.80139e-03 0 0E+00 1.289198E+03 0E+00 100.79377528488861
5.63046e-01 5.79879e-03 0 0E+00 1.28862E+03 0E+00 100.83896812955805
6.33406e-01 5.79659e-03 0 0E+00 1.288131E+03 0E+00 100.87723989448968
7.03747e-01 5.79481e-03 0 0E+00 1.287736E+03 0E+00 100.90822649922947
7.74105e-01 5.79256e-03 0 0E+00 1.287236E+03 0E+00 100.94742221055974
8.44447e-01 5.79155e-03 0 0E+00 1.287011E+03 0E+00 100.96502663363002
9.14798e-01 5.79019e-03 0 0E+00 1.286709E+03 0E+00 100.98874130209889
9.85144e-01 5.78896e-03 0 0E+00 1.286436E+03 0E+00 101.01019872308669
1.05549e+00 5.78713e-03 0 0E+00 1.286029E+03 0E+00 101.04214005906208
1.12584e+00 5.78710e-03 0 0E+00 1.286022E+03 0E+00 101.04266385581724
1.19619e+00 5.78539e-03 0 0E+00 1.285642E+03 0E+00 101.0725292504049
1.30679e+00 5.78341e-03 0 0E+00 1.285202E+03 0E+00 101.10713229738164
1.37715e+00 5.78241e-03 0 0E+00 1.28498E+03 0E+00 101.1246175902435
1.44750e+00 5.78250e-03 0 0E+00 1.285E+03 0E+00 101.12304366623431
1.51785e+00 5.78177e-03 0 0E+00 1.284838E+03 0E+00 101.13581135188703
1.58822e+00 5.78042e-03 0 0E+00 1.284538E+03 0E+00 101.15943132159946
1.65855e+00 5.78015e-03 0 0E+00 1.284478E+03 0E+00 101.16415663953356
1.72891e+00 5.77829e-03 0 0E+00 1.284064E+03 0E+00 101.19672082917263
1.79926e+00 5.77729e-03 0 0E+00 1.283842E+03 0E+00 101.21423712501881
1.86961e+00 5.77764e-03 0 0E+00 1.28392E+03 0E+00 101.20810573175206
1.93995e+00 5.77668e-03 0 0E+00 1.283707E+03 0E+00 101.22492504345055
2.01030e+00 5.77584e-03 0 0E+00 1.28352E+03 0E+00 101.23964652760463
2.08069e+00 5.77481e-03 0 0E+00 1.283291E+03 0E+00 101.25770371665907
2.15115e+00 5.77318e-03 0 0E+00 1.282929E+03 0E+00 101.28629282301954
2.22162e+00 5.77285e-03 0 0E+00 1.282856E+03 0E+00 101.29208276674431
2.29207e+00 5.77321e-03 0 0E+00 1.282936E+03 0E+00 101.28576649732123
2.36253e+00 5.77116e-03 0 0E+00 1.28248E+03 0E+00 101.32174467524725
2.43300e+00 5.76987e-03 0 0E+00 1.282193E+03 0E+00 101.34439770740067
2.50346e+00 5.76866e-03 0 0E+00 1.281924E+03 0E+00 101.36565510881208
2.57392e+00 5.76764e-03 0 0E+00 1.281698E+03 0E+00 101.38358149953879
2.64438e+00 5.76668e-03 0 0E+00 1.281484E+03 0E+00 101.40045918968973
2.71481e+00 5.76648e-03 0 0E+00 1.28144E+03 0E+00 101.40397608246278
2.78528e+00 5.76515e-03 0 0E+00 1.281144E+03 0E+00 101.42736962611552
2.85569e+00 5.76436e-03 0 0E+00 1.280969E+03 0E+00 101.44127014967836
2.92614e+00 5.76313e-03 0 0E+00 1.280696E+03 0E+00 101.46292032281069
2.99660e+00 5.76270e-03 0 0E+00 1.2806E+03 0E+00 101.47049126277612
3.06707e+00 5.76232e-03 0 0E+00 1.280516E+03 0E+00 101.47718280137167
3.13753e+00 5.76175e-03 0 0E+00 1.280389E+03 0E+00 101.48722176422092
3.20799e+00 5.75968e-03 0 0E+00 1.279929E+03 0E+00 101.5236957608756
3.27843e+00 5.75955e-03 0 0E+00 1.2799E+03 0E+00 101.52598727331126
3.34892e+00 5.75820e-03 0 0E+00 1.2796E+03 0E+00 101.54978986488833
3.41935e+00 5.75731e-03 0 0E+00 1.279402E+03 0E+00 101.56548804910626
3.48980e+00 5.75597e-03 0 0E+00 1.279104E+03 0E+00 101.58913267442324
3.56026e+00 5.75551e-03 0 0E+00 1.279002E+03 0E+00 101.59725202458165
3.63072e+00 5.75550e-03 0 0E+00 1.279E+03 0E+00 101.59742854660757
3.70116e+00 5.75346e-03 0 0E+00 1.278547E+03 0E+00 101.6334518707004
3.77158e+00 5.75306e-03 0 0E+00 1.278458E+03 0E+00 101.6405182633242
3.84205e+00 5.75119e-03 0 0E+00 1.278042E+03 0E+00 101.67356668793762
3.91250e+00 5.75097e-03 0 0E+00 1.277993E+03 0E+00 101.6774561508754
3.98296e+00 5.74932e-03 0 0E+00 1.277627E+03 0E+00 101.70663661093833
4.05342e+00 5.74867e-03 0 0E+00 1.277482E+03 0E+00 101.7181365428873
4.12386e+00 5.74811e-03 0 0E+00 1.277358E+03 0E+00 101.72804626216268
4.19434e+00 5.74693e-03 0 0E+00 1.277096E+03 0E+00 101.74893377855653
4.26479e+00 5.74607e-03 0 0E+00 1.276904E+03 0E+00 101.76416228831182
4.33522e+00 5.74480e-03 0 0E+00 1.276622E+03 0E+00 101.7866592396602
4.40563e+00 5.74446e-03 0 0E+00 1.276547E+03 0E+00 101.792683733545
4.47609e+00 5.74322e-03 0 0E+00 1.276271E+03 0E+00 101.81466146168873
4.54658e+00 5.74276e-03 0 0E+00 1.276169E+03 0E+00 101.82281690337048
4.61701e+00 5.74133e-03 0 0E+00 1.275851E+03 0E+00 101.84817803540292
4.68747e+00 5.74048e-03 0 0E+00 1.275662E+03 0E+00 101.86325882156194
4.75789e+00 5.73933e-03 0 0E+00 1.275407E+03 0E+00 101.88366934816432
4.82836e+00 5.73838e-03 0 0E+00 1.275196E+03 0E+00 101.90053638831864
4.89883e+00 5.73766e-03 0 0E+00 1.275036E+03 0E+00 101.91332355001863
4.96928e+00 5.73670e-03 0 0E+00 1.274822E+03 0E+00 101.93037809193437
5.03975e+00 5.73529e-03 0 0E+00 1.274509E+03 0E+00 101.9554373013396
5.11020e+00 5.73407e-03 0 0E+00 1.274238E+03 0E+00 101.97712968275587
5.18066e+00 5.73275e-03 0 0E+00 1.273944E+03 0E+00 102.00061052723386
5.25108e+00 5.73091e-03 0 0E+00 1.273536E+03 0E+00 102.03335944902292
5.32154e+00 5.73040e-03 0 0E+00 1.273422E+03 0E+00 102.04244031830237
5.39201e+00 5.72909e-03 0 0E+00 1.273131E+03 0E+00 102.06577309834545
5.46243e+00 5.72820e-03 0 0E+00 1.272933E+03 0E+00 102.0816312279599
5.53288e+00 5.72740e-03 0 0E+00 1.272756E+03 0E+00 102.09588993260466
5.60333e+00 5.72575e-03 0 0E+00 1.272389E+03 0E+00 102.12531109461642
5.67380e+00 5.72458e-03 0 0E+00 1.272129E+03 0E+00 102.14618365015424
5.74424e+00 5.72380e-03 0 0E+00 1.271956E+03 0E+00 102.1601034277927
5.81469e+00 5.72286e-03 0 0E+00 1.271747E+03 0E+00 102.17688358617893
5.88516e+00 5.72162e-03 0 0E+00 1.271471E+03 0E+00 102.19902754814194
5.95557e+00 5.72101e-03 0 0E+00 1.271336E+03 0E+00 102.20992447137829
6.02603e+00 5.71958e-03 0 0E+00 1.271018E+03 0E+00 102.23547882886504
6.09650e+00 5.71876e-03 0 0E+00 1.270836E+03 0E+00 102.25013814183494
6.16697e+00 5.71729e-03 0 0E+00 1.270509E+03 0E+00 102.27642816789073
6.23741e+00 5.71550e-03 0 0E+00 1.270111E+03 0E+00 102.30845945236636
6.30786e+00 5.71469e-03 0 0E+00 1.269931E+03 0E+00 102.32296065053397
6.37826e+00 5.71367e-03 0 0E+00 1.269704E+03 0E+00 102.34122726723804
6.44871e+00 5.71274e-03 0 0E+00 1.269498E+03 0E+00 102.35788780865222
6.51917e+00 5.71261e-03 0 0E+00 1.269469E+03 0E+00 102.36021713367444
6.58963e+00 5.71217e-03 0 0E+00 1.269371E+03 0E+00 102.36810178968761
6.66010e+00 5.71078e-03 0 0E+00 1.269062E+03 0E+00 102.39301811661453
6.73056e+00 5.70940e-03 0 0E+00 1.268756E+03 0E+00 102.41776719094825
6.80102e+00 5.70899e-03 0 0E+00 1.268664E+03 0E+00 102.42512248226043
6.87147e+00 5.70720e-03 0 0E+00 1.268267E+03 0E+00 102.45724698626296
6.94192e+00 5.70647e-03 0 0E+00 1.268104E+03 0E+00 102.47035382644611
7.01240e+00 5.70547e-03 0 0E+00 1.267882E+03 0E+00 102.4883138461862
7.08285e+00 5.70375e-03 0 0E+00 1.2675E+03 0E+00 102.51921981152749
7.15333e+00 5.70215e-03 0 0E+00 1.267144E+03 0E+00 102.54798628587461
7.22377e+00 5.70168e-03 0 0E+00 1.26704E+03 0E+00 102.55643950554924
7.29423e+00 5.70002e-03 0 0E+00 1.266671E+03 0E+00 102.58630671471327
7.36469e+00 5.69938e-03 0 0E+00 1.266529E+03 0E+00 102.59782643024327
7.43516e+00 5.69816e-03 0 0E+00 1.266258E+03 0E+00 102.61979305600403
7.50562e+00 5.69756e-03 0 0E+00 1.266124E+03 0E+00 102.63059976551365
7.57609e+00 5.69712e-03 0 0E+00 1.266027E+03 0E+00 102.63852613250202
7.64654e+00 5.69553e-03 0 0E+00 1.265673E+03 0E+00 102.66717934941963
7.71700e+00 5.69468e-03 0 0E+00 1.265484E+03 0E+00 102.68250367009207
7.78742e+00 5.69323e-03 0 0E+00 1.265162E+03 0E+00 102.70865571916117
7.85788e+00 5.69245e-03 0 0E+00 1.264989E+03 0E+00 102.72272922906656
7.92832e+00 5.69106e-03 0 0E+00 1.26468E+03 0E+00 102.74781850832707
7.99878e+00 5.68921e-03 0 0E+00 1.264269E+03 0E+00 102.78122973136867
8.06923e+00 5.68850e-03 0 0E+00 1.264111E+03 0E+00 102.79405818757141
8.13970e+00 5.68721e-03 0 0E+00 1.263824E+03 0E+00 102.81737442436625
8.21015e+00 5.68660e-03 0 0E+00 1.263689E+03 0E+00 102.82840361551717
8.28059e+00 5.68607e-03 0 0E+00 1.263571E+03 0E+00 102.83798827661283
8.35105e+00 5.68452e-03 0 0E+00 1.263227E+03 0E+00 102.86602914582056
8.42149e+00 5.68369e-03 0 0E+00 1.263042E+03 0E+00 102.8810508666025
8.49195e+00 5.68265e-03 0 0E+00 1.262811E+03 0E+00 102.89987945764739
8.56239e+00 5.68085e-03 0 0E+00 1.262411E+03 0E+00 102.93248369522165
8.63286e+00 5.67927e-03 0 0E+00 1.26206E+03 0E+00 102.96112000309897
8.70327e+00 5.67887e-03 0 0E+00 1.261971E+03 0E+00 102.96837222898216
8.77373e+00 5.67765e-03 0 0E+00 1.2617E+03 0E+00 102.99049782920748
8.84420e+00 5.67623e-03 0 0E+00 1.261384E+03 0E+00 103.01626255454764
8.91465e+00 5.67588e-03 0 0E+00 1.261307E+03 0E+00 103.02261499538396
8.98511e+00 5.67541e-03 0 0E+00 1.261202E+03 0E+00 103.03114664843596
9.05558e+00 5.67277e-03 0 0E+00 1.260616E+03 0E+00 103.07909539783914
9.12604e+00 5.67145e-03 0 0E+00 1.260322E+03 0E+00 103.10308651226758
9.19650e+00 5.66960e-03 0 0E+00 1.259911E+03 0E+00 103.13672922252009
9.26695e+00 5.66887e-03 0 0E+00 1.259749E+03 0E+00 103.15001049591892
9.33742e+00 5.66845e-03 0 0E+00 1.259656E+03 0E+00 103.15765332674715
9.40783e+00 5.66788e-03 0 0E+00 1.259529E+03 0E+00 103.16802755174773
9.47826e+00 5.66659e-03 0 0E+00 1.259242E+03 0E+00 103.19151376753919
9.54873e+00 5.66539e-03 0 0E+00 1.258976E+03 0E+00 103.21337101241043
9.61918e+00 5.66437e-03 0 0E+00 1.258749E+03 0E+00 103.23195695196463
9.68964e+00 5.66385e-03 0 0E+00 1.258633E+03 0E+00 103.24143471313681
9.76009e+00 5.66250e-03 0 0E+00 1.258333E+03 0E+00 103.2660485651214
9.83054e+00 5.66104e-03 0 0E+00 1.258009E+03 0E+00 103.29268120345377
9.90100e+00 5.66013e-03 0 0E+00 1.257807E+03 0E+00 103.3092879492167
9.97147e+00 5.65924e-03 0 0E+00 1.257609E+03 0E+00 103.3255348774747
1.00419e+01 5.65848e-03 0 0E+00 1.25744E+03 0E+00 103.33941270447187
1.01124e+01 5.65625e-03 0 0E+00 1.256944E+03 0E+00 103.38015469613259
1.01828e+01 5.65585e-03 0 0E+00 1.256856E+03 0E+00 103.38746607494895
1.02533e+01 5.65401e-03 0 0E+00 1.256447E+03 0E+00 103.42111174193182
1.03237e+01 5.65303e-03 0 0E+00 1.256229E+03 0E+00 103.43904065607293
1.03942e+01 5.65248e-03 0 0E+00 1.256107E+03 0E+00 103.44910552536231
1.04647e+01 5.65133e-03 0 0E+00 1.255851E+03 0E+00 103.47015658260973
1.05351e+01 5.65018e-03 0 0E+00 1.255596E+03 0E+00 103.49121620904111
1.06056e+01 5.64942e-03 0 0E+00 1.255427E+03 0E+00 103.50513858059765
1.06761e+01 5.64868e-03 0 0E+00 1.255262E+03 0E+00 103.51869817373262
1.07465e+01 5.64727e-03 0 0E+00 1.254949E+03 0E+00 103.54454453213675
1.08169e+01 5.64635e-03 0 0E+00 1.254744E+03 0E+00 103.56141578187678
1.08874e+01 5.64538e-03 0 0E+00 1.254529E+03 0E+00 103.57920990261061
1.09578e+01 5.64377e-03 0 0E+00 1.254171E+03 0E+00 103.60875797560848
1.10283e+01 5.64262e-03 0 0E+00 1.253916E+03 0E+00 103.62987406559363
1.10987e+01 5.64191e-03 0 0E+00 1.253758E+03 0E+00 103.64291525387678
1.11692e+01 5.64119e-03 0 0E+00 1.253598E+03 0E+00 103.65614347327424
1.12396e+01 5.64076e-03 0 0E+00 1.253502E+03 0E+00 103.66404527049545
1.13101e+01 5.64018e-03 0 0E+00 1.253373E+03 0E+00 103.67470541720299
1.13805e+01 5.63855e-03 0 0E+00 1.253011E+03 0E+00 103.70467584751398
1.14510e+01 5.63696e-03 0 0E+00 1.252658E+03 0E+00 103.73392750702506
1.15214e+01 5.63684e-03 0 0E+00 1.252631E+03 0E+00 103.7361358491637
1.15919e+01 5.63481e-03 0 0E+00 1.25218E+03 0E+00 103.77350789112675
1.16623e+01 5.63366e-03 0 0E+00 1.251924E+03 0E+00 103.79469119542179
1.17328e+01 5.63248e-03 0 0E+00 1.251662E+03 0E+00 103.81643609919608
1.18032e+01 5.63143e-03 0 0E+00 1.251429E+03 0E+00 103.83579304013367
1.18736e+01 5.63083e-03 0 0E+00 1.251296E+03 0E+00 103.8468573904735
1.19441e+01 5.62989e-03 0 0E+00 1.251087E+03 0E+00 103.86419628092199
1.20146e+01 5.62949e-03 0 0E+00 1.250998E+03 0E+00 103.87157628843819
1.20850e+01 5.62719e-03 0 0E+00 1.250487E+03 0E+00 103.91403169254991
1.21555e+01 5.62616e-03 0 0E+00 1.250258E+03 0E+00 103.93305558320417
1.22259e+01 5.62529e-03 0 0E+00 1.250064E+03 0E+00 103.94912973375594
1.22964e+01 5.62483e-03 0 0E+00 1.249962E+03 0E+00 103.95763071950618
1.23668e+01 5.62160e-03 0 0E+00 1.249244E+03 0E+00 104.01736160523693
1.24373e+01 5.61983e-03 0 0E+00 1.248851E+03 0E+00 104.05012251260268
1.25077e+01 5.61894e-03 0 0E+00 1.248653E+03 0E+00 104.066603309521
1.25782e+01 5.61827e-03 0 0E+00 1.248504E+03 0E+00 104.07901364654956
1.26486e+01 5.61789e-03 0 0E+00 1.24842E+03 0E+00 104.08605366071602
1.27191e+01 5.61625e-03 0 0E+00 1.248056E+03 0E+00 104.11644780770087
1.27895e+01 5.61451e-03 0 0E+00 1.247669E+03 0E+00 104.14871466966841
1.28600e+01 5.61335e-03 0 0E+00 1.247411E+03 0E+00 104.17023702423685
1.29304e+01 5.61350e-03 0 0E+00 1.247444E+03 0E+00 104.16745346040794
1.30009e+01 5.61231e-03 0 0E+00 1.24718E+03 0E+00 104.18954049223937
1.30713e+01 5.61039e-03 0 0E+00 1.246753E+03 0E+00 104.22519646584283
1.31418e+01 5.60932e-03 0 0E+00 1.246516E+03 0E+00 104.24507783474644
1.32123e+01 5.60874e-03 0 0E+00 1.246387E+03 0E+00 104.25585782189938
1.32827e+01 5.60796e-03 0 0E+00 1.246213E+03 0E+00 104.27035856175863
1.33532e+01 5.60673e-03 0 0E+00 1.24594E+03 0E+00 104.29323331068197
1.34237e+01 5.60534e-03 0 0E+00 1.245631E+03 0E+00 104.31909571943895
1.34941e+01 5.60491e-03 0 0E+00 1.245536E+03 0E+00 104.32709891862669
1.35645e+01 5.60419e-03 0 0E+00 1.245376E+03 0E+00 104.3405023741165
1.36350e+01 5.60247e-03 0 0E+00 1.244993E+03 0E+00 104.37253568515314
1.37054e+01 5.60136e-03 0 0E+00 1.244747E+03 0E+00 104.3932187897225
1.37759e+01 5.60035e-03 0 0E+00 1.244522E+03 0E+00 104.4120456757167
1.38464e+01 5.59891e-03 0 0E+00 1.244202E+03 0E+00 104.43889971440868
1.39168e+01 5.59803e-03 0 0E+00 1.244007E+03 0E+00 104.4553173169847
1.39873e+01 5.59774e-03 0 0E+00 1.243942E+03 0E+00 104.46072879412047
1.40577e+01 5.59620e-03 0 0E+00 1.2436E+03 0E+00 104.48947500089345
1.41281e+01 5.59483e-03 0 0E+00 1.243296E+03 0E+00 104.51506122616772
1.41986e+01 5.59414e-03 0 0E+00 1.243142E+03 0E+00 104.52795246454325
1.42691e+01 5.59383e-03 0 0E+00 1.243073E+03 0E+00 104.53374521571087
1.43395e+01 5.59235e-03 0 0E+00 1.242744E+03 0E+00 104.56140978300712
1.44099e+01 5.59191e-03 0 0E+00 1.242647E+03 0E+00 104.56963720803802
1.44804e+01 5.59086e-03 0 0E+00 1.242413E+03 0E+00 104.58927606844027
1.45509e+01 5.59003e-03 0 0E+00 1.242229E+03 0E+00 104.60480534093733
1.46213e+01 5.58900e-03 0 0E+00 1.242E+03 0E+00 104.62408302021827
1.46917e+01 5.58826e-03 0 0E+00 1.241836E+03 0E+00 104.63793739017152
1.47622e+01 5.58739e-03 0 0E+00 1.241642E+03 0E+00 104.65423032936664
1.48326e+01 5.58685e-03 0 0E+00 1.241522E+03 0E+00 104.66434574044406
1.49031e+01 5.58515e-03 0 0E+00 1.241144E+03 0E+00 104.69620332488832
1.49736e+01 5.58420e-03 0 0E+00 1.240933E+03 0E+00 104.71401454102646
1.50440e+01 5.58363e-03 0 0E+00 1.240807E+03 0E+00 104.72470417989729
1.51145e+01 5.58243e-03 0 0E+00 1.24054E+03 0E+00 104.74721581820101
1.51849e+01 5.58110e-03 0 0E+00 1.240244E+03 0E+00 104.7721775277275
1.52554e+01 5.58066e-03 0 0E+00 1.240147E+03 0E+00 104.78043815606037
1.53258e+01 5.57961e-03 0 0E+00 1.239913E+03 0E+00 104.80015628332445
1.53963e+01 5.57913e-03 0 0E+00 1.239807E+03 0E+00 104.8091727563258
1.54667e+01 5.57833e-03 0 0E+00 1.239629E+03 0E+00 104.82420365951815
1.55372e+01 5.57768e-03 0 0E+00 1.239484E+03 0E+00 104.83641944320935
1.56076e+01 5.57697e-03 0 0E+00 1.239327E+03 0E+00 104.84976609162322
1.56781e+01 5.57482e-03 0 0E+00 1.238849E+03 0E+00 104.89020273300302
1.57485e+01 5.57420e-03 0 0E+00 1.238711E+03 0E+00 104.90186932654012
1.58190e+01 5.57240e-03 0 0E+00 1.238311E+03 0E+00 104.93575479147225
1.58894e+01 5.57055e-03 0 0E+00 1.2379E+03 0E+00 104.97060433888933
1.59599e+01 5.57026e-03 0 0E+00 1.237836E+03 0E+00 104.97606933967175
1.60303e+01 5.57016e-03 0 0E+00 1.237813E+03 0E+00 104.97795395464402
1.61008e+01 5.56772e-03 0 0E+00 1.237271E+03 0E+00 105.02395953819516
1.61712e+01 5.56664e-03 0 0E+00 1.237031E+03 0E+00 105.04433554172712
1.62417e+01 5.56626e-03 0 0E+00 1.236947E+03 0E+00 105.05150675678102
1.63121e+01 5.56558e-03 0 0E+00 1.236796E+03 0E+00 105.06434190147297
1.64229e+01 5.56391e-03 0 0E+00 1.236424E+03 0E+00 105.09587682043741
1.64933e+01 5.56209e-03 0 0E+00 1.23602E+03 0E+00 105.13026578138793
1.65638e+01 5.56072e-03 0 0E+00 1.235716E+03 0E+00 105.15616682731732
1.66343e+01 5.56043e-03 0 0E+00 1.235651E+03 0E+00 105.16165116726583
1.67047e+01 5.56006e-03 0 0E+00 1.235569E+03 0E+00 105.16864925918064
1.67752e+01 5.55889e-03 0 0E+00 1.235309E+03 0E+00 105.19078449114839
1.68456e+01 5.55721e-03 0 0E+00 1.234936E+03 0E+00 105.22258471427207
1.69161e+01 5.55696e-03 0 0E+00 1.23488E+03 0E+00 105.22731853387462
1.69866e+01 5.55638e-03 0 0E+00 1.234751E+03 0E+00 105.23830263588883
1.70570e+01 5.55491e-03 0 0E+00 1.234424E+03 0E+00 105.2661519268539
1.71275e+01 5.55402e-03 0 0E+00 1.234227E+03 0E+00 105.28302022679068
1.71979e+01 5.55425e-03 0 0E+00 1.234278E+03 0E+00 105.278660485214
1.72684e+01 5.55219e-03 0 0E+00 1.23382E+03 0E+00 105.31772147566994
1.73388e+01 5.55222e-03 0 0E+00 1.233827E+03 0E+00 105.31715241831193
1.74093e+01 5.55009e-03 0 0E+00 1.233353E+03 0E+00 105.35757077813152
1.74797e+01 5.54951e-03 0 0E+00 1.233224E+03 0E+00 105.36858209103146
1.75502e+01 5.54805e-03 0 0E+00 1.2329E+03 0E+00 105.39631041537116
1.76206e+01 5.54702e-03 0 0E+00 1.232671E+03 0E+00 105.41588095950618
1.76911e+01 5.54619e-03 0 0E+00 1.232487E+03 0E+00 105.43165668684266
1.77615e+01 5.54465e-03 0 0E+00 1.232144E+03 0E+00 105.46093982487622
1.78321e+01 5.54351e-03 0 0E+00 1.231891E+03 0E+00 105.48262743279979
1.79026e+01 5.54278e-03 0 0E+00 1.231729E+03 0E+00 105.496519796925
1.79730e+01 5.54118e-03 0 0E+00 1.231373E+03 0E+00 105.52698161763378
1.80435e+01 5.54056e-03 0 0E+00 1.231236E+03 0E+00 105.53879030278527
1.81140e+01 5.54036e-03 0 0E+00 1.231191E+03 0E+00 105.54260011984779
1.81844e+01 5.53827e-03 0 0E+00 1.230727E+03 0E+00 105.58242917011991
1.82549e+01 5.53744e-03 0 0E+00 1.230542E+03 0E+00 105.59825478921665
1.83253e+01 5.53654e-03 0 0E+00 1.230342E+03 0E+00 105.61542046115441
1.83958e+01 5.53659e-03 0 0E+00 1.230353E+03 0E+00 105.61446666630542
1.84662e+01 5.53595e-03 0 0E+00 1.230211E+03 0E+00 105.62667654151498
1.85367e+01 5.53434e-03 0 0E+00 1.229853E+03 0E+00 105.65740449629043
1.86071e+01 5.53275e-03 0 0E+00 1.2295E+03 0E+00 105.68776828882561
1.86775e+01 5.53178e-03 0 0E+00 1.229284E+03 0E+00 105.70630068440899
1.87480e+01 5.53060e-03 0 0E+00 1.229022E+03 0E+00 105.7288540122229
1.88184e+01 5.52986e-03 0 0E+00 1.228858E+03 0E+00 105.74300253532638
1.88889e+01 5.52958e-03 0 0E+00 1.228796E+03 0E+00 105.74835701807369
1.89593e+01 5.52831e-03 0 0E+00 1.228513E+03 0E+00 105.77265023126415
1.90298e+01 5.52709e-03 0 0E+00 1.228242E+03 0E+00 105.79599753215524
1.91002e+01 5.52693e-03 0 0E+00 1.228207E+03 0E+00 105.79906023778118
1.91707e+01 5.52612e-03 0 0E+00 1.228027E+03 0E+00 105.8145679065963
1.92411e+01 5.52539e-03 0 0E+00 1.227864E+03 0E+00 105.82854784911109
1.93116e+01 5.52519e-03 0 0E+00 1.22782E+03 0E+00 105.83237861503403
1.93820e+01 5.52380e-03 0 0E+00 1.227511E+03 0E+00 105.85901010174155
1.94525e+01 5.52268e-03 0 0E+00 1.227262E+03 0E+00 105.88047831849752
1.95230e+01 5.52225e-03 0 0E+00 1.227167E+03 0E+00 105.888722893748
1.95934e+01 5.52154e-03 0 0E+00 1.227009E+03 0E+00 105.90233884025108
1.96639e+01 5.52006e-03 0 0E+00 1.22668E+03 0E+00 105.93073263696408
1.97343e+01 5.51966e-03 0 0E+00 1.226591E+03 0E+00 105.93840924984508
1.98048e+01 5.51652e-03 0 0E+00 1.225893E+03 0E+00 105.99870933124505
1.98753e+01 5.51537e-03 0 0E+00 1.225638E+03 0E+00 106.02081093380859
1.99457e+01 5.51472e-03 0 0E+00 1.225493E+03 0E+00 106.03330722140016
2.00162e+01 5.51344e-03 0 0E+00 1.225209E+03 0E+00 106.05792390957369
2.00866e+01 5.51347e-03 0 0E+00 1.225216E+03 0E+00 106.05734682513913
2.01571e+01 5.51180e-03 0 0E+00 1.224844E+03 0E+00 106.08948075039007
2.02275e+01 5.51058e-03 0 0E+00 1.224573E+03 0E+00 106.11296814491395
2.02980e+01 5.50953e-03 0 0E+00 1.22434E+03 0E+00 106.13319103444394
2.03685e+01 5.50861e-03 0 0E+00 1.224136E+03 0E+00 106.1509164743919
2.04389e+01 5.50877e-03 0 0E+00 1.224171E+03 0E+00 106.14783336389067
2.05093e+01 5.50748e-03 0 0E+00 1.223884E+03 0E+00 106.17269604247312
2.05798e+01 5.50708e-03 0 0E+00 1.223796E+03 0E+00 106.18040776600301
2.06503e+01 5.50673e-03 0 0E+00 1.223718E+03 0E+00 106.18715644311597
2.07207e+01 5.50453e-03 0 0E+00 1.223229E+03 0E+00 106.2295963506421
2.07912e+01 5.50327e-03 0 0E+00 1.222949E+03 0E+00 106.253918125042
2.08616e+01 5.50260e-03 0 0E+00 1.2228E+03 0E+00 106.26685566822955
2.09322e+01 5.50159e-03 0 0E+00 1.222576E+03 0E+00 106.28636448735729
2.10027e+01 5.50051e-03 0 0E+00 1.222336E+03 0E+00 106.30723332927309
2.10731e+01 5.49928e-03 0 0E+00 1.222062E+03 0E+00 106.33101060502466
2.11435e+01 5.49799e-03 0 0E+00 1.221776E+03 0E+00 106.3559591778086
2.12140e+01 5.49714e-03 0 0E+00 1.221587E+03 0E+00 106.37240455946181
2.12844e+01 5.49649e-03 0 0E+00 1.221442E+03 0E+00 106.38498387152528
2.13549e+01 5.49536e-03 0 0E+00 1.221191E+03 0E+00 106.40685960519419
2.14253e+01 5.49474e-03 0 0E+00 1.221053E+03 0E+00 106.41886604279729
2.14957e+01 5.49409e-03 0 0E+00 1.220909E+03 0E+00 106.43145634672892
2.15662e+01 5.49399e-03 0 0E+00 1.220887E+03 0E+00 106.43339358098576
2.16366e+01 5.49295e-03 0 0E+00 1.220656E+03 0E+00 106.4535449985891
2.17071e+01 5.49159e-03 0 0E+00 1.220353E+03 0E+00 106.47990836897873
2.17775e+01 5.49133e-03 0 0E+00 1.220296E+03 0E+00 106.4849499119521
2.18480e+01 5.49024e-03 0 0E+00 1.220053E+03 0E+00 106.50609080841637
2.19185e+01 5.48926e-03 0 0E+00 1.219836E+03 0E+00 106.52510538761143
2.19889e+01 5.48855e-03 0 0E+00 1.219678E+03 0E+00 106.53888549799126
2.20594e+01 5.48725e-03 0 0E+00 1.219389E+03 0E+00 106.56412592828829
2.21298e+01 5.48667e-03 0 0E+00 1.21926E+03 0E+00 106.57539090194962
2.22003e+01 5.48502e-03 0 0E+00 1.218893E+03 0E+00 106.6074508388301
2.22707e+01 5.48489e-03 0 0E+00 1.218864E+03 0E+00 106.60997759298726
2.23412e+01 5.48374e-03 0 0E+00 1.218609E+03 0E+00 106.63233486635032
2.24116e+01 5.48332e-03 0 0E+00 1.218516E+03 0E+00 106.64050246930691
2.24822e+01 5.48237e-03 0 0E+00 1.218304E+03 0E+00 106.65898142591614
2.25527e+01 5.48096e-03 0 0E+00 1.217991E+03 0E+00 106.68641989724426
2.26231e+01 5.47998e-03 0 0E+00 1.217773E+03 0E+00 106.70549892517855
2.26936e+01 5.47896e-03 0 0E+00 1.217547E+03 0E+00 106.72536393768159
2.27640e+01 5.47868e-03 0 0E+00 1.217484E+03 0E+00 106.73081837230865
2.28344e+01 5.47785e-03 0 0E+00 1.2173E+03 0E+00 106.74699015124546
2.29049e+01 5.47716e-03 0 0E+00 1.217147E+03 0E+00 106.76043789116986
2.29753e+01 5.47651e-03 0 0E+00 1.217002E+03 0E+00 106.77310915163122
2.30458e+01 5.47470e-03 0 0E+00 1.2166E+03 0E+00 106.80840959321971
2.31162e+01 5.47351e-03 0 0E+00 1.216336E+03 0E+00 106.83163089132931
2.31867e+01 5.47229e-03 0 0E+00 1.216064E+03 0E+00 106.85544808480543
2.32572e+01 5.47189e-03 0 0E+00 1.215976E+03 0E+00 106.86325931259582
2.33276e+01 5.47050e-03 0 0E+00 1.215667E+03 0E+00 106.89041221094963
2.33981e+01 5.46999e-03 0 0E+00 1.215553E+03 0E+00 106.90037824566406
2.34686e+01 5.46972e-03 0 0E+00 1.215493E+03 0E+00 106.90565513408363
2.35390e+01 5.46938e-03 0 0E+00 1.215418E+03 0E+00 106.91230084579969
2.36095e+01 5.46827e-03 0 0E+00 1.215171E+03 0E+00 106.93400289305391
2.36799e+01 5.46737e-03 0 0E+00 1.214971E+03 0E+00 106.95160561659443
2.37504e+01 5.46549e-03 0 0E+00 1.214553E+03 0E+00 106.98839445319632
2.38209e+01 5.46492e-03 0 0E+00 1.214427E+03 0E+00 106.99955351587946
2.38913e+01 5.46399e-03 0 0E+00 1.21422E+03 0E+00 107.0177654058664
2.39618e+01 5.46344e-03 0 0E+00 1.214098E+03 0E+00 107.02853879606987
2.40322e+01 5.46226e-03 0 0E+00 1.213836E+03 0E+00 107.05165993563102
2.41027e+01 5.46164e-03 0 0E+00 1.213698E+03 0E+00 107.06381233475658
2.41731e+01 5.46143e-03 0 0E+00 1.213651E+03 0E+00 107.0679290954933
2.42436e+01 5.46009e-03 0 0E+00 1.213353E+03 0E+00 107.09420540687057
2.43140e+01 5.45875e-03 0 0E+00 1.213056E+03 0E+00 107.12049461873139
2.43845e+01 5.45850e-03 0 0E+00 1.213E+03 0E+00 107.1254007511221
2.44549e+01 5.45773e-03 0 0E+00 1.212829E+03 0E+00 107.14051446297269
2.45254e+01 5.45795e-03 0 0E+00 1.212878E+03 0E+00 107.13619582443957
2.45958e+01 5.45596e-03 0 0E+00 1.212436E+03 0E+00 107.17527254598639
2.46663e+01 5.45496e-03 0 0E+00 1.212213E+03 0E+00 107.19491985275785
2.47367e+01 5.45441e-03 0 0E+00 1.212091E+03 0E+00 107.20572894226872
2.48072e+01 5.45326e-03 0 0E+00 1.211836E+03 0E+00 107.2283368113752
2.48776e+01 5.45241e-03 0 0E+00 1.211647E+03 0E+00 107.24505310495724
2.49481e+01 5.45167e-03 0 0E+00 1.211482E+03 0E+00 107.25961035792702
2.50185e+01 5.45196e-03 0 0E+00 1.211547E+03 0E+00 107.25390501764502
2.50890e+01 5.45002e-03 0 0E+00 1.211116E+03 0E+00 107.29208333180428
2.51594e+01 5.45023e-03 0 0E+00 1.211162E+03 0E+00 107.2879493159004
2.52299e+01 5.44827e-03 0 0E+00 1.210727E+03 0E+00 107.32654585767591
2.53003e+01 5.44644e-03 0 0E+00 1.21032E+03 0E+00 107.36260750141375
2.53708e+01 5.44618e-03 0 0E+00 1.210262E+03 0E+00 107.36773297981335
2.54413e+01 5.44526e-03 0 0E+00 1.210058E+03 0E+00 107.38587321817505
2.55117e+01 5.44381e-03 0 0E+00 1.209736E+03 0E+00 107.4144762583558
2.55823e+01 5.44339e-03 0 0E+00 1.209642E+03 0E+00 107.42276412309239
2.56527e+01 5.44218e-03 0 0E+00 1.209373E+03 0E+00 107.44664821817727
2.57232e+01 5.44254e-03 0 0E+00 1.209453E+03 0E+00 107.43954109662032
2.57936e+01 5.44079e-03 0 0E+00 1.209064E+03 0E+00 107.47409843055878
2.58641e+01 5.44041e-03 0 0E+00 1.20898E+03 0E+00 107.48160524666339
2.59345e+01 5.44001e-03 0 0E+00 1.208891E+03 0E+00 107.48950829134503
2.60049e+01 5.43927e-03 0 0E+00 1.208727E+03 0E+00 107.50413198829987
2.60754e+01 5.43797e-03 0 0E+00 1.208438E+03 0E+00 107.52983190418482
2.61458e+01 5.43765e-03 0 0E+00 1.208367E+03 0E+00 107.53615992202513
2.62163e+01 5.43634e-03 0 0E+00 1.208076E+03 0E+00 107.56207301235757
2.62867e+01 5.43501e-03 0 0E+00 1.20778E+03 0E+00 107.58839450157404
2.63572e+01 5.43434e-03 0 0E+00 1.207631E+03 0E+00 107.6016590791154
2.64277e+01 5.43395e-03 0 0E+00 1.207544E+03 0E+00 107.6093817572852
2.64981e+01 5.43352e-03 0 0E+00 1.207449E+03 0E+00 107.61789779001457
2.65686e+01 5.43316e-03 0 0E+00 1.207369E+03 0E+00 107.62502852851746
2.66390e+01 5.43295e-03 0 0E+00 1.207322E+03 0E+00 107.62918856238323
2.67095e+01 5.43202e-03 0 0E+00 1.207116E+03 0E+00 107.64761543587835
2.67799e+01 5.43074e-03 0 0E+00 1.206831E+03 0E+00 107.6729874750034
2.68504e+01 5.42953e-03 0 0E+00 1.206562E+03 0E+00 107.6969829801106
2.69208e+01 5.42861e-03 0 0E+00 1.206358E+03 0E+00 107.71523465491164
2.69913e+01 5.42738e-03 0 0E+00 1.206084E+03 0E+00 107.7396460170469
2.70617e+01 5.42707e-03 0 0E+00 1.206016E+03 0E+00 107.7458002200082
2.71322e+01 5.42696e-03 0 0E+00 1.205991E+03 0E+00 107.74798413844951
2.72027e+01 5.42525e-03 0 0E+00 1.205611E+03 0E+00 107.78194553246392
2.72732e+01 5.42444e-03 0 0E+00 1.205431E+03 0E+00 107.79803998200735
2.73436e+01 5.42319e-03 0 0E+00 1.205153E+03 0E+00 107.8228865298837
2.74141e+01 5.42317e-03 0 0E+00 1.205149E+03 0E+00 107.8232841677469
2.74845e+01 5.42248e-03 0 0E+00 1.204996E+03 0E+00 107.83700447027927
2.75549e+01 5.42159e-03 0 0E+00 1.204798E+03 0E+00 107.85470682954632
2.76254e+01 5.42035e-03 0 0E+00 1.204522E+03 0E+00 107.87938048281013
2.76959e+01 5.41887e-03 0 0E+00 1.204193E+03 0E+00 107.90884446388267
2.77663e+01 5.41790e-03 0 0E+00 1.203978E+03 0E+00 107.9281640488012
2.78368e+01 5.41741e-03 0 0E+00 1.203869E+03 0E+00 107.93792605691648
2.79072e+01 5.41725e-03 0 0E+00 1.203833E+03 0E+00 107.94111403387326
2.79777e+01 5.41560e-03 0 0E+00 1.203467E+03 0E+00 107.97400103404978
2.80481e+01 5.41499e-03 0 0E+00 1.203331E+03 0E+00 107.98616433271344
2.81185e+01 5.41426e-03 0 0E+00 1.203169E+03 0E+00 108.00072401399267
2.81890e+01 5.41340e-03 0 0E+00 1.202978E+03 0E+00 108.01788155318283
2.82595e+01 5.41337e-03 0 0E+00 1.202971E+03 0E+00 108.01848017039292
2.83299e+01 5.41168e-03 0 0E+00 1.202596E+03 0E+00 108.05221299115985
2.84004e+01 5.40996e-03 0 0E+00 1.202213E+03 0E+00 108.08656625926993
2.84708e+01 5.40943e-03 0 0E+00 1.202096E+03 0E+00 108.09715626230489
2.85413e+01 5.40819e-03 0 0E+00 1.20182E+03 0E+00 108.12194098210306
2.86117e+01 5.40672e-03 0 0E+00 1.201493E+03 0E+00 108.15133759469695
2.86823e+01 5.40630e-03 0 0E+00 1.2014E+03 0E+00 108.15973956310229
2.87527e+01 5.40495e-03 0 0E+00 1.2011E+03 0E+00 108.18675473408632
2.88232e+01 5.40420e-03 0 0E+00 1.200933E+03 0E+00 108.20176899448576
2.88936e+01 5.40486e-03 0 0E+00 1.20108E+03 0E+00 108.18855622532313
2.89641e+01 5.40350e-03 0 0E+00 1.200778E+03 0E+00 108.21578606458775
2.90345e+01 5.40293e-03 0 0E+00 1.200651E+03 0E+00 108.22720264745239
2.91050e+01 5.40228e-03 0 0E+00 1.200507E+03 0E+00 108.24022449780462
2.91754e+01 5.40122e-03 0 0E+00 1.200271E+03 0E+00 108.26146685378487
2.92459e+01 5.40028e-03 0 0E+00 1.200062E+03 0E+00 108.28031139126118
2.93163e+01 5.40006e-03 0 0E+00 1.200013E+03 0E+00 108.28472276233967
2.93868e+01 5.39907e-03 0 0E+00 1.199793E+03 0E+00 108.30457838109155
2.94572e+01 5.39823e-03 0 0E+00 1.199607E+03 0E+00 108.32143128395786
2.95277e+01 5.39717e-03 0 0E+00 1.199371E+03 0E+00 108.34270552900871
2.95982e+01 5.39631e-03 0 0E+00 1.19918E+03 0E+00 108.35997190672884
2.96686e+01 5.39530e-03 0 0E+00 1.198956E+03 0E+00 108.38025689025633
2.97390e+01 5.39323e-03 0 0E+00 1.198496E+03 0E+00 108.4218548068597
2.98095e+01 5.39280e-03 0 0E+00 1.1984E+03 0E+00 108.43049992582702
2.98800e+01 5.39291e-03 0 0E+00 1.198424E+03 0E+00 108.42828825253898
2.99504e+01 5.39249e-03 0 0E+00 1.198331E+03 0E+00 108.4367333087312
3.00208e+01 5.39068e-03 0 0E+00 1.197929E+03 0E+00 108.47314253489354
3.00913e+01 5.39071e-03 0 0E+00 1.197936E+03 0E+00 108.47253886779292
3.01617e+01 5.39043e-03 0 0E+00 1.197873E+03 0E+00 108.47817335537238
3.02322e+01 5.38979e-03 0 0E+00 1.197731E+03 0E+00 108.49105438245273
3.03027e+01 5.38957e-03 0 0E+00 1.197682E+03 0E+00 108.49548294205289
3.03731e+01 5.38769e-03 0 0E+00 1.197264E+03 0E+00 108.53334174757642
3.04436e+01 5.38611e-03 0 0E+00 1.196913E+03 0E+00 108.56517969369358
3.05140e+01 5.38490e-03 0 0E+00 1.196644E+03 0E+00 108.58957455105944
3.05845e+01 5.38515e-03 0 0E+00 1.1967E+03 0E+00 108.58453339275599
3.06549e+01 5.38394e-03 0 0E+00 1.196431E+03 0E+00 108.60893694952023
3.07254e+01 5.38300e-03 0 0E+00 1.196222E+03 0E+00 108.62790265651122
3.07959e+01 5.38181e-03 0 0E+00 1.195958E+03 0E+00 108.65192193704347
3.08663e+01 5.38122e-03 0 0E+00 1.195827E+03 0E+00 108.66383459512898
3.09368e+01 5.38091e-03 0 0E+00 1.195758E+03 0E+00 108.67009483526019
3.10072e+01 5.38009e-03 0 0E+00 1.195576E+03 0E+00 108.68665765814326
3.10777e+01 5.37953e-03 0 0E+00 1.195451E+03 0E+00 108.69797175589687
3.11481e+01 5.37820e-03 0 0E+00 1.195156E+03 0E+00 108.7248521810271
3.12186e+01 5.37754e-03 0 0E+00 1.195009E+03 0E+00 108.73819627562044
3.12891e+01 5.37650e-03 0 0E+00 1.194778E+03 0E+00 108.7592299823305
3.13595e+01 5.37550e-03 0 0E+00 1.194556E+03 0E+00 108.77946237559296
3.14300e+01 5.37389e-03 0 0E+00 1.194198E+03 0E+00 108.8120523494154
3.15407e+01 5.37338e-03 0 0E+00 1.194084E+03 0E+00 108.82237995451652
3.16112e+01 5.37197e-03 0 0E+00 1.193771E+03 0E+00 108.85094295016538
3.16816e+01 5.37181e-03 0 0E+00 1.193736E+03 0E+00 108.85418508845248
3.17521e+01 5.37098e-03 0 0E+00 1.193551E+03 0E+00 108.87100678088541
3.18225e+01 5.37005e-03 0 0E+00 1.193344E+03 0E+00 108.88986136069495
3.18930e+01 5.37001e-03 0 0E+00 1.193336E+03 0E+00 108.8906724568483
3.19635e+01 5.36942e-03 0 0E+00 1.193204E+03 0E+00 108.9026375288206
3.20339e+01 5.36866e-03 0 0E+00 1.193036E+03 0E+00 108.91805403955549
3.21043e+01 5.36857e-03 0 0E+00 1.193016E+03 0E+00 108.91987996803617
3.21748e+01 5.36739e-03 0 0E+00 1.192753E+03 0E+00 108.94382558375672
3.22452e+01 5.36607e-03 0 0E+00 1.19246E+03 0E+00 108.97062468435931
3.23157e+01 5.36615e-03 0 0E+00 1.192478E+03 0E+00 108.96900012112965
3.23862e+01 5.36471e-03 0 0E+00 1.192158E+03 0E+00 108.99824967239607
3.24566e+01 5.36368e-03 0 0E+00 1.191929E+03 0E+00 109.01918086090146
3.25271e+01 5.36354e-03 0 0E+00 1.191898E+03 0E+00 109.0220264974252
3.25975e+01 5.36174e-03 0 0E+00 1.191498E+03 0E+00 109.05862649065413
3.26680e+01 5.36113e-03 0 0E+00 1.191362E+03 0E+00 109.07103539738821
3.27384e+01 5.36122e-03 0 0E+00 1.191382E+03 0E+00 109.06920439750652
3.28089e+01 5.36059e-03 0 0E+00 1.191242E+03 0E+00 109.08202268780114
3.28793e+01 5.35993e-03 0 0E+00 1.191096E+03 0E+00 109.09545460481759
3.29498e+01 5.35989e-03 0 0E+00 1.191087E+03 0E+00 109.09626876670976
3.30202e+01 5.35928e-03 0 0E+00 1.190951E+03 0E+00 109.10868624143541
3.30907e+01 5.35810e-03 0 0E+00 1.190689E+03 0E+00 109.13271495492803
3.31611e+01 5.35773e-03 0 0E+00 1.190607E+03 0E+00 109.14025156176216
3.32316e+01 5.35644e-03 0 0E+00 1.19032E+03 0E+00 109.16653598285428
3.33020e+01 5.35582e-03 0 0E+00 1.190182E+03 0E+00 109.17917331052946
3.33725e+01 5.35498e-03 0 0E+00 1.189996E+03 0E+00 109.19629951932593
3.34429e+01 5.35457e-03 0 0E+00 1.189904E+03 0E+00 109.20466069170818
3.35134e+01 5.35335e-03 0 0E+00 1.189633E+03 0E+00 109.2295478532134
3.35838e+01 5.35250e-03 0 0E+00 1.189444E+03 0E+00 109.24689397477813
3.36543e+01 5.35214e-03 0 0E+00 1.189364E+03 0E+00 109.25424222834229
3.37247e+01 5.35200e-03 0 0E+00 1.189333E+03 0E+00 109.25710014947681
3.37952e+01 5.35056e-03 0 0E+00 1.189013E+03 0E+00 109.28650459017373
3.38657e+01 5.34969e-03 0 0E+00 1.18882E+03 0E+00 109.30427744411358
3.39361e+01 5.34930e-03 0 0E+00 1.188733E+03 0E+00 109.31224646215391
3.40066e+01 5.34784e-03 0 0E+00 1.188409E+03 0E+00 109.34208951651506
3.40770e+01 5.34714e-03 0 0E+00 1.188253E+03 0E+00 109.35640361015419
3.41475e+01 5.34707e-03 0 0E+00 1.188238E+03 0E+00 109.35783522564694
3.42179e+01 5.34710e-03 0 0E+00 1.188244E+03 0E+00 109.35722167156028
3.42884e+01 5.34671e-03 0 0E+00 1.188158E+03 0E+00 109.36519841173356
3.43588e+01 5.34575e-03 0 0E+00 1.187944E+03 0E+00 109.38483842304633
3.44293e+01 5.34452e-03 0 0E+00 1.187671E+03 0E+00 109.41001249878379
3.44998e+01 5.34389e-03 0 0E+00 1.187531E+03 0E+00 109.42291102548892
3.45702e+01 5.34370e-03 0 0E+00 1.187489E+03 0E+00 109.42680165428447
3.46406e+01 5.34294e-03 0 0E+00 1.18732E+03 0E+00 109.44236693655552
3.47111e+01 5.34183e-03 0 0E+00 1.187073E+03 0E+00 109.46510839918155
3.47815e+01 5.34071e-03 0 0E+00 1.186824E+03 0E+00 109.48806432103595
3.48520e+01 5.34027e-03 0 0E+00 1.186727E+03 0E+00 109.49708535336227
3.49224e+01 5.33931e-03 0 0E+00 1.186513E+03 0E+00 109.51677276651851
3.49929e+01 5.33889e-03 0 0E+00 1.18642E+03 0E+00 109.52538823613148
3.50633e+01 5.33853e-03 0 0E+00 1.18634E+03 0E+00 109.53277400333049
3.51338e+01 5.33738e-03 0 0E+00 1.186084E+03 0E+00 109.55637410115074
3.52042e+01 5.33555e-03 0 0E+00 1.185678E+03 0E+00 109.5939500145252
3.52747e+01 5.33440e-03 0 0E+00 1.185422E+03 0E+00 109.61757648470304
3.53452e+01 5.33397e-03 0 0E+00 1.185327E+03 0E+00 109.62641334690669
3.54156e+01 5.33445e-03 0 0E+00 1.185433E+03 0E+00 109.61654903504576
3.54861e+01 5.33318e-03 0 0E+00 1.185151E+03 0E+00 109.6426522262515
3.55565e+01 5.33200e-03 0 0E+00 1.184889E+03 0E+00 109.66691672918229
3.56270e+01 5.33151e-03 0 0E+00 1.18478E+03 0E+00 109.67699582294695
3.56974e+01 5.33070e-03 0 0E+00 1.1846E+03 0E+00 109.69366124523982
3.57679e+01 5.32972e-03 0 0E+00 1.184382E+03 0E+00 109.71383112058419
3.58384e+01 5.32966e-03 0 0E+00 1.184369E+03 0E+00 109.71506625188097
3.59088e+01 5.32875e-03 0 0E+00 1.184167E+03 0E+00 109.73380248651183
3.59793e+01 5.32758e-03 0 0E+00 1.183907E+03 0E+00 109.75790133606627
3.60497e+01 5.32675e-03 0 0E+00 1.183722E+03 0E+00 109.77500351996996
3.61202e+01 5.32535e-03 0 0E+00 1.183411E+03 0E+00 109.80386265691455
3.61906e+01 5.32516e-03 0 0E+00 1.183369E+03 0E+00 109.807780423499
3.62611e+01 5.32536e-03 0 0E+00 1.183413E+03 0E+00 109.80365646641728
3.63315e+01 5.32347e-03 0 0E+00 1.182993E+03 0E+00 109.84264023278048
3.64020e+01 5.32249e-03 0 0E+00 1.182776E+03 0E+00 109.86286493727559
3.64724e+01 5.32206e-03 0 0E+00 1.18268E+03 0E+00 109.87174139337023
3.65429e+01 5.32235e-03 0 0E+00 1.182744E+03 0E+00 109.8657547887681
3.66133e+01 5.32157e-03 0 0E+00 1.182571E+03 0E+00 109.88185817343376
3.66838e+01 5.32055e-03 0 0E+00 1.182344E+03 0E+00 109.90292356993166
3.67543e+01 5.32012e-03 0 0E+00 1.182249E+03 0E+00 109.91180650060524
3.68247e+01 5.31992e-03 0 0E+00 1.182204E+03 0E+00 109.91593858554263
3.68952e+01 5.31938e-03 0 0E+00 1.182084E+03 0E+00 109.92709676691642
3.69656e+01 5.31827e-03 0 0E+00 1.181838E+03 0E+00 109.95004014463349
3.70361e+01 5.31869e-03 0 0E+00 1.181931E+03 0E+00 109.94135774034582
3.71065e+01 5.31756e-03 0 0E+00 1.18168E+03 0E+00 109.96472066135595
3.71770e+01 5.31615e-03 0 0E+00 1.181367E+03 0E+00 109.9938865532387
3.72474e+01 5.31475e-03 0 0E+00 1.181056E+03 0E+00 110.02286090596922
3.73179e+01 5.31412e-03 0 0E+00 1.180916E+03 0E+00 110.0359043454043
3.73883e+01 5.31336e-03 0 0E+00 1.180747E+03 0E+00 110.05164340455003
3.74587e+01 5.31239e-03 0 0E+00 1.180531E+03 0E+00 110.0717379559859
3.75292e+01 5.31228e-03 0 0E+00 1.180507E+03 0E+00 110.07401718282921
3.75996e+01 5.31121e-03 0 0E+00 1.180269E+03 0E+00 110.09619276963251
3.76701e+01 5.31108e-03 0 0E+00 1.18024E+03 0E+00 110.09888760854665
3.77405e+01 5.31100e-03 0 0E+00 1.180222E+03 0E+00 110.10054603652796
3.78110e+01 5.31014e-03 0 0E+00 1.180031E+03 0E+00 110.11837729325403
3.78815e+01 5.31003e-03 0 0E+00 1.180007E+03 0E+00 110.12065845202379
3.79519e+01 5.30867e-03 0 0E+00 1.179704E+03 0E+00 110.14886967922286
3.80223e+01 5.30733e-03 0 0E+00 1.179407E+03 0E+00 110.17668017628449
3.80928e+01 5.30660e-03 0 0E+00 1.179244E+03 0E+00 110.19183658086156
3.81632e+01 5.30682e-03 0 0E+00 1.179293E+03 0E+00 110.18726845832342
3.82337e+01 5.30587e-03 0 0E+00 1.179082E+03 0E+00 110.20699715598006
3.83042e+01 5.30622e-03 0 0E+00 1.17916E+03 0E+00 110.19972786654151
3.83746e+01 5.30483e-03 0 0E+00 1.178851E+03 0E+00 110.22860299010523
3.84451e+01 5.30431e-03 0 0E+00 1.178736E+03 0E+00 110.23940908431068
3.85155e+01 5.30441e-03 0 0E+00 1.178758E+03 0E+00 110.23733082472884
3.85860e+01 5.30327e-03 0 0E+00 1.178504E+03 0E+00 110.26102763012254
3.86565e+01 5.30303e-03 0 0E+00 1.178451E+03 0E+00 110.2660177294867
3.87269e+01 5.30173e-03 0 0E+00 1.178162E+03 0E+00 110.29305528572748
3.87974e+01 5.30089e-03 0 0E+00 1.177976E+03 0E+00 110.31053275959319
3.88678e+01 5.30088e-03 0 0E+00 1.177973E+03 0E+00 110.31074085812166
3.89383e+01 5.30059e-03 0 0E+00 1.177909E+03 0E+00 110.31677605700496
3.90087e+01 5.29989e-03 0 0E+00 1.177753E+03 0E+00 110.33134649964433
3.90792e+01 5.30019e-03 0 0E+00 1.17782E+03 0E+00 110.32510155296319
3.91496e+01 5.29737e-03 0 0E+00 1.177193E+03 0E+00 110.3838319769999
3.92201e+01 5.29648e-03 0 0E+00 1.176996E+03 0E+00 110.4023804489019
3.92906e+01 5.29433e-03 0 0E+00 1.176518E+03 0E+00 110.44721428396038
3.93610e+01 5.29315e-03 0 0E+00 1.176256E+03 0E+00 110.47183624117963
3.94315e+01 5.29260e-03 0 0E+00 1.176133E+03 0E+00 110.4833163284586
3.95019e+01 5.29156e-03 0 0E+00 1.175902E+03 0E+00 110.50503065258637
3.95724e+01 5.29053e-03 0 0E+00 1.175673E+03 0E+00 110.52654459950136
3.96429e+01 5.28998e-03 0 0E+00 1.175551E+03 0E+00 110.53803606062782
3.97134e+01 5.28908e-03 0 0E+00 1.175351E+03 0E+00 110.5568454249132
3.97838e+01 5.28855e-03 0 0E+00 1.175233E+03 0E+00 110.5679250456174
3.98543e+01 5.28889e-03 0 0E+00 1.175309E+03 0E+00 110.56081710907202
3.99247e+01 5.28806e-03 0 0E+00 1.175124E+03 0E+00 110.57817044435954
3.99952e+01 5.28607e-03 0 0E+00 1.174682E+03 0E+00 110.61979882975442
4.00656e+01 5.28537e-03 0 0E+00 1.174527E+03 0E+00 110.63444943305765
4.01361e+01 5.28525e-03 0 0E+00 1.1745E+03 0E+00 110.63696135471358
4.02065e+01 5.28497e-03 0 0E+00 1.174438E+03 0E+00 110.64282294885305
4.02770e+01 5.28468e-03 0 0E+00 1.174373E+03 0E+00 110.6488945404452
4.03474e+01 5.28372e-03 0 0E+00 1.17416E+03 0E+00 110.668998357218
4.04179e+01 5.28370e-03 0 0E+00 1.174156E+03 0E+00 110.66941726441698
4.04883e+01 5.28364e-03 0 0E+00 1.174142E+03 0E+00 110.67067400504196
4.05588e+01 5.28222e-03 0 0E+00 1.173827E+03 0E+00 110.7004252000106
4.06292e+01 5.28168e-03 0 0E+00 1.173707E+03 0E+00 110.71174323321365
4.06997e+01 5.28113e-03 0 0E+00 1.173584E+03 0E+00 110.72327323887122
4.07701e+01 5.28059e-03 0 0E+00 1.173464E+03 0E+00 110.73459594477131
4.08406e+01 5.27973e-03 0 0E+00 1.173273E+03 0E+00 110.75263318389386
4.09111e+01 5.27934e-03 0 0E+00 1.173187E+03 0E+00 110.76081479881952
4.09815e+01 5.27730e-03 0 0E+00 1.172733E+03 0E+00 110.80363064445832
4.10520e+01 5.27634e-03 0 0E+00 1.17252E+03 0E+00 110.82379073372829
4.11224e+01 5.27586e-03 0 0E+00 1.172413E+03 0E+00 110.83387352962359
4.11929e+01 5.27609e-03 0 0E+00 1.172464E+03 0E+00 110.82904196099763
4.12633e+01 5.27524e-03 0 0E+00 1.172276E+03 0E+00 110.84689985668898
4.13338e+01 5.27367e-03 0 0E+00 1.171927E+03 0E+00 110.87989957657568
4.14042e+01 5.27423e-03 0 0E+00 1.172051E+03 0E+00 110.8681267218153
4.14747e+01 5.27267e-03 0 0E+00 1.171704E+03 0E+00 110.90092875146746
4.15451e+01 5.27166e-03 0 0E+00 1.17148E+03 0E+00 110.92217631637851
4.16156e+01 5.27099e-03 0 0E+00 1.171331E+03 0E+00 110.93627572808903
4.16860e+01 5.27006e-03 0 0E+00 1.171124E+03 0E+00 110.95585249503799
4.17565e+01 5.26875e-03 0 0E+00 1.170833E+03 0E+00 110.98344009489915
4.18269e+01 5.26924e-03 0 0E+00 1.170942E+03 0E+00 110.97311946314838
4.18973e+01 5.26778e-03 0 0E+00 1.170618E+03 0E+00 111.00387639574924
4.19678e+01 5.26707e-03 0 0E+00 1.17046E+03 0E+00 111.0188396964536
4.20382e+01 5.26607e-03 0 0E+00 1.170238E+03 0E+00 111.0399216113724
4.21087e+01 5.26583e-03 0 0E+00 1.170184E+03 0E+00 111.04498246240382
4.21791e+01 5.26495e-03 0 0E+00 1.169989E+03 0E+00 111.06354286365492
4.22496e+01 5.26372e-03 0 0E+00 1.169716E+03 0E+00 111.08949564186543
4.23200e+01 5.26316e-03 0 0E+00 1.169591E+03 0E+00 111.10131555947376
4.23905e+01 5.26258e-03 0 0E+00 1.169462E+03 0E+00 111.11356026891751
4.24610e+01 5.26131e-03 0 0E+00 1.16918E+03 0E+00 111.14038138790528
4.25314e+01 5.26103e-03 0 0E+00 1.169118E+03 0E+00 111.14629644765378
