V(__) I(__) lux CurrC oeff. CurrA/m^-2. lux/m^-1
0.00000e+00 -3.78304e-07 0 -0E+00 -8.406756E-02 0E+00 
2.50000e-01 1.54019e-03 0 0E+00 3.422644E+02 0E+00 
5.00000e-01 3.10131e-03 0 0E+00 6.8918E+02 0E+00 
7.50000e-01 4.64897e-03 0 0E+00 1.033104E+03 0E+00 
1.00000e+00 6.22985e-03 0 0E+00 1.384411E+03 0E+00 
1.25000e+00 7.69038e-03 0 0E+00 1.708973E+03 0E+00 
1.50000e+00 7.11000e-03 0 0E+00 1.58E+03 0E+00 
1.75000e+00 7.55115e-03 0 0E+00 1.678033E+03 0E+00 
2.00000e+00 8.64341e-03 0 0E+00 1.920758E+03 0E+00 
2.25000e+00 9.71868e-03 0 0E+00 2.159707E+03 0E+00 
2.50000e+00 1.09836e-02 0 0E+00 2.4408E+03 0E+00 
2.75000e+00 1.22746e-02 0 0E+00 2.727689E+03 0E+00 
3.00000e+00 1.35466e-02 0 0E+00 3.010356E+03 0E+00 
3.25000e+00 1.51170e-02 0 0E+00 3.359333E+03 0E+00 
3.50000e+00 1.61994e-02 0 0E+00 3.599867E+03 0E+00 
3.75000e+00 1.69151e-02 0 0E+00 3.758911E+03 0E+00 
4.00000e+00 1.79229e-02 0 0E+00 3.982867E+03 0E+00 
4.25000e+00 1.89611e-02 0 0E+00 4.213578E+03 0E+00 
4.50000e+00 2.00955e-02 0 0E+00 4.465667E+03 0E+00 
4.75000e+00 2.12782e-02 0 0E+00 4.728489E+03 0E+00 
5.00000e+00 2.26155e-02 0 0E+00 5.025667E+03 0E+00 
5.25000e+00 2.39361e-02 0 0E+00 5.319133E+03 0E+00 
5.50000e+00 2.52933e-02 0 0E+00 5.620733E+03 0E+00 
5.75000e+00 2.66279e-02 0 0E+00 5.917311E+03 0E+00 
6.00000e+00 2.80118e-02 0 0E+00 6.224844E+03 0E+00 
6.25000e+00 2.93723e-02 0 0E+00 6.527178E+03 0E+00 
6.50000e+00 3.07085e-02 0 0E+00 6.824111E+03 0E+00 
6.75000e+00 3.21527e-02 0 0E+00 7.145044E+03 0E+00 
7.00000e+00 3.36109e-02 0 0E+00 7.469089E+03 0E+00 
7.25000e+00 3.50884e-02 0 0E+00 7.797422E+03 0E+00 
7.50000e+00 3.65388e-02 0 0E+00 8.119733E+03 0E+00 
7.75000e+00 3.80209e-02 0 0E+00 8.449089E+03 0E+00 
8.00000e+00 3.94498e-02 0 0E+00 8.766622E+03 0E+00 
8.25000e+00 4.09297e-02 0 0E+00 9.095489E+03 0E+00 
8.50000e+00 4.24111e-02 0 0E+00 9.424689E+03 0E+00 
8.75000e+00 4.39520e-02 0 0E+00 9.767111E+03 0E+00 
9.00000e+00 4.54579e-02 0 0E+00 1.010176E+04 0E+00 
9.25000e+00 4.70039e-02 0 0E+00 1.044531E+04 0E+00 
9.50000e+00 4.85714e-02 0 0E+00 1.079364E+04 0E+00 
9.75000e+00 5.01131e-02 0 0E+00 1.113624E+04 0E+00 
1.00000e+01 5.16441e-02 0 0E+00 1.147647E+04 0E+00 
1.02500e+01 5.31877e-02 0 0E+00 1.181949E+04 0E+00 
1.05000e+01 5.47471e-02 0 0E+00 1.216602E+04 0E+00 
1.07500e+01 5.63695e-02 0 0E+00 1.252656E+04 0E+00 
1.10000e+01 5.79585e-02 0 0E+00 1.287967E+04 0E+00 
1.12500e+01 5.96113e-02 0 0E+00 1.324696E+04 0E+00 
1.15000e+01 6.12074e-02 0 0E+00 1.360164E+04 0E+00 
1.17500e+01 6.29120e-02 0 0E+00 1.398044E+04 0E+00 
1.20000e+01 6.45833e-02 0 0E+00 1.435184E+04 0E+00 
1.22500e+01 6.62816e-02 0 0E+00 1.472924E+04 0E+00 
1.25000e+01 6.79028e-02 0 0E+00 1.508951E+04 0E+00 
1.27500e+01 6.96580e-02 0 0E+00 1.547956E+04 0E+00 
1.30000e+01 7.13742e-02 0 0E+00 1.586093E+04 0E+00 
1.32500e+01 7.30977e-02 0 0E+00 1.624393E+04 0E+00 
1.35000e+01 7.49899e-02 0 0E+00 1.666442E+04 0E+00 
1.37500e+01 7.72166e-02 0 0E+00 1.715924E+04 0E+00 
1.40000e+01 7.92674e-02 0 0E+00 1.761498E+04 0E+00 
1.42500e+01 8.13077e-02 0 0E+00 1.806838E+04 0E+00 
1.45000e+01 8.31394e-02 0 0E+00 1.847542E+04 0E+00 
1.47500e+01 8.47259e-02 0 0E+00 1.882798E+04 0E+00 
1.50000e+01 8.65160e-02 0 0E+00 1.922578E+04 0E+00 
