V(__) I(__) lux CurrC oeff. CurrA/m^-2. lux/m^-1
1.20000e+01 1.39909e-04 188.8 1.349449E+06 3.109089E+01 4.195556E+07 
1.20000e+01 1.38460e-04 185.8 1.341904E+06 3.076889E+01 4.128889E+07 
1.20000e+01 1.40891e-04 183.8 1.304555E+06 3.130911E+01 4.084444E+07 
1.20000e+01 1.40943e-04 180.8 1.282788E+06 3.132067E+01 4.017778E+07 
1.20000e+01 1.41881e-04 178.7 1.259506E+06 3.152911E+01 3.971111E+07 
1.20000e+01 1.43641e-04 176.7 1.23015E+06 3.192022E+01 3.926667E+07 
1.20000e+01 1.44222e-04 175.7 1.218261E+06 3.204933E+01 3.904444E+07 
1.20000e+01 1.44072e-04 173.7 1.205647E+06 3.2016E+01 3.86E+07 
1.20000e+01 1.44278e-04 171.7 1.190064E+06 3.206178E+01 3.815556E+07 
1.20000e+01 1.45496e-04 170.7 1.173228E+06 3.233244E+01 3.793333E+07 
1.20000e+01 1.46168e-04 168.7 1.154151E+06 3.248178E+01 3.748889E+07 
      
