V(__) I(__) lux CurrC oeff. CurrA/m^-2. lux/m^-1
1.00000e+01 4.90816e-05 57.12 1.163776E+06 1.090702E+01 1.269333E+07 
1.00000e+01 5.15321e-05 57.12 1.108435E+06 1.145158E+01 1.269333E+07 
1.00000e+01 5.53968e-05 57.12 1.031106E+06 1.23104E+01 1.269333E+07 
1.00000e+01 5.30306e-05 57.12 1.077114E+06 1.178458E+01 1.269333E+07 
1.00000e+01 5.77120e-05 57.12 9.897422E+05 1.282489E+01 1.269333E+07 
1.00000e+01 4.84556e-05 57.12 1.178811E+06 1.076791E+01 1.269333E+07 
1.00000e+01 5.44351e-05 57.12 1.049323E+06 1.209669E+01 1.269333E+07 
1.00000e+01 5.72257e-05 57.12 9.981529E+05 1.271682E+01 1.269333E+07 
1.00000e+01 6.06117e-05 57.12 9.423923E+05 1.346927E+01 1.269333E+07 
1.00000e+01 6.01850e-05 57.12 9.490737E+05 1.337444E+01 1.269333E+07 
1.00000e+01 5.80187e-05 57.12 9.845102E+05 1.289304E+01 1.269333E+07 
1.00000e+01 5.41071e-05 57.12 1.055684E+06 1.20238E+01 1.269333E+07 
      
