>>head<<dt(__) 	 I(__) 	 lux 	 CurrCoeff. 	 CurrA/m^-2. 	 lux/m^-2 	 %lux/m^-2
4.30000e-05	5.11475e-03 	 0 	 0E+00 	 1.136611E+03	0E+00	100.0
7.04710e-02	5.09409e-03 	 0 	 0E+00 	 1.13202E+03	0E+00	99.5960701891588
1.40858e-01	5.07615e-03 	 0 	 0E+00 	 1.128033E+03	0E+00	99.24531990810888
2.11221e-01	5.06347e-03 	 0 	 0E+00 	 1.125216E+03	0E+00	98.99740945305244
2.81582e-01	5.05314e-03 	 0 	 0E+00 	 1.12292E+03	0E+00	98.79544454763185
3.51939e-01	5.04505e-03 	 0 	 0E+00 	 1.121122E+03	0E+00	98.63727454909818
4.22289e-01	5.03723e-03 	 0 	 0E+00 	 1.119384E+03	0E+00	98.48438340094823
4.92621e-01	5.02989e-03 	 0 	 0E+00 	 1.117753E+03	0E+00	98.34087687570262
5.62966e-01	5.02356e-03 	 0 	 0E+00 	 1.116347E+03	0E+00	98.21711716115156
6.33319e-01	5.01841e-03 	 0 	 0E+00 	 1.115202E+03	0E+00	98.11642797790702
7.03645e-01	5.01203e-03 	 0 	 0E+00 	 1.113784E+03	0E+00	97.9916906984701
7.73977e-01	5.00813e-03 	 0 	 0E+00 	 1.112918E+03	0E+00	97.91544063737231
8.44334e-01	5.00290e-03 	 0 	 0E+00 	 1.111756E+03	0E+00	97.81318735031037
9.14662e-01	4.99926e-03 	 0 	 0E+00 	 1.110947E+03	0E+00	97.7420206266191
9.84991e-01	4.99529e-03 	 0 	 0E+00 	 1.110064E+03	0E+00	97.66440197468107
1.05533e+00	4.99115e-03 	 0 	 0E+00 	 1.109144E+03	0E+00	97.58345960213109
1.12568e+00	4.98736e-03 	 0 	 0E+00 	 1.108302E+03	0E+00	97.50936018378218
1.19601e+00	4.98547e-03 	 0 	 0E+00 	 1.107882E+03	0E+00	97.47240823109632
1.26633e+00	4.98111e-03 	 0 	 0E+00 	 1.106913E+03	0E+00	97.38716457304854
1.33668e+00	4.97908e-03 	 0 	 0E+00 	 1.106462E+03	0E+00	97.34747543868224
1.40703e+00	4.97571e-03 	 0 	 0E+00 	 1.105713E+03	0E+00	97.28158756537465
1.47738e+00	4.97312e-03 	 0 	 0E+00 	 1.105138E+03	0E+00	97.23094970428662
1.54771e+00	4.96966e-03 	 0 	 0E+00 	 1.104369E+03	0E+00	97.16330221418445
1.61803e+00	4.96804e-03 	 0 	 0E+00 	 1.104009E+03	0E+00	97.1316291118823
1.68838e+00	4.96509e-03 	 0 	 0E+00 	 1.103353E+03	0E+00	97.07395278361601
1.75871e+00	4.96393e-03 	 0 	 0E+00 	 1.103096E+03	0E+00	97.05127327826385
1.82906e+00	4.96055e-03 	 0 	 0E+00 	 1.102344E+03	0E+00	96.98518989197908
1.89941e+00	4.95956e-03 	 0 	 0E+00 	 1.102124E+03	0E+00	96.96583410723886
1.96978e+00	4.95672e-03 	 0 	 0E+00 	 1.101493E+03	0E+00	96.9103084217215
2.04027e+00	4.95485e-03 	 0 	 0E+00 	 1.101078E+03	0E+00	96.87374749498997
2.11074e+00	4.95219e-03 	 0 	 0E+00 	 1.100487E+03	0E+00	96.82174104306173
2.18118e+00	4.94975e-03 	 0 	 0E+00 	 1.099944E+03	0E+00	96.7740358766313
2.25164e+00	4.94781e-03 	 0 	 0E+00 	 1.099513E+03	0E+00	96.73610635905958
2.32210e+00	4.94652e-03 	 0 	 0E+00 	 1.099227E+03	0E+00	96.71088518500416
2.39249e+00	4.94299e-03 	 0 	 0E+00 	 1.098442E+03	0E+00	96.64186910406178
2.46294e+00	4.94237e-03 	 0 	 0E+00 	 1.098304E+03	0E+00	96.62974729947699
2.53340e+00	4.93986e-03 	 0 	 0E+00 	 1.097747E+03	0E+00	96.58067354220636
2.60386e+00	4.93812e-03 	 0 	 0E+00 	 1.09736E+03	0E+00	96.5466542841781
2.67430e+00	4.93623e-03 	 0 	 0E+00 	 1.09694E+03	0E+00	96.50970233149224
2.74476e+00	4.93419e-03 	 0 	 0E+00 	 1.096487E+03	0E+00	96.46981768414878
2.81521e+00	4.93188e-03 	 0 	 0E+00 	 1.095973E+03	0E+00	96.4246541864216
2.88562e+00	4.93103e-03 	 0 	 0E+00 	 1.095784E+03	0E+00	96.40803558336184
2.95607e+00	4.92956e-03 	 0 	 0E+00 	 1.095458E+03	0E+00	96.37929517571729
3.02650e+00	4.92918e-03 	 0 	 0E+00 	 1.095373E+03	0E+00	96.37186568258468
3.09700e+00	4.92638e-03 	 0 	 0E+00 	 1.094751E+03	0E+00	96.317122048976
3.16744e+00	4.92460e-03 	 0 	 0E+00 	 1.094356E+03	0E+00	96.28232073903905
3.23789e+00	4.92192e-03 	 0 	 0E+00 	 1.09376E+03	0E+00	96.22992326115644
3.30831e+00	4.92053e-03 	 0 	 0E+00 	 1.093451E+03	0E+00	96.2027469573293
3.37877e+00	4.91927e-03 	 0 	 0E+00 	 1.093171E+03	0E+00	96.17811232220538
3.44922e+00	4.91823e-03 	 0 	 0E+00 	 1.09294E+03	0E+00	96.1577789725793
3.51965e+00	4.91697e-03 	 0 	 0E+00 	 1.09266E+03	0E+00	96.13314433745538
3.59008e+00	4.91664e-03 	 0 	 0E+00 	 1.092587E+03	0E+00	96.12669240920866
3.66054e+00	4.91361e-03 	 0 	 0E+00 	 1.091913E+03	0E+00	96.06745197712497
3.73100e+00	4.91151e-03 	 0 	 0E+00 	 1.091447E+03	0E+00	96.02639425191846
3.80145e+00	4.90969e-03 	 0 	 0E+00 	 1.091042E+03	0E+00	95.99081089007284
3.87191e+00	4.90824e-03 	 0 	 0E+00 	 1.09072E+03	0E+00	95.96246150838262
3.94234e+00	4.90719e-03 	 0 	 0E+00 	 1.090487E+03	0E+00	95.94193264577935
4.01279e+00	4.90608e-03 	 0 	 0E+00 	 1.09024E+03	0E+00	95.92023070531307
4.08323e+00	4.90424e-03 	 0 	 0E+00 	 1.089831E+03	0E+00	95.88425631751306
4.15364e+00	4.90312e-03 	 0 	 0E+00 	 1.089582E+03	0E+00	95.8623588640696
4.22410e+00	4.90136e-03 	 0 	 0E+00 	 1.089191E+03	0E+00	95.82794858008698
4.29453e+00	4.90083e-03 	 0 	 0E+00 	 1.089073E+03	0E+00	95.81758639229677
4.36500e+00	4.89876e-03 	 0 	 0E+00 	 1.088613E+03	0E+00	95.7771152060218
4.43544e+00	4.89741e-03 	 0 	 0E+00 	 1.088313E+03	0E+00	95.75072095410331
4.50589e+00	4.89569e-03 	 0 	 0E+00 	 1.087931E+03	0E+00	95.71709272202942
4.57633e+00	4.89421e-03 	 0 	 0E+00 	 1.087602E+03	0E+00	95.6881568014077
4.64678e+00	4.89421e-03 	 0 	 0E+00 	 1.087602E+03	0E+00	95.6881568014077
4.71726e+00	4.89283e-03 	 0 	 0E+00 	 1.087296E+03	0E+00	95.66117601055768
4.78772e+00	4.89087e-03 	 0 	 0E+00 	 1.08686E+03	0E+00	95.62285546703163
4.85817e+00	4.88861e-03 	 0 	 0E+00 	 1.086358E+03	0E+00	95.57866953419033
4.92861e+00	4.88921e-03 	 0 	 0E+00 	 1.086491E+03	0E+00	95.59040031282076
4.99906e+00	4.88701e-03 	 0 	 0E+00 	 1.086002E+03	0E+00	95.5473874578425
5.06952e+00	4.88600e-03 	 0 	 0E+00 	 1.085778E+03	0E+00	95.52764064714795
5.13997e+00	4.88524e-03 	 0 	 0E+00 	 1.085609E+03	0E+00	95.51278166088274
5.21043e+00	4.88234e-03 	 0 	 0E+00 	 1.084964E+03	0E+00	95.45608289750231
5.28087e+00	4.88214e-03 	 0 	 0E+00 	 1.08492E+03	0E+00	95.45217263795884
5.35133e+00	4.88075e-03 	 0 	 0E+00 	 1.084611E+03	0E+00	95.42499633413166
5.42173e+00	4.87979e-03 	 0 	 0E+00 	 1.084398E+03	0E+00	95.40622708832298
5.49219e+00	4.87842e-03 	 0 	 0E+00 	 1.084093E+03	0E+00	95.37944181045015
5.56264e+00	4.87760e-03 	 0 	 0E+00 	 1.083911E+03	0E+00	95.3634097463219
5.63310e+00	4.87651e-03 	 0 	 0E+00 	 1.083669E+03	0E+00	95.34209883180995
5.70355e+00	4.87493e-03 	 0 	 0E+00 	 1.083318E+03	0E+00	95.3112077814165
5.77399e+00	4.87352e-03 	 0 	 0E+00 	 1.083004E+03	0E+00	95.28364045163497
5.84446e+00	4.87246e-03 	 0 	 0E+00 	 1.082769E+03	0E+00	95.26291607605454
5.91490e+00	4.87208e-03 	 0 	 0E+00 	 1.082684E+03	0E+00	95.25548658292193
5.98537e+00	4.87181e-03 	 0 	 0E+00 	 1.082624E+03	0E+00	95.25020773253823
6.05579e+00	4.86876e-03 	 0 	 0E+00 	 1.081947E+03	0E+00	95.1905762745002
6.12622e+00	4.86766e-03 	 0 	 0E+00 	 1.081702E+03	0E+00	95.1690698470111
6.19667e+00	4.86530e-03 	 0 	 0E+00 	 1.081178E+03	0E+00	95.12292878439806
6.26713e+00	4.86389e-03 	 0 	 0E+00 	 1.080864E+03	0E+00	95.09536145461655
6.33759e+00	4.86374e-03 	 0 	 0E+00 	 1.080831E+03	0E+00	95.09242875995893
6.40804e+00	4.86236e-03 	 0 	 0E+00 	 1.080524E+03	0E+00	95.06544796910893
6.47846e+00	4.86084e-03 	 0 	 0E+00 	 1.080187E+03	0E+00	95.03572999657852
6.54892e+00	4.86056e-03 	 0 	 0E+00 	 1.080124E+03	0E+00	95.03025563321765
6.61937e+00	4.85903e-03 	 0 	 0E+00 	 1.079784E+03	0E+00	95.00034214771006
6.68988e+00	4.85874e-03 	 0 	 0E+00 	 1.07972E+03	0E+00	94.99467227137201
6.76033e+00	4.85784e-03 	 0 	 0E+00 	 1.07952E+03	0E+00	94.97707610342637
6.83079e+00	4.85747e-03 	 0 	 0E+00 	 1.079438E+03	0E+00	94.96984212327092
6.90124e+00	4.85614e-03 	 0 	 0E+00 	 1.079142E+03	0E+00	94.9438388973068
6.97171e+00	4.85423e-03 	 0 	 0E+00 	 1.078718E+03	0E+00	94.9064959186666
7.04216e+00	4.85384e-03 	 0 	 0E+00 	 1.078631E+03	0E+00	94.89887091255682
7.11261e+00	4.85294e-03 	 0 	 0E+00 	 1.078431E+03	0E+00	94.88127474461116
7.18307e+00	4.85105e-03 	 0 	 0E+00 	 1.078011E+03	0E+00	94.84432279192531
7.25351e+00	4.85048e-03 	 0 	 0E+00 	 1.077884E+03	0E+00	94.8331785522264
7.32394e+00	4.84890e-03 	 0 	 0E+00 	 1.077533E+03	0E+00	94.80228750183292
7.39441e+00	4.84818e-03 	 0 	 0E+00 	 1.077373E+03	0E+00	94.7882105674764
7.46486e+00	4.84678e-03 	 0 	 0E+00 	 1.077062E+03	0E+00	94.76083875067206
7.53533e+00	4.84455e-03 	 0 	 0E+00 	 1.076567E+03	0E+00	94.7172393567623
7.60574e+00	4.84275e-03 	 0 	 0E+00 	 1.076167E+03	0E+00	94.68204702087101
7.67619e+00	4.84268e-03 	 0 	 0E+00 	 1.076151E+03	0E+00	94.6806784300308
7.74665e+00	4.84141e-03 	 0 	 0E+00 	 1.075869E+03	0E+00	94.6558482819297
7.81710e+00	4.84029e-03 	 0 	 0E+00 	 1.07562E+03	0E+00	94.63395082848623
7.88756e+00	4.84005e-03 	 0 	 0E+00 	 1.075567E+03	0E+00	94.62925851703406
7.95802e+00	4.83685e-03 	 0 	 0E+00 	 1.074856E+03	0E+00	94.56669436433843
8.02849e+00	4.83575e-03 	 0 	 0E+00 	 1.074611E+03	0E+00	94.5451879368493
8.09894e+00	4.83560e-03 	 0 	 0E+00 	 1.074578E+03	0E+00	94.54225524219169
8.16936e+00	4.83480e-03 	 0 	 0E+00 	 1.0744E+03	0E+00	94.52661420401779
8.23983e+00	4.83393e-03 	 0 	 0E+00 	 1.074207E+03	0E+00	94.50960457500366
8.31025e+00	4.83248e-03 	 0 	 0E+00 	 1.073884E+03	0E+00	94.48125519331344
8.38071e+00	4.83145e-03 	 0 	 0E+00 	 1.073656E+03	0E+00	94.46111735666454
8.45114e+00	4.82967e-03 	 0 	 0E+00 	 1.07326E+03	0E+00	94.4263160467276
8.52159e+00	4.82899e-03 	 0 	 0E+00 	 1.073109E+03	0E+00	94.41302116427978
8.59204e+00	4.82834e-03 	 0 	 0E+00 	 1.072964E+03	0E+00	94.40031282076347
8.66246e+00	4.82674e-03 	 0 	 0E+00 	 1.072609E+03	0E+00	94.36903074441567
8.73292e+00	4.82575e-03 	 0 	 0E+00 	 1.072389E+03	0E+00	94.34967495967545
8.80337e+00	4.82491e-03 	 0 	 0E+00 	 1.072202E+03	0E+00	94.33325186959284
8.87382e+00	4.82346e-03 	 0 	 0E+00 	 1.07188E+03	0E+00	94.30490248790262
8.94425e+00	4.82311e-03 	 0 	 0E+00 	 1.071802E+03	0E+00	94.29805953370155
9.01470e+00	4.82193e-03 	 0 	 0E+00 	 1.07154E+03	0E+00	94.27498900239503
9.08511e+00	4.82057e-03 	 0 	 0E+00 	 1.071238E+03	0E+00	94.24839923749937
9.15557e+00	4.81974e-03 	 0 	 0E+00 	 1.071053E+03	0E+00	94.23217166039396
9.22602e+00	4.81952e-03 	 0 	 0E+00 	 1.071004E+03	0E+00	94.22787037489613
9.29648e+00	4.81817e-03 	 0 	 0E+00 	 1.070704E+03	0E+00	94.20147612297765
9.36693e+00	4.81743e-03 	 0 	 0E+00 	 1.07054E+03	0E+00	94.1870081626668
9.43739e+00	4.81608e-03 	 0 	 0E+00 	 1.07024E+03	0E+00	94.16061391074832
9.50784e+00	4.81523e-03 	 0 	 0E+00 	 1.070051E+03	0E+00	94.14399530768854
9.57829e+00	4.81436e-03 	 0 	 0E+00 	 1.069858E+03	0E+00	94.12698567867442
9.64872e+00	4.81405e-03 	 0 	 0E+00 	 1.069789E+03	0E+00	94.12092477638203
9.71917e+00	4.81285e-03 	 0 	 0E+00 	 1.069522E+03	0E+00	94.09746321912115
9.78959e+00	4.81085e-03 	 0 	 0E+00 	 1.069078E+03	0E+00	94.0583606236864
9.86002e+00	4.81024e-03 	 0 	 0E+00 	 1.068942E+03	0E+00	94.04643433207879
9.93047e+00	4.80941e-03 	 0 	 0E+00 	 1.068758E+03	0E+00	94.03020675497335
1.00009e+01	4.80878e-03 	 0 	 0E+00 	 1.068618E+03	0E+00	94.01788943741141
1.00714e+01	4.80818e-03 	 0 	 0E+00 	 1.068484E+03	0E+00	94.00615865878096
1.01418e+01	4.80738e-03 	 0 	 0E+00 	 1.068307E+03	0E+00	93.99051762060706
1.02122e+01	4.80632e-03 	 0 	 0E+00 	 1.068071E+03	0E+00	93.96979324502664
1.02827e+01	4.80605e-03 	 0 	 0E+00 	 1.068011E+03	0E+00	93.96451439464293
1.03531e+01	4.80454e-03 	 0 	 0E+00 	 1.067676E+03	0E+00	93.9349919350897
1.04236e+01	4.80420e-03 	 0 	 0E+00 	 1.0676E+03	0E+00	93.92834449386577
1.04940e+01	4.80309e-03 	 0 	 0E+00 	 1.067353E+03	0E+00	93.90664255339948
1.05645e+01	4.80143e-03 	 0 	 0E+00 	 1.066984E+03	0E+00	93.87418739918861
1.06350e+01	4.80114e-03 	 0 	 0E+00 	 1.06692E+03	0E+00	93.86851752285057
1.07054e+01	4.80075e-03 	 0 	 0E+00 	 1.066833E+03	0E+00	93.8608925167408
1.07758e+01	4.79983e-03 	 0 	 0E+00 	 1.066629E+03	0E+00	93.84290532284079
1.08463e+01	4.79747e-03 	 0 	 0E+00 	 1.066104E+03	0E+00	93.79676426022776
1.09168e+01	4.79628e-03 	 0 	 0E+00 	 1.06584E+03	0E+00	93.77349821594407
1.09872e+01	4.79583e-03 	 0 	 0E+00 	 1.06574E+03	0E+00	93.76470013197125
1.10576e+01	4.79453e-03 	 0 	 0E+00 	 1.065451E+03	0E+00	93.73928344493865
1.11281e+01	4.79489e-03 	 0 	 0E+00 	 1.065531E+03	0E+00	93.7463219121169
1.11986e+01	4.79390e-03 	 0 	 0E+00 	 1.065311E+03	0E+00	93.7269661273767
1.12690e+01	4.79370e-03 	 0 	 0E+00 	 1.065267E+03	0E+00	93.72305586783321
1.13395e+01	4.79214e-03 	 0 	 0E+00 	 1.06492E+03	0E+00	93.6925558433941
1.14099e+01	4.78998e-03 	 0 	 0E+00 	 1.06444E+03	0E+00	93.65032504032455
1.14804e+01	4.78963e-03 	 0 	 0E+00 	 1.064362E+03	0E+00	93.64348208612346
1.15508e+01	4.78744e-03 	 0 	 0E+00 	 1.063876E+03	0E+00	93.60066474412237
1.16213e+01	4.78684e-03 	 0 	 0E+00 	 1.063742E+03	0E+00	93.58893396549195
1.16917e+01	4.78618e-03 	 0 	 0E+00 	 1.063596E+03	0E+00	93.57603010899848
1.17622e+01	4.78534e-03 	 0 	 0E+00 	 1.063409E+03	0E+00	93.55960701891588
1.18326e+01	4.78478e-03 	 0 	 0E+00 	 1.063284E+03	0E+00	93.54865829219413
1.19031e+01	4.78479e-03 	 0 	 0E+00 	 1.063287E+03	0E+00	93.5488538051713
1.19735e+01	4.78358e-03 	 0 	 0E+00 	 1.063018E+03	0E+00	93.52519673493327
1.20440e+01	4.78289e-03 	 0 	 0E+00 	 1.062864E+03	0E+00	93.51170633950827
1.21144e+01	4.78245e-03 	 0 	 0E+00 	 1.062767E+03	0E+00	93.50310376851262
1.21849e+01	4.78188e-03 	 0 	 0E+00 	 1.06264E+03	0E+00	93.49195952881371
1.22554e+01	4.78061e-03 	 0 	 0E+00 	 1.062358E+03	0E+00	93.46712938071263
1.23258e+01	4.77899e-03 	 0 	 0E+00 	 1.061998E+03	0E+00	93.43545627841047
1.23962e+01	4.77854e-03 	 0 	 0E+00 	 1.061898E+03	0E+00	93.42665819443766
1.24667e+01	4.77697e-03 	 0 	 0E+00 	 1.061549E+03	0E+00	93.39596265702136
1.25371e+01	4.77710e-03 	 0 	 0E+00 	 1.061578E+03	0E+00	93.39850432572462
1.26075e+01	4.77641e-03 	 0 	 0E+00 	 1.061424E+03	0E+00	93.3850139302996
1.26780e+01	4.77606e-03 	 0 	 0E+00 	 1.061347E+03	0E+00	93.37817097609853
1.27484e+01	4.77542e-03 	 0 	 0E+00 	 1.061204E+03	0E+00	93.3656581455594
1.28188e+01	4.77418e-03 	 0 	 0E+00 	 1.060929E+03	0E+00	93.34141453638985
1.28893e+01	4.77411e-03 	 0 	 0E+00 	 1.060913E+03	0E+00	93.34004594554962
1.29597e+01	4.77347e-03 	 0 	 0E+00 	 1.060771E+03	0E+00	93.32753311501051
1.30302e+01	4.77300e-03 	 0 	 0E+00 	 1.060667E+03	0E+00	93.31834400508335
1.31006e+01	4.77149e-03 	 0 	 0E+00 	 1.060331E+03	0E+00	93.28882154553007
1.31711e+01	4.76997e-03 	 0 	 0E+00 	 1.059993E+03	0E+00	93.25910357299965
1.32415e+01	4.77043e-03 	 0 	 0E+00 	 1.060096E+03	0E+00	93.26809716994964
1.33120e+01	4.76887e-03 	 0 	 0E+00 	 1.059749E+03	0E+00	93.23759714551052
1.33824e+01	4.76857e-03 	 0 	 0E+00 	 1.059682E+03	0E+00	93.2317317561953
1.34529e+01	4.76803e-03 	 0 	 0E+00 	 1.059562E+03	0E+00	93.22117405542792
1.35233e+01	4.76730e-03 	 0 	 0E+00 	 1.0594E+03	0E+00	93.20690160809424
1.35938e+01	4.76602e-03 	 0 	 0E+00 	 1.059116E+03	0E+00	93.18187594701598
1.36642e+01	4.76417e-03 	 0 	 0E+00 	 1.058704E+03	0E+00	93.14570604623881
1.37346e+01	4.76343e-03 	 0 	 0E+00 	 1.05854E+03	0E+00	93.13123808592795
1.38051e+01	4.76429e-03 	 0 	 0E+00 	 1.058731E+03	0E+00	93.1480522019649
1.38755e+01	4.76318e-03 	 0 	 0E+00 	 1.058484E+03	0E+00	93.12635026149859
1.39459e+01	4.76086e-03 	 0 	 0E+00 	 1.057969E+03	0E+00	93.08099125079426
1.40164e+01	4.76045e-03 	 0 	 0E+00 	 1.057878E+03	0E+00	93.07297521873015
1.40868e+01	4.75905e-03 	 0 	 0E+00 	 1.057567E+03	0E+00	93.04560340192579
1.41573e+01	4.75916e-03 	 0 	 0E+00 	 1.057591E+03	0E+00	93.0477540446747
1.42277e+01	4.75777e-03 	 0 	 0E+00 	 1.057282E+03	0E+00	93.02057774084753
1.42981e+01	4.75661e-03 	 0 	 0E+00 	 1.057024E+03	0E+00	92.99789823549537
1.43686e+01	4.75650e-03 	 0 	 0E+00 	 1.057E+03	0E+00	92.99574759274647
1.44391e+01	4.75535e-03 	 0 	 0E+00 	 1.056744E+03	0E+00	92.97326360037148
1.45095e+01	4.75396e-03 	 0 	 0E+00 	 1.056436E+03	0E+00	92.94608729654429
1.45800e+01	4.75386e-03 	 0 	 0E+00 	 1.056413E+03	0E+00	92.94413216677256
1.46504e+01	4.75386e-03 	 0 	 0E+00 	 1.056413E+03	0E+00	92.94413216677256
1.47209e+01	4.75260e-03 	 0 	 0E+00 	 1.056133E+03	0E+00	92.91949753164866
1.47913e+01	4.75194e-03 	 0 	 0E+00 	 1.055987E+03	0E+00	92.90659367515518
1.48618e+01	4.75171e-03 	 0 	 0E+00 	 1.055936E+03	0E+00	92.90209687668019
1.49323e+01	4.75025e-03 	 0 	 0E+00 	 1.055611E+03	0E+00	92.8735519820128
1.50027e+01	4.74944e-03 	 0 	 0E+00 	 1.055431E+03	0E+00	92.85771543086172
1.51135e+01	4.74919e-03 	 0 	 0E+00 	 1.055376E+03	0E+00	92.85282760643237
1.51839e+01	4.74727e-03 	 0 	 0E+00 	 1.054949E+03	0E+00	92.81528911481497
1.52544e+01	4.74678e-03 	 0 	 0E+00 	 1.05484E+03	0E+00	92.80570897893347
1.53248e+01	4.74702e-03 	 0 	 0E+00 	 1.054893E+03	0E+00	92.81040129038564
1.53953e+01	4.74545e-03 	 0 	 0E+00 	 1.054544E+03	0E+00	92.77970575296935
1.54657e+01	4.74461e-03 	 0 	 0E+00 	 1.054358E+03	0E+00	92.76328266288674
1.55362e+01	4.74426e-03 	 0 	 0E+00 	 1.05428E+03	0E+00	92.75643970868566
1.56067e+01	4.74339e-03 	 0 	 0E+00 	 1.054087E+03	0E+00	92.73943007967154
1.56771e+01	4.74265e-03 	 0 	 0E+00 	 1.053922E+03	0E+00	92.72496211936067
1.57476e+01	4.74193e-03 	 0 	 0E+00 	 1.053762E+03	0E+00	92.71088518500416
1.58180e+01	4.74136e-03 	 0 	 0E+00 	 1.053636E+03	0E+00	92.69974094530524
1.58884e+01	4.74000e-03 	 0 	 0E+00 	 1.053333E+03	0E+00	92.6731511804096
1.59589e+01	4.73992e-03 	 0 	 0E+00 	 1.053316E+03	0E+00	92.67158707659219
1.60293e+01	4.73916e-03 	 0 	 0E+00 	 1.053147E+03	0E+00	92.656728090327
1.60997e+01	4.73807e-03 	 0 	 0E+00 	 1.052904E+03	0E+00	92.63541717581504
1.61702e+01	4.73776e-03 	 0 	 0E+00 	 1.052836E+03	0E+00	92.62935627352265
1.62406e+01	4.73691e-03 	 0 	 0E+00 	 1.052647E+03	0E+00	92.61273767046288
1.63111e+01	4.73502e-03 	 0 	 0E+00 	 1.052227E+03	0E+00	92.57578571777702
1.63816e+01	4.73489e-03 	 0 	 0E+00 	 1.052198E+03	0E+00	92.57324404907376
1.64520e+01	4.73473e-03 	 0 	 0E+00 	 1.052162E+03	0E+00	92.57011584143898
1.65224e+01	4.73472e-03 	 0 	 0E+00 	 1.05216E+03	0E+00	92.5699203284618
1.65929e+01	4.73256e-03 	 0 	 0E+00 	 1.05168E+03	0E+00	92.52768952539225
1.66634e+01	4.73177e-03 	 0 	 0E+00 	 1.051504E+03	0E+00	92.5122440001955
1.67338e+01	4.73154e-03 	 0 	 0E+00 	 1.051453E+03	0E+00	92.5077472017205
1.68042e+01	4.73103e-03 	 0 	 0E+00 	 1.05134E+03	0E+00	92.49777603988464
1.68747e+01	4.73029e-03 	 0 	 0E+00 	 1.051176E+03	0E+00	92.48330807957377
1.69452e+01	4.73106e-03 	 0 	 0E+00 	 1.051347E+03	0E+00	92.49836257881616
1.70156e+01	4.73003e-03 	 0 	 0E+00 	 1.051118E+03	0E+00	92.47822474216724
1.70861e+01	4.72893e-03 	 0 	 0E+00 	 1.050873E+03	0E+00	92.45671831467813
1.71565e+01	4.72781e-03 	 0 	 0E+00 	 1.050624E+03	0E+00	92.43482086123466
1.72270e+01	4.72701e-03 	 0 	 0E+00 	 1.050447E+03	0E+00	92.41917982306076
1.72974e+01	4.72591e-03 	 0 	 0E+00 	 1.050202E+03	0E+00	92.39767339557162
1.73678e+01	4.72546e-03 	 0 	 0E+00 	 1.050102E+03	0E+00	92.3888753115988
1.74383e+01	4.72486e-03 	 0 	 0E+00 	 1.049969E+03	0E+00	92.37714453296837
1.75087e+01	4.72459e-03 	 0 	 0E+00 	 1.049909E+03	0E+00	92.37186568258467
1.75792e+01	4.72395e-03 	 0 	 0E+00 	 1.049767E+03	0E+00	92.35935285204555
1.76496e+01	4.72367e-03 	 0 	 0E+00 	 1.049704E+03	0E+00	92.35387848868469
1.77201e+01	4.72360e-03 	 0 	 0E+00 	 1.049689E+03	0E+00	92.35250989784446
1.77905e+01	4.72254e-03 	 0 	 0E+00 	 1.049453E+03	0E+00	92.33178552226404
1.78610e+01	4.72070e-03 	 0 	 0E+00 	 1.049044E+03	0E+00	92.29581113446405
1.79314e+01	4.71968e-03 	 0 	 0E+00 	 1.048818E+03	0E+00	92.27586881079232
1.80019e+01	4.71914e-03 	 0 	 0E+00 	 1.048698E+03	0E+00	92.26531111002492
1.80723e+01	4.71909e-03 	 0 	 0E+00 	 1.048687E+03	0E+00	92.26433354513904
1.81428e+01	4.71883e-03 	 0 	 0E+00 	 1.048629E+03	0E+00	92.25925020773253
1.82132e+01	4.71775e-03 	 0 	 0E+00 	 1.048389E+03	0E+00	92.23813480619775
1.82836e+01	4.71726e-03 	 0 	 0E+00 	 1.04828E+03	0E+00	92.22855467031623
1.83541e+01	4.71696e-03 	 0 	 0E+00 	 1.048213E+03	0E+00	92.22268928100102
1.84245e+01	4.71631e-03 	 0 	 0E+00 	 1.048069E+03	0E+00	92.20998093748472
1.84950e+01	4.71500e-03 	 0 	 0E+00 	 1.047778E+03	0E+00	92.18436873747494
1.85654e+01	4.71489e-03 	 0 	 0E+00 	 1.047753E+03	0E+00	92.18221809472604
1.86359e+01	4.71363e-03 	 0 	 0E+00 	 1.047473E+03	0E+00	92.15758345960212
1.87064e+01	4.71241e-03 	 0 	 0E+00 	 1.047202E+03	0E+00	92.13373087638692
1.87768e+01	4.71296e-03 	 0 	 0E+00 	 1.047324E+03	0E+00	92.14448409013148
1.88473e+01	4.71128e-03 	 0 	 0E+00 	 1.046951E+03	0E+00	92.11163790996626
1.89177e+01	4.71116e-03 	 0 	 0E+00 	 1.046924E+03	0E+00	92.10929175424018
1.89881e+01	4.71123e-03 	 0 	 0E+00 	 1.04694E+03	0E+00	92.1106603450804
1.90586e+01	4.71039e-03 	 0 	 0E+00 	 1.046753E+03	0E+00	92.0942372549978
1.91290e+01	4.71024e-03 	 0 	 0E+00 	 1.04672E+03	0E+00	92.09130456034019
1.91995e+01	4.70925e-03 	 0 	 0E+00 	 1.0465E+03	0E+00	92.07194877559996
1.92699e+01	4.70782e-03 	 0 	 0E+00 	 1.046182E+03	0E+00	92.0439904198641
1.93404e+01	4.70702e-03 	 0 	 0E+00 	 1.046004E+03	0E+00	92.0283493816902
1.94109e+01	4.70518e-03 	 0 	 0E+00 	 1.045596E+03	0E+00	91.99237499389021
1.94813e+01	4.70478e-03 	 0 	 0E+00 	 1.045507E+03	0E+00	91.98455447480328
1.95517e+01	4.70477e-03 	 0 	 0E+00 	 1.045504E+03	0E+00	91.98435896182608
1.96222e+01	4.70385e-03 	 0 	 0E+00 	 1.0453E+03	0E+00	91.96637176792609
1.96926e+01	4.70353e-03 	 0 	 0E+00 	 1.045229E+03	0E+00	91.96011535265653
1.97631e+01	4.70228e-03 	 0 	 0E+00 	 1.044951E+03	0E+00	91.93567623050978
1.98335e+01	4.70191e-03 	 0 	 0E+00 	 1.044869E+03	0E+00	91.92844225035437
1.99039e+01	4.70108e-03 	 0 	 0E+00 	 1.044684E+03	0E+00	91.91221467324893
1.99744e+01	4.70086e-03 	 0 	 0E+00 	 1.044636E+03	0E+00	91.90791338775111
2.00449e+01	4.69996e-03 	 0 	 0E+00 	 1.044436E+03	0E+00	91.89031721980547
2.01153e+01	4.69997e-03 	 0 	 0E+00 	 1.044438E+03	0E+00	91.89051273278264
2.01857e+01	4.69883e-03 	 0 	 0E+00 	 1.044184E+03	0E+00	91.86822425338481
2.02562e+01	4.69857e-03 	 0 	 0E+00 	 1.044127E+03	0E+00	91.86314091597829
2.03266e+01	4.69866e-03 	 0 	 0E+00 	 1.044147E+03	0E+00	91.86490053277285
2.03971e+01	4.69771e-03 	 0 	 0E+00 	 1.043936E+03	0E+00	91.84632679994134
2.04675e+01	4.69647e-03 	 0 	 0E+00 	 1.04366E+03	0E+00	91.82208319077179
2.05380e+01	4.69616e-03 	 0 	 0E+00 	 1.043591E+03	0E+00	91.81602228847939
2.06085e+01	4.69584e-03 	 0 	 0E+00 	 1.04352E+03	0E+00	91.80976587320983
2.06789e+01	4.69538e-03 	 0 	 0E+00 	 1.043418E+03	0E+00	91.80077227625983
2.07494e+01	4.69500e-03 	 0 	 0E+00 	 1.043333E+03	0E+00	91.79334278312723
2.08198e+01	4.69433e-03 	 0 	 0E+00 	 1.043184E+03	0E+00	91.78024341365658
2.08903e+01	4.69388e-03 	 0 	 0E+00 	 1.043084E+03	0E+00	91.77144532968376
2.09607e+01	4.69246e-03 	 0 	 0E+00 	 1.042769E+03	0E+00	91.74368248692507
2.10312e+01	4.69177e-03 	 0 	 0E+00 	 1.042616E+03	0E+00	91.73019209150006
2.11016e+01	4.69181e-03 	 0 	 0E+00 	 1.042624E+03	0E+00	91.73097414340876
2.11721e+01	4.69173e-03 	 0 	 0E+00 	 1.042607E+03	0E+00	91.72941003959137
2.12425e+01	4.69084e-03 	 0 	 0E+00 	 1.042409E+03	0E+00	91.7120093846229
2.13130e+01	4.69027e-03 	 0 	 0E+00 	 1.042282E+03	0E+00	91.70086514492398
2.13834e+01	4.68944e-03 	 0 	 0E+00 	 1.042098E+03	0E+00	91.68463756781856
2.14539e+01	4.68879e-03 	 0 	 0E+00 	 1.041953E+03	0E+00	91.67192922430226
2.15243e+01	4.68859e-03 	 0 	 0E+00 	 1.041909E+03	0E+00	91.66801896475879
2.15947e+01	4.68714e-03 	 0 	 0E+00 	 1.041587E+03	0E+00	91.63966958306857
2.16652e+01	4.68723e-03 	 0 	 0E+00 	 1.041607E+03	0E+00	91.64142919986313
2.17357e+01	4.68533e-03 	 0 	 0E+00 	 1.041184E+03	0E+00	91.6042817342001
2.18061e+01	4.68497e-03 	 0 	 0E+00 	 1.041104E+03	0E+00	91.59724326702184
2.18765e+01	4.68424e-03 	 0 	 0E+00 	 1.040942E+03	0E+00	91.58297081968816
2.19470e+01	4.68439e-03 	 0 	 0E+00 	 1.040976E+03	0E+00	91.58590351434576
2.20174e+01	4.68357e-03 	 0 	 0E+00 	 1.040793E+03	0E+00	91.56987145021749
2.20879e+01	4.68349e-03 	 0 	 0E+00 	 1.040776E+03	0E+00	91.56830734640012
2.21583e+01	4.68248e-03 	 0 	 0E+00 	 1.040551E+03	0E+00	91.54856053570555
2.22288e+01	4.68150e-03 	 0 	 0E+00 	 1.040333E+03	0E+00	91.52940026394252
2.22992e+01	4.68130e-03 	 0 	 0E+00 	 1.040289E+03	0E+00	91.52549000439905
2.23697e+01	4.68098e-03 	 0 	 0E+00 	 1.040218E+03	0E+00	91.51923358912947
2.24401e+01	4.67934e-03 	 0 	 0E+00 	 1.039853E+03	0E+00	91.48716946087295
2.25106e+01	4.67832e-03 	 0 	 0E+00 	 1.039627E+03	0E+00	91.46722713720122
2.25810e+01	4.67880e-03 	 0 	 0E+00 	 1.039733E+03	0E+00	91.47661176010557
2.26515e+01	4.67794e-03 	 0 	 0E+00 	 1.039542E+03	0E+00	91.45979764406863
2.27219e+01	4.67643e-03 	 0 	 0E+00 	 1.039207E+03	0E+00	91.43027518451537
2.27924e+01	4.67594e-03 	 0 	 0E+00 	 1.039098E+03	0E+00	91.42069504863385
2.28629e+01	4.67598e-03 	 0 	 0E+00 	 1.039107E+03	0E+00	91.42147710054253
2.29333e+01	4.67546e-03 	 0 	 0E+00 	 1.038991E+03	0E+00	91.41131042572951
2.30037e+01	4.67552e-03 	 0 	 0E+00 	 1.039004E+03	0E+00	91.41248350359254
2.30742e+01	4.67434e-03 	 0 	 0E+00 	 1.038742E+03	0E+00	91.38941297228604
2.31446e+01	4.67472e-03 	 0 	 0E+00 	 1.038827E+03	0E+00	91.39684246541863
2.32151e+01	4.67352e-03 	 0 	 0E+00 	 1.03856E+03	0E+00	91.37338090815776
2.32855e+01	4.67321e-03 	 0 	 0E+00 	 1.038491E+03	0E+00	91.36732000586538
2.33560e+01	4.67265e-03 	 0 	 0E+00 	 1.038367E+03	0E+00	91.35637127914366
2.34264e+01	4.67228e-03 	 0 	 0E+00 	 1.038284E+03	0E+00	91.34913729898821
2.34969e+01	4.67240e-03 	 0 	 0E+00 	 1.038311E+03	0E+00	91.3514834547143
2.35673e+01	4.67158e-03 	 0 	 0E+00 	 1.038129E+03	0E+00	91.33545139058603
2.36378e+01	4.66998e-03 	 0 	 0E+00 	 1.037773E+03	0E+00	91.30416931423822
2.37082e+01	4.66960e-03 	 0 	 0E+00 	 1.037689E+03	0E+00	91.29673982110563
2.37786e+01	4.67032e-03 	 0 	 0E+00 	 1.037849E+03	0E+00	91.31081675546214
2.38491e+01	4.66939e-03 	 0 	 0E+00 	 1.037642E+03	0E+00	91.29263404858497
2.39195e+01	4.66814e-03 	 0 	 0E+00 	 1.037364E+03	0E+00	91.26819492643824
2.39900e+01	4.66769e-03 	 0 	 0E+00 	 1.037264E+03	0E+00	91.25939684246542
2.40604e+01	4.66707e-03 	 0 	 0E+00 	 1.037127E+03	0E+00	91.24727503788063
2.41309e+01	4.66740e-03 	 0 	 0E+00 	 1.0372E+03	0E+00	91.25372696612737
2.42013e+01	4.66685e-03 	 0 	 0E+00 	 1.037078E+03	0E+00	91.24297375238281
2.42718e+01	4.66606e-03 	 0 	 0E+00 	 1.036902E+03	0E+00	91.22752822718607
2.43422e+01	4.66622e-03 	 0 	 0E+00 	 1.036938E+03	0E+00	91.23065643482084
2.44127e+01	4.66489e-03 	 0 	 0E+00 	 1.036642E+03	0E+00	91.20465320885673
2.44831e+01	4.66486e-03 	 0 	 0E+00 	 1.036636E+03	0E+00	91.2040666699252
2.45536e+01	4.66475e-03 	 0 	 0E+00 	 1.036611E+03	0E+00	91.2019160271763
2.46240e+01	4.66539e-03 	 0 	 0E+00 	 1.036753E+03	0E+00	91.21442885771543
2.46945e+01	4.66334e-03 	 0 	 0E+00 	 1.036298E+03	0E+00	91.17434869739479
2.47649e+01	4.66187e-03 	 0 	 0E+00 	 1.035971E+03	0E+00	91.14560828975023
2.48355e+01	4.66165e-03 	 0 	 0E+00 	 1.035922E+03	0E+00	91.1413070042524
2.49060e+01	4.66066e-03 	 0 	 0E+00 	 1.035702E+03	0E+00	91.12195121951218
2.49764e+01	4.66098e-03 	 0 	 0E+00 	 1.035773E+03	0E+00	91.12820763478176
2.50469e+01	4.65967e-03 	 0 	 0E+00 	 1.035482E+03	0E+00	91.10259543477198
2.51173e+01	4.65898e-03 	 0 	 0E+00 	 1.035329E+03	0E+00	91.08910503934699
2.51878e+01	4.65758e-03 	 0 	 0E+00 	 1.035018E+03	0E+00	91.06173322254263
2.52582e+01	4.65705e-03 	 0 	 0E+00 	 1.0349E+03	0E+00	91.05137103475244
2.53287e+01	4.65756e-03 	 0 	 0E+00 	 1.035013E+03	0E+00	91.0613421965883
2.53991e+01	4.65699e-03 	 0 	 0E+00 	 1.034887E+03	0E+00	91.05019795688938
2.54695e+01	4.65656e-03 	 0 	 0E+00 	 1.034791E+03	0E+00	91.0417908988709
2.55400e+01	4.65550e-03 	 0 	 0E+00 	 1.034556E+03	0E+00	91.02106652329049
2.56105e+01	4.65473e-03 	 0 	 0E+00 	 1.034384E+03	0E+00	91.00601202404809
2.56809e+01	4.65496e-03 	 0 	 0E+00 	 1.034436E+03	0E+00	91.01050882252308
2.57513e+01	4.65325e-03 	 0 	 0E+00 	 1.034056E+03	0E+00	90.97707610342637
2.58218e+01	4.65175e-03 	 0 	 0E+00 	 1.033722E+03	0E+00	90.94774915685026
2.58922e+01	4.65184e-03 	 0 	 0E+00 	 1.033742E+03	0E+00	90.94950877364484
2.59627e+01	4.65156e-03 	 0 	 0E+00 	 1.03368E+03	0E+00	90.94403441028398
2.60331e+01	4.65155e-03 	 0 	 0E+00 	 1.033678E+03	0E+00	90.9438388973068
2.61036e+01	4.65017e-03 	 0 	 0E+00 	 1.033371E+03	0E+00	90.91685810645681
2.61740e+01	4.64966e-03 	 0 	 0E+00 	 1.033258E+03	0E+00	90.90688694462094
2.62445e+01	4.64870e-03 	 0 	 0E+00 	 1.033044E+03	0E+00	90.88811769881227
2.63149e+01	4.64817e-03 	 0 	 0E+00 	 1.032927E+03	0E+00	90.87775551102204
2.63855e+01	4.64709e-03 	 0 	 0E+00 	 1.032687E+03	0E+00	90.85664010948727
2.64559e+01	4.64694e-03 	 0 	 0E+00 	 1.032653E+03	0E+00	90.85370741482964
2.65264e+01	4.64653e-03 	 0 	 0E+00 	 1.032562E+03	0E+00	90.84569138276554
2.65968e+01	4.64631e-03 	 0 	 0E+00 	 1.032513E+03	0E+00	90.84139009726769
2.66673e+01	4.64501e-03 	 0 	 0E+00 	 1.032224E+03	0E+00	90.8159734102351
2.67377e+01	4.64391e-03 	 0 	 0E+00 	 1.03198E+03	0E+00	90.79446698274597
2.68082e+01	4.64390e-03 	 0 	 0E+00 	 1.031978E+03	0E+00	90.7942714697688
2.68786e+01	4.64427e-03 	 0 	 0E+00 	 1.03206E+03	0E+00	90.80150544992422
2.69491e+01	4.64288e-03 	 0 	 0E+00 	 1.031751E+03	0E+00	90.77432914609707
2.70196e+01	4.64283e-03 	 0 	 0E+00 	 1.03174E+03	0E+00	90.77335158121119
2.70900e+01	4.64199e-03 	 0 	 0E+00 	 1.031553E+03	0E+00	90.75692849112859
2.71605e+01	4.64145e-03 	 0 	 0E+00 	 1.031433E+03	0E+00	90.74637079036121
2.72309e+01	4.64092e-03 	 0 	 0E+00 	 1.031316E+03	0E+00	90.73600860257098
2.73014e+01	4.64000e-03 	 0 	 0E+00 	 1.031111E+03	0E+00	90.71802140867099
2.73719e+01	4.64016e-03 	 0 	 0E+00 	 1.031147E+03	0E+00	90.72114961630577
2.74423e+01	4.63976e-03 	 0 	 0E+00 	 1.031058E+03	0E+00	90.7133290972188
2.75128e+01	4.63959e-03 	 0 	 0E+00 	 1.03102E+03	0E+00	90.71000537660687
2.75832e+01	4.63923e-03 	 0 	 0E+00 	 1.03094E+03	0E+00	90.70296690942861
2.76536e+01	4.63779e-03 	 0 	 0E+00 	 1.03062E+03	0E+00	90.67481304071558
2.77241e+01	4.63806e-03 	 0 	 0E+00 	 1.03068E+03	0E+00	90.68009189109928
2.77946e+01	4.63762e-03 	 0 	 0E+00 	 1.030582E+03	0E+00	90.67148932010362
2.78650e+01	4.63652e-03 	 0 	 0E+00 	 1.030338E+03	0E+00	90.64998289261449
2.79356e+01	4.63568e-03 	 0 	 0E+00 	 1.030151E+03	0E+00	90.63355980253188
2.80060e+01	4.63516e-03 	 0 	 0E+00 	 1.030036E+03	0E+00	90.62339312771886
2.80765e+01	4.63491e-03 	 0 	 0E+00 	 1.02998E+03	0E+00	90.6185053032895
2.81469e+01	4.63459e-03 	 0 	 0E+00 	 1.029909E+03	0E+00	90.61224888801993
2.82174e+01	4.63355e-03 	 0 	 0E+00 	 1.029678E+03	0E+00	90.59191553839386
2.82878e+01	4.63357e-03 	 0 	 0E+00 	 1.029682E+03	0E+00	90.5923065643482
2.83583e+01	4.63296e-03 	 0 	 0E+00 	 1.029547E+03	0E+00	90.5803802727406
2.84287e+01	4.63257e-03 	 0 	 0E+00 	 1.02946E+03	0E+00	90.57275526663081
2.84992e+01	4.63203e-03 	 0 	 0E+00 	 1.02934E+03	0E+00	90.56219756586343
2.85696e+01	4.63170e-03 	 0 	 0E+00 	 1.029267E+03	0E+00	90.55574563761668
2.86401e+01	4.63145e-03 	 0 	 0E+00 	 1.029211E+03	0E+00	90.55085781318733
2.87105e+01	4.62970e-03 	 0 	 0E+00 	 1.028822E+03	0E+00	90.51664304218191
2.87810e+01	4.62912e-03 	 0 	 0E+00 	 1.028693E+03	0E+00	90.50530328950582
2.88514e+01	4.62940e-03 	 0 	 0E+00 	 1.028756E+03	0E+00	90.5107776528667
2.89219e+01	4.62865e-03 	 0 	 0E+00 	 1.028589E+03	0E+00	90.49611417957865
2.89923e+01	4.62794e-03 	 0 	 0E+00 	 1.028431E+03	0E+00	90.48223275819932
2.90627e+01	4.62718e-03 	 0 	 0E+00 	 1.028262E+03	0E+00	90.46737377193409
2.91332e+01	4.62749e-03 	 0 	 0E+00 	 1.028331E+03	0E+00	90.47343467422648
2.92036e+01	4.62637e-03 	 0 	 0E+00 	 1.028082E+03	0E+00	90.45153722078302
2.92741e+01	4.62591e-03 	 0 	 0E+00 	 1.02798E+03	0E+00	90.44254362383302
2.93446e+01	4.62569e-03 	 0 	 0E+00 	 1.027931E+03	0E+00	90.4382423383352
2.94150e+01	4.62461e-03 	 0 	 0E+00 	 1.027691E+03	0E+00	90.41712693680043
2.94855e+01	4.62428e-03 	 0 	 0E+00 	 1.027618E+03	0E+00	90.41067500855368
2.95559e+01	4.62456e-03 	 0 	 0E+00 	 1.02768E+03	0E+00	90.41614937191456
2.96264e+01	4.62485e-03 	 0 	 0E+00 	 1.027744E+03	0E+00	90.42181924825259
2.96968e+01	4.62440e-03 	 0 	 0E+00 	 1.027644E+03	0E+00	90.41302116427977
2.97673e+01	4.62414e-03 	 0 	 0E+00 	 1.027587E+03	0E+00	90.40793782687325
2.98378e+01	4.62359e-03 	 0 	 0E+00 	 1.027464E+03	0E+00	90.39718461312869
2.99082e+01	4.62250e-03 	 0 	 0E+00 	 1.027222E+03	0E+00	90.37587369861674
2.99786e+01	4.62228e-03 	 0 	 0E+00 	 1.027173E+03	0E+00	90.37157241311893
3.00491e+01	4.62052e-03 	 0 	 0E+00 	 1.026782E+03	0E+00	90.33716212913632
3.01196e+01	4.62059e-03 	 0 	 0E+00 	 1.026798E+03	0E+00	90.33853071997653
3.02303e+01	4.61986e-03 	 0 	 0E+00 	 1.026636E+03	0E+00	90.32425827264284
3.03007e+01	4.62064e-03 	 0 	 0E+00 	 1.026809E+03	0E+00	90.33950828486239
3.03712e+01	4.61971e-03 	 0 	 0E+00 	 1.026602E+03	0E+00	90.32132557798523
3.04416e+01	4.61935e-03 	 0 	 0E+00 	 1.026522E+03	0E+00	90.31428711080699
3.05121e+01	4.61924e-03 	 0 	 0E+00 	 1.026498E+03	0E+00	90.31213646805806
3.05825e+01	4.61925e-03 	 0 	 0E+00 	 1.0265E+03	0E+00	90.31233198103524
3.06529e+01	4.61805e-03 	 0 	 0E+00 	 1.026233E+03	0E+00	90.28887042377437
3.07234e+01	4.61812e-03 	 0 	 0E+00 	 1.026249E+03	0E+00	90.29023901461458
3.07939e+01	4.61690e-03 	 0 	 0E+00 	 1.025978E+03	0E+00	90.26638643139938
3.08643e+01	4.61705e-03 	 0 	 0E+00 	 1.026011E+03	0E+00	90.26931912605698
3.09348e+01	4.61574e-03 	 0 	 0E+00 	 1.02572E+03	0E+00	90.24370692604722
3.10052e+01	4.61594e-03 	 0 	 0E+00 	 1.025764E+03	0E+00	90.24761718559068
3.10756e+01	4.61576e-03 	 0 	 0E+00 	 1.025724E+03	0E+00	90.24409795200155
3.11461e+01	4.61511e-03 	 0 	 0E+00 	 1.02558E+03	0E+00	90.23138960848527
3.12166e+01	4.61481e-03 	 0 	 0E+00 	 1.025513E+03	0E+00	90.22552421917004
3.12870e+01	4.61529e-03 	 0 	 0E+00 	 1.02562E+03	0E+00	90.23490884207439
3.13574e+01	4.61349e-03 	 0 	 0E+00 	 1.02522E+03	0E+00	90.19971650618308
3.14279e+01	4.61376e-03 	 0 	 0E+00 	 1.02528E+03	0E+00	90.20499535656677
3.14984e+01	4.61257e-03 	 0 	 0E+00 	 1.025016E+03	0E+00	90.1817293122831
3.15688e+01	4.61204e-03 	 0 	 0E+00 	 1.024898E+03	0E+00	90.17136712449289
3.16393e+01	4.61166e-03 	 0 	 0E+00 	 1.024813E+03	0E+00	90.16393763136028
3.17097e+01	4.61029e-03 	 0 	 0E+00 	 1.024509E+03	0E+00	90.13715235348747
3.17802e+01	4.61004e-03 	 0 	 0E+00 	 1.024453E+03	0E+00	90.13226452905812
3.18506e+01	4.61010e-03 	 0 	 0E+00 	 1.024467E+03	0E+00	90.13343760692115
3.19211e+01	4.60898e-03 	 0 	 0E+00 	 1.024218E+03	0E+00	90.11154015347769
3.19915e+01	4.60715e-03 	 0 	 0E+00 	 1.023811E+03	0E+00	90.07576127865487
3.20620e+01	4.60668e-03 	 0 	 0E+00 	 1.023707E+03	0E+00	90.0665721687277
3.21324e+01	4.60602e-03 	 0 	 0E+00 	 1.02356E+03	0E+00	90.05366831223421
3.22029e+01	4.60522e-03 	 0 	 0E+00 	 1.023382E+03	0E+00	90.03802727406031
3.22733e+01	4.60567e-03 	 0 	 0E+00 	 1.023482E+03	0E+00	90.04682535803313
3.23438e+01	4.60548e-03 	 0 	 0E+00 	 1.02344E+03	0E+00	90.04311061146683
3.24142e+01	4.60541e-03 	 0 	 0E+00 	 1.023424E+03	0E+00	90.04174202062661
3.24847e+01	4.60469e-03 	 0 	 0E+00 	 1.023264E+03	0E+00	90.02766508627009
3.25551e+01	4.60395e-03 	 0 	 0E+00 	 1.0231E+03	0E+00	90.01319712595922
3.26256e+01	4.60351e-03 	 0 	 0E+00 	 1.023002E+03	0E+00	90.00459455496357
3.26961e+01	4.60372e-03 	 0 	 0E+00 	 1.023049E+03	0E+00	90.00870032748425
DATA: /home/user/PycharmProjects/OFET_K2636B_2019.10.15/data/OLED_00_oled_ltp_021.txt
