V(__) I(__) lux CurrC oeff. CurrA/m^-2. lux/m^-1
0.00000e+00 -7.82653e-07 216.34 -2.764188E+08 -1.739229E-01 4.807556E+07 
1.00000e+00 1.80518e-02 217.34 1.20398E+04 4.011511E+03 4.829778E+07 
2.00000e+00 3.78768e-02 216.34 5.711676E+03 8.417067E+03 4.807556E+07 
3.00000e+00 5.89239e-02 214.34 3.637573E+03 1.30942E+04 4.763111E+07 
4.00000e+00 8.15520e-02 188.3 2.308956E+03 1.812267E+04 4.184444E+07 
5.00000e+00 9.99957e-02 55.9 5.59024E+02 2.222127E+04 1.242222E+07 
6.00000e+00 9.99959e-02 48.8 4.8802E+02 2.222131E+04 1.084444E+07 
7.00000e+00 9.99957e-02 52.9 5.290227E+02 2.222127E+04 1.175556E+07 
8.00000e+00 9.99957e-02 52.9 5.290227E+02 2.222127E+04 1.175556E+07 
9.00000e+00 9.99957e-02 53.9 5.390232E+02 2.222127E+04 1.197778E+07 
1.00000e+01 9.99958e-02 53.9 5.390226E+02 2.222129E+04 1.197778E+07 
1.00000e+01 9.99957e-02 53.9 5.390232E+02 2.222127E+04 1.197778E+07 
9.00000e+00 9.99957e-02 52.9 5.290227E+02 2.222127E+04 1.175556E+07 
8.00000e+00 9.99955e-02 52.9 5.290238E+02 2.222122E+04 1.175556E+07 
7.00000e+00 9.99951e-02 52.9 5.290259E+02 2.222113E+04 1.175556E+07 
6.00000e+00 9.99953e-02 52.9 5.290249E+02 2.222118E+04 1.175556E+07 
5.00000e+00 9.99954e-02 51.9 5.190239E+02 2.22212E+04 1.153333E+07 
4.00000e+00 8.14572e-02 51.9 6.371444E+02 1.81016E+04 1.153333E+07 
3.00000e+00 5.91366e-02 51.9 8.776291E+02 1.314147E+04 1.153333E+07 
2.00000e+00 3.80363e-02 52.9 1.390777E+03 8.452511E+03 1.175556E+07 
1.00000e+00 1.81982e-02 51.9 2.85193E+03 4.044044E+03 1.153333E+07 
0.00000e+00 7.15298e-07 51.9 7.255717E+07 1.589551E-01 1.153333E+07 
      
