V(__) I(__) lux CurrC oeff. CurrA/m^-2. lux/m^-1
7.00000e+00 3.73198e-05 1.1 2.947497E+04 8.293289E+00 2.444444E+05 
7.00000e+00 2.72498e-05 1.1 4.036727E+04 6.055511E+00 2.444444E+05 
7.00000e+00 2.73889e-05 1.1 4.016226E+04 6.086422E+00 2.444444E+05 
7.00000e+00 2.26024e-05 1.1 4.86674E+04 5.022756E+00 2.444444E+05 
7.00000e+00 2.76173e-05 1.1 3.983011E+04 6.137178E+00 2.444444E+05 
7.00000e+00 3.61771e-05 1.1 3.040598E+04 8.039356E+00 2.444444E+05 
7.00000e+00 5.80328e-05 1.1 1.89548E+04 1.289618E+01 2.444444E+05 
7.00000e+00 3.77282e-05 1.1 2.915591E+04 8.384044E+00 2.444444E+05 
7.00000e+00 3.27768e-05 1.1 3.356032E+04 7.283733E+00 2.444444E+05 
7.00000e+00 3.25415e-05 1.1 3.380299E+04 7.231444E+00 2.444444E+05 
7.00000e+00 2.63971e-05 1.1 4.167124E+04 5.866022E+00 2.444444E+05 
7.00000e+00 3.63062e-05 1.1 3.029786E+04 8.068044E+00 2.444444E+05 
7.00000e+00 4.03174e-05 1.1 2.728351E+04 8.959422E+00 2.444444E+05 
7.00000e+00 3.20973e-05 1.1 3.42708E+04 7.132733E+00 2.444444E+05 
7.00000e+00 3.90751e-05 1.1 2.815092E+04 8.683356E+00 2.444444E+05 
7.00000e+00 3.10424e-05 1.1 3.54354E+04 6.898311E+00 2.444444E+05 
7.00000e+00 3.15442e-05 1.1 3.48717E+04 7.009822E+00 2.444444E+05 
7.00000e+00 2.53147e-05 1.1 4.345301E+04 5.625489E+00 2.444444E+05 
7.00000e+00 2.62806e-05 1.1 4.185597E+04 5.840133E+00 2.444444E+05 
7.00000e+00 3.28301e-05 1.1 3.350584E+04 7.295578E+00 2.444444E+05 
7.00000e+00 3.53676e-05 1.1 3.110191E+04 7.859467E+00 2.444444E+05 
7.00000e+00 3.20396e-05 1.1 3.433251E+04 7.119911E+00 2.444444E+05 
7.00000e+00 3.99813e-05 1.1 2.751286E+04 8.884733E+00 2.444444E+05 
7.00000e+00 3.26363e-05 1.1 3.37048E+04 7.252511E+00 2.444444E+05 
7.00000e+00 3.84331e-05 1.1 2.862116E+04 8.540689E+00 2.444444E+05 
7.00000e+00 4.72604e-05 1.1 2.32753E+04 1.050231E+01 2.444444E+05 
7.00000e+00 4.88595e-05 1.1 2.251353E+04 1.085767E+01 2.444444E+05 
7.00000e+00 5.43075e-05 1.1 2.025503E+04 1.206833E+01 2.444444E+05 
7.00000e+00 3.64767e-05 1.1 3.015624E+04 8.105933E+00 2.444444E+05 
7.00000e+00 3.62760e-05 1.1 3.032308E+04 8.061333E+00 2.444444E+05 
7.00000e+00 2.98408e-05 1.1 3.686228E+04 6.631289E+00 2.444444E+05 
7.00000e+00 4.09215e-05 1.1 2.688074E+04 9.093667E+00 2.444444E+05 
7.00000e+00 3.68596e-05 1.1 2.984297E+04 8.191022E+00 2.444444E+05 
7.00000e+00 3.82701e-05 1.1 2.874307E+04 8.504467E+00 2.444444E+05 
7.00000e+00 4.68830e-05 1.1 2.346266E+04 1.041844E+01 2.444444E+05 
7.00000e+00 2.61768e-05 1.1 4.202194E+04 5.817067E+00 2.444444E+05 
7.00000e+00 3.97946e-05 1.1 2.764194E+04 8.843244E+00 2.444444E+05 
7.00000e+00 3.22959e-05 1.1 3.406005E+04 7.176867E+00 2.444444E+05 
7.00000e+00 3.83085e-05 2.1 5.481812E+04 8.513E+00 4.666667E+05 
7.00000e+00 2.99767e-05 2.1 7.005441E+04 6.661489E+00 4.666667E+05 
7.00000e+00 3.61350e-05 2.1 5.81154E+04 8.03E+00 4.666667E+05 
7.00000e+00 3.23267e-05 2.1 6.496178E+04 7.183711E+00 4.666667E+05 
7.00000e+00 5.69799e-05 1.1 1.930505E+04 1.26622E+01 2.444444E+05 
7.00000e+00 2.32910e-05 1.1 4.722854E+04 5.175778E+00 2.444444E+05 
7.00000e+00 1.94341e-05 1.1 5.660154E+04 4.318689E+00 2.444444E+05 
7.00000e+00 2.19399e-05 1.1 5.013697E+04 4.875533E+00 2.444444E+05 
7.00000e+00 3.95673e-05 1.1 2.780073E+04 8.792733E+00 2.444444E+05 
7.00000e+00 2.48625e-05 1.1 4.424334E+04 5.525E+00 2.444444E+05 
7.00000e+00 3.39881e-05 1.1 3.236427E+04 7.552911E+00 2.444444E+05 
7.00000e+00 4.82973e-05 1.1 2.27756E+04 1.073273E+01 2.444444E+05 
7.00000e+00 2.79409e-05 1.1 3.936881E+04 6.209089E+00 2.444444E+05 
7.00000e+00 5.01225e-05 1.1 2.194623E+04 1.113833E+01 2.444444E+05 
      
