V(__) I(__) lux CurrC oeff. CurrA/m^-2. lux/m^-1
0.00000e+00 -1.27918e-07 0 -0E+00 -2.842622E-02 0E+00 
2.50000e-01 5.71133e-04 0 0E+00 1.269184E+02 0E+00 
5.00000e-01 1.19522e-03 0 0E+00 2.656044E+02 0E+00 
7.50000e-01 1.70935e-03 0 0E+00 3.798556E+02 0E+00 
1.00000e+00 2.45857e-03 0 0E+00 5.463489E+02 0E+00 
1.25000e+00 2.70609e-03 0 0E+00 6.013533E+02 0E+00 
1.50000e+00 3.22675e-03 0 0E+00 7.170556E+02 0E+00 
1.75000e+00 3.51229e-03 0 0E+00 7.805089E+02 0E+00 
2.00000e+00 4.14134e-03 0 0E+00 9.202978E+02 0E+00 
2.25000e+00 4.85579e-03 0 0E+00 1.079064E+03 0E+00 
2.50000e+00 5.57333e-03 0 0E+00 1.238518E+03 0E+00 
2.75000e+00 6.18281e-03 0 0E+00 1.373958E+03 0E+00 
3.00000e+00 6.94625e-03 0 0E+00 1.543611E+03 0E+00 
3.25000e+00 8.12296e-03 0 0E+00 1.805102E+03 0E+00 
3.50000e+00 8.80761e-03 0 0E+00 1.957247E+03 0E+00 
3.75000e+00 8.99605e-03 0 0E+00 1.999122E+03 0E+00 
4.00000e+00 9.87492e-03 0 0E+00 2.194427E+03 0E+00 
4.25000e+00 1.08227e-02 0 0E+00 2.405044E+03 0E+00 
4.50000e+00 1.15881e-02 0 0E+00 2.575133E+03 0E+00 
4.75000e+00 1.26676e-02 0 0E+00 2.815022E+03 0E+00 
5.00000e+00 1.36816e-02 0 0E+00 3.040356E+03 0E+00 
5.25000e+00 1.47820e-02 0 0E+00 3.284889E+03 0E+00 
5.50000e+00 1.62316e-02 0 0E+00 3.607022E+03 0E+00 
5.75000e+00 1.75821e-02 0 0E+00 3.907133E+03 0E+00 
6.00000e+00 1.86109e-02 0 0E+00 4.135756E+03 0E+00 
6.25000e+00 1.97420e-02 0 0E+00 4.387111E+03 0E+00 
6.50000e+00 2.10951e-02 0 0E+00 4.6878E+03 0E+00 
6.75000e+00 2.22770e-02 0 0E+00 4.950444E+03 0E+00 
7.00000e+00 2.34032e-02 0 0E+00 5.200711E+03 0E+00 
7.25000e+00 2.47029e-02 0 0E+00 5.489533E+03 0E+00 
7.50000e+00 2.60681e-02 0 0E+00 5.792911E+03 0E+00 
7.75000e+00 2.74216e-02 0 0E+00 6.093689E+03 0E+00 
8.00000e+00 2.86719e-02 0 0E+00 6.371533E+03 0E+00 
8.25000e+00 3.01564e-02 0 0E+00 6.701422E+03 0E+00 
8.50000e+00 3.15990e-02 0 0E+00 7.022E+03 0E+00 
8.75000e+00 3.31000e-02 0 0E+00 7.355556E+03 0E+00 
9.00000e+00 3.47983e-02 0 0E+00 7.732956E+03 0E+00 
9.25000e+00 3.59523e-02 0 0E+00 7.9894E+03 0E+00 
9.50000e+00 3.72005e-02 0 0E+00 8.266778E+03 0E+00 
9.75000e+00 3.87064e-02 0 0E+00 8.601422E+03 0E+00 
1.00000e+01 4.01409e-02 0 0E+00 8.9202E+03 0E+00 
1.02500e+01 4.15220e-02 0 0E+00 9.227111E+03 0E+00 
1.05000e+01 4.29631e-02 0 0E+00 9.547356E+03 0E+00 
1.07500e+01 4.44553e-02 0 0E+00 9.878956E+03 0E+00 
1.10000e+01 4.57548e-02 0 0E+00 1.016773E+04 0E+00 
1.12500e+01 4.72710e-02 0 0E+00 1.050467E+04 0E+00 
1.15000e+01 4.86161e-02 0 0E+00 1.080358E+04 0E+00 
1.17500e+01 5.05300e-02 0 0E+00 1.122889E+04 0E+00 
1.20000e+01 5.21516e-02 0 0E+00 1.158924E+04 0E+00 
1.22500e+01 5.37214e-02 0 0E+00 1.193809E+04 0E+00 
1.25000e+01 5.54601e-02 0 0E+00 1.232447E+04 0E+00 
1.27500e+01 5.74689e-02 0 0E+00 1.277087E+04 0E+00 
1.30000e+01 5.88729e-02 0 0E+00 1.308287E+04 0E+00 
1.32500e+01 6.05834e-02 0 0E+00 1.346298E+04 0E+00 
1.35000e+01 6.23150e-02 0 0E+00 1.384778E+04 0E+00 
1.37500e+01 6.43338e-02 0 0E+00 1.42964E+04 0E+00 
1.40000e+01 6.69155e-02 0 0E+00 1.487011E+04 0E+00 
1.42500e+01 6.94221e-02 0 0E+00 1.542713E+04 0E+00 
1.45000e+01 7.12326e-02 0 0E+00 1.582947E+04 0E+00 
1.47500e+01 7.26505e-02 0 0E+00 1.614456E+04 0E+00 
1.50000e+01 8.57540e-02 0 0E+00 1.905644E+04 0E+00 
