V(__) I(__) lux CurrCoeff.  
0.00000e+00 8.40493e-07 0.1 1.867762E-01 2.222222E+04 1.189778E+03
1.00000e+00 8.49419e-03 0.1 1.887598E+03 2.222222E+04 1.177275E-01
2.00000e+00 1.77792e-02 0.1 3.950933E+03 2.222222E+04 5.62455E-02
3.00000e+00 2.76420e-02 0.1 6.142667E+03 2.222222E+04 3.617683E-02
4.00000e+00 3.79415e-02 0.1 8.431444E+03 2.222222E+04 2.635636E-02
5.00000e+00 4.84700e-02 0.1 1.077111E+04 2.222222E+04 2.063132E-02
6.00000e+00 5.90934e-02 0.1 1.313187E+04 2.222222E+04 1.692236E-02
7.00000e+00 6.97668e-02 0.1 1.550373E+04 2.222222E+04 1.433347E-02
8.00000e+00 8.04766e-02 0.1 1.788369E+04 2.222222E+04 1.242597E-02
9.00000e+00 9.09955e-02 0.1 2.022122E+04 2.222222E+04 1.098955E-02
1.00000e+01 9.99954e-02 0.1 2.22212E+04 2.222222E+04 1.000046E-02
1.10000e+01 9.99957e-02 0.1 2.222127E+04 2.222222E+04 1.000043E-02
1.20000e+01 9.99956e-02 0.1 2.222124E+04 2.222222E+04 1.000044E-02
1.30000e+01 9.99956e-02 0.1 2.222124E+04 2.222222E+04 1.000044E-02
1.40000e+01 9.99957e-02 0.1 2.222127E+04 2.222222E+04 1.000043E-02
1.50000e+01 9.99959e-02 0.1 2.222131E+04 2.222222E+04 1.000041E-02
1.60000e+01 9.99957e-02 0.1 2.222127E+04 2.222222E+04 1.000043E-02
1.70000e+01 9.99960e-02 0.1 2.222133E+04 2.222222E+04 1.00004E-02
1.80000e+01 9.99960e-02 0.1 2.222133E+04 2.222222E+04 1.00004E-02
1.90000e+01 9.99961e-02 0.1 2.222136E+04 2.222222E+04 1.000039E-02
2.00000e+01 9.99961e-02 0.1 2.222136E+04 2.222222E+04 1.000039E-02
V(__) I(__) lux CurrCoeff.  
2.00000e+01 9.99960e-02 0.1 2.222133E+04 2.222222E+04 1.00004E-02
1.90000e+01 9.99959e-02 0.1 2.222131E+04 2.222222E+04 1.000041E-02
1.80000e+01 9.99959e-02 0.1 2.222131E+04 2.222222E+04 1.000041E-02
1.70000e+01 9.99958e-02 0.1 2.222129E+04 2.222222E+04 1.000042E-02
1.60000e+01 9.99957e-02 0.1 2.222127E+04 2.222222E+04 1.000043E-02
1.50000e+01 9.99957e-02 0.1 2.222127E+04 2.222222E+04 1.000043E-02
1.40000e+01 9.99954e-02 0.1 2.22212E+04 2.222222E+04 1.000046E-02
1.30000e+01 9.99955e-02 0.1 2.222122E+04 2.222222E+04 1.000045E-02
1.20000e+01 9.99952e-02 0.1 2.222116E+04 2.222222E+04 1.000048E-02
1.10000e+01 9.99954e-02 0.1 2.22212E+04 2.222222E+04 1.000046E-02
1.00000e+01 9.91160e-02 0.1 2.202578E+04 2.222222E+04 1.008919E-02
9.00000e+00 8.85897e-02 0.1 1.96866E+04 2.222222E+04 1.128799E-02
8.00000e+00 7.82624e-02 0.1 1.739164E+04 2.222222E+04 1.277753E-02
7.00000e+00 6.80582e-02 0.1 1.512404E+04 2.222222E+04 1.469331E-02
6.00000e+00 5.79081e-02 0.1 1.286847E+04 2.222222E+04 1.726874E-02
5.00000e+00 4.78157e-02 0.1 1.062571E+04 2.222222E+04 2.091363E-02
4.00000e+00 3.78123e-02 0.1 8.402733E+03 2.222222E+04 2.644642E-02
3.00000e+00 2.79393e-02 0.1 6.208733E+03 2.222222E+04 3.579188E-02
2.00000e+00 1.82848e-02 0.1 4.063289E+03 2.222222E+04 5.469023E-02
1.00000e+00 8.92941e-03 0.1 1.984313E+03 2.222222E+04 1.119895E-01
0.00000e+00 1.35594e-05 0.1 3.0132E+00 2.222222E+04 7.374958E+01
