V(__) I(__) lux CurrCoeff.  
0.00000e+00 1.66414e-06 0.001 3.698089E-01 2.222222E+02 6.00911E+00
1.00000e+00 9.63214e-03 0.099 2.140476E+03 2.2E+04 1.027809E-01
2.00000e+00 2.02814e-02 0.099 4.506978E+03 2.2E+04 4.88132E-02
3.00000e+00 3.15861e-02 0.099 7.019133E+03 2.2E+04 3.13429E-02
4.00000e+00 4.32965e-02 0.099 9.621444E+03 2.2E+04 2.286559E-02
5.00000e+00 5.51978e-02 0.099 1.226618E+04 2.2E+04 1.79355E-02
6.00000e+00 6.71799e-02 0.099 1.492887E+04 2.2E+04 1.473655E-02
7.00000e+00 7.91657e-02 0.099 1.759238E+04 2.2E+04 1.250542E-02
8.00000e+00 9.10921e-02 0.099 2.024269E+04 2.2E+04 1.086812E-02
9.00000e+00 9.99948e-02 0.099 2.222107E+04 2.2E+04 9.900515E-03
1.00000e+01 9.99949e-02 0.099 2.222109E+04 2.2E+04 9.900505E-03
1.10000e+01 9.99949e-02 0.099 2.222109E+04 2.2E+04 9.900505E-03
1.20000e+01 9.99949e-02 0.099 2.222109E+04 2.2E+04 9.900505E-03
1.30000e+01 9.99950e-02 0.099 2.222111E+04 2.2E+04 9.900495E-03
1.40000e+01 9.99951e-02 0.099 2.222113E+04 2.2E+04 9.900485E-03
1.50000e+01 9.99952e-02 0.099 2.222116E+04 2.2E+04 9.900475E-03
V(__) I(__) lux CurrCoeff.  
1.50000e+01 9.99953e-02 0.099 2.222118E+04 2.2E+04 9.900465E-03
1.40000e+01 9.99953e-02 0.001 2.222118E+04 2.222222E+02 1.000047E-04
1.30000e+01 9.99954e-02 0.099 2.22212E+04 2.2E+04 9.900455E-03
1.20000e+01 9.99952e-02 0.099 2.222116E+04 2.2E+04 9.900475E-03
1.10000e+01 9.99953e-02 0.099 2.222118E+04 2.2E+04 9.900465E-03
1.00000e+01 9.99950e-02 0.099 2.222111E+04 2.2E+04 9.900495E-03
9.00000e+00 9.99950e-02 0.099 2.222111E+04 2.2E+04 9.900495E-03
8.00000e+00 9.18292e-02 0.001 2.040649E+04 2.222222E+02 1.088978E-04
7.00000e+00 7.97035e-02 0.099 1.771189E+04 2.2E+04 1.242104E-02
6.00000e+00 6.76595e-02 0.099 1.503544E+04 2.2E+04 1.463209E-02
5.00000e+00 5.56859e-02 0.099 1.237464E+04 2.2E+04 1.777829E-02
4.00000e+00 4.38031e-02 0.099 9.734022E+03 2.2E+04 2.260114E-02
3.00000e+00 3.20978e-02 0.099 7.132844E+03 2.2E+04 3.084324E-02
2.00000e+00 2.07392e-02 0.099 4.608711E+03 2.2E+04 4.773569E-02
1.00000e+00 9.91972e-03 0.099 2.204382E+03 2.2E+04 9.98012E-02
0.00000e+00 9.67506e-06 0.099 2.150013E+00 2.2E+04 1.023249E+02
