>>head<<VGS(0) IDS(0) IGS(0) VDS(0)
0.00000e+00	1.72636e-07	1.70957e-07	1.00000e+00
1.00000e+00	8.95426e-03	8.95418e-03	1.00000e+00
2.00000e+00	1.79138e-02	1.79128e-02	1.00000e+00
3.00000e+00	2.68575e-02	2.68522e-02	1.00000e+00
4.00000e+00	3.58568e-02	3.58871e-02	1.00000e+00
5.00000e+00	4.48498e-02	4.48626e-02	1.00000e+00
6.00000e+00	5.37371e-02	5.37148e-02	1.00000e+00
7.00000e+00	6.26058e-02	6.26018e-02	1.00000e+00
8.00000e+00	7.15450e-02	7.15227e-02	1.00000e+00
9.00000e+00	8.05854e-02	8.05717e-02	1.00000e+00
1.00000e+01	8.98491e-02	8.98612e-02	1.00000e+00
1.10000e+01	9.95333e-02	9.95723e-02	1.00000e+00
1.20000e+01	9.99960e-02	9.99961e-02	1.00000e+00
1.30000e+01	9.99959e-02	9.99960e-02	1.00000e+00
1.40000e+01	9.99959e-02	9.99960e-02	1.00000e+00
1.50000e+01	9.99958e-02	9.99960e-02	1.00000e+00
1.60000e+01	9.99960e-02	9.99960e-02	1.00000e+00
1.70000e+01	9.99960e-02	9.99961e-02	1.00000e+00
1.80000e+01	9.99961e-02	9.99962e-02	1.00000e+00
1.90000e+01	9.99962e-02	9.99963e-02	1.00000e+00
2.00000e+01	9.99964e-02	9.99964e-02	1.00000e+00
2.10000e+01	9.99974e-02	9.99973e-02	1.00000e+00
2.20000e+01	9.99980e-02	9.99974e-02	1.00000e+00
2.30000e+01	9.99977e-02	9.99972e-02	1.00000e+00
2.40000e+01	9.99973e-02	9.99973e-02	1.00000e+00
2.50000e+01	9.99975e-02	9.99976e-02	1.00000e+00
2.60000e+01	9.99976e-02	9.99978e-02	1.00000e+00
2.70000e+01	9.99975e-02	9.99981e-02	1.00000e+00
2.80000e+01	9.99973e-02	9.99982e-02	1.00000e+00
2.90000e+01	9.99973e-02	9.99986e-02	1.00000e+00
3.00000e+01	9.99975e-02	9.99989e-02	1.00000e+00
3.10000e+01	9.99975e-02	9.99988e-02	1.00000e+00
3.20000e+01	9.99980e-02	9.99984e-02	1.00000e+00
3.30000e+01	9.99983e-02	9.99980e-02	1.00000e+00
3.40000e+01	9.99987e-02	9.99977e-02	1.00000e+00
3.50000e+01	9.99986e-02	9.99973e-02	1.00000e+00
3.60000e+01	9.99983e-02	9.99973e-02	1.00000e+00
3.70000e+01	9.99980e-02	9.99973e-02	1.00000e+00
3.80000e+01	9.99977e-02	9.99974e-02	1.00000e+00
3.90000e+01	9.99972e-02	9.99973e-02	1.00000e+00
4.00000e+01	9.99972e-02	9.99975e-02	1.00000e+00
4.10000e+01	9.99972e-02	9.99979e-02	1.00000e+00
4.20000e+01	9.99972e-02	9.99983e-02	1.00000e+00
4.30000e+01	9.99972e-02	9.99985e-02	1.00000e+00
4.40000e+01	9.99959e-02	9.99958e-02	1.00000e+00
4.50000e+01	9.99957e-02	9.99960e-02	1.00000e+00
4.60000e+01	9.99957e-02	9.99963e-02	1.00000e+00
4.70000e+01	9.99956e-02	9.99967e-02	1.00000e+00
4.80000e+01	9.99957e-02	9.99972e-02	1.00000e+00
4.90000e+01	9.99960e-02	9.99971e-02	1.00000e+00
5.00000e+01	9.99965e-02	9.99967e-02	1.00000e+00
5.10000e+01	9.99967e-02	9.99961e-02	1.00000e+00
5.20000e+01	9.99971e-02	9.99957e-02	1.00000e+00
5.30000e+01	9.99967e-02	9.99956e-02	1.00000e+00
5.40000e+01	9.99963e-02	9.99957e-02	1.00000e+00
5.50000e+01	9.99960e-02	9.99958e-02	1.00000e+00
5.60000e+01	9.99957e-02	9.99957e-02	1.00000e+00
5.70000e+01	9.99956e-02	9.99960e-02	1.00000e+00
5.80000e+01	9.99958e-02	9.99965e-02	1.00000e+00
5.90000e+01	9.99959e-02	9.99971e-02	1.00000e+00
6.00000e+01	9.99959e-02	9.99975e-02	1.00000e+00
6.10000e+01	9.99963e-02	9.99973e-02	1.00000e+00
6.20000e+01	9.99968e-02	9.99970e-02	1.00000e+00
6.30000e+01	9.99972e-02	9.99965e-02	1.00000e+00
6.40000e+01	9.99973e-02	9.99959e-02	1.00000e+00
6.50000e+01	9.99969e-02	9.99959e-02	1.00000e+00
6.60000e+01	9.99966e-02	9.99959e-02	1.00000e+00
6.70000e+01	9.99960e-02	9.99959e-02	1.00000e+00
6.80000e+01	9.99958e-02	9.99959e-02	1.00000e+00
6.90000e+01	9.99959e-02	9.99963e-02	1.00000e+00
7.00000e+01	9.99959e-02	9.99968e-02	1.00000e+00
7.10000e+01	9.99959e-02	9.99972e-02	1.00000e+00
7.20000e+01	9.99961e-02	9.99974e-02	1.00000e+00
7.30000e+01	9.99966e-02	9.99973e-02	1.00000e+00
7.40000e+01	9.99971e-02	9.99968e-02	1.00000e+00
7.50000e+01	9.99974e-02	9.99964e-02	1.00000e+00
7.60000e+01	9.99974e-02	9.99961e-02	1.00000e+00
7.70000e+01	9.99969e-02	9.99961e-02	1.00000e+00
7.80000e+01	9.99964e-02	9.99959e-02	1.00000e+00
7.90000e+01	9.99962e-02	9.99961e-02	1.00000e+00
8.00000e+01	9.99961e-02	9.99963e-02	1.00000e+00
8.10000e+01	9.99962e-02	9.99966e-02	1.00000e+00
8.20000e+01	9.99960e-02	9.99970e-02	1.00000e+00
8.30000e+01	9.99960e-02	9.99973e-02	1.00000e+00
8.40000e+01	9.99963e-02	9.99976e-02	1.00000e+00
8.50000e+01	9.99968e-02	9.99973e-02	1.00000e+00
8.60000e+01	9.99971e-02	9.99968e-02	1.00000e+00
8.70000e+01	9.99974e-02	9.99963e-02	1.00000e+00
8.80000e+01	9.99974e-02	9.99961e-02	1.00000e+00
8.90000e+01	9.99962e-02	9.99974e-02	1.00000e+00
9.00000e+01	9.99965e-02	9.99969e-02	1.00000e+00
9.10000e+01	9.99967e-02	9.99964e-02	1.00000e+00
9.20000e+01	9.99972e-02	9.99960e-02	1.00000e+00
9.30000e+01	9.99971e-02	9.99959e-02	1.00000e+00
9.40000e+01	9.99966e-02	9.99959e-02	1.00000e+00
9.50000e+01	9.99963e-02	9.99959e-02	1.00000e+00
9.60000e+01	9.99960e-02	9.99959e-02	1.00000e+00
9.70000e+01	9.99960e-02	9.99961e-02	1.00000e+00
9.80000e+01	9.99962e-02	9.99965e-02	1.00000e+00
9.90000e+01	9.99960e-02	9.99968e-02	1.00000e+00
1.00000e+02	9.99962e-02	9.99974e-02	1.00000e+00
>>head<<VGS(100) IDS(100) IGS(100) VDS(100)
1.00000e+02	9.99963e-02	9.99961e-02	-1.00000e+00
9.90000e+01	9.99959e-02	9.99959e-02	-1.00000e+00
9.80000e+01	9.99957e-02	9.99958e-02	-1.00000e+00
9.70000e+01	9.99957e-02	9.99961e-02	-1.00000e+00
9.60000e+01	9.99956e-02	9.99965e-02	-1.00000e+00
9.50000e+01	9.99956e-02	9.99970e-02	-1.00000e+00
9.40000e+01	9.99958e-02	9.99973e-02	-1.00000e+00
9.30000e+01	9.99964e-02	9.99971e-02	-1.00000e+00
9.20000e+01	9.99964e-02	9.99965e-02	-1.00000e+00
9.10000e+01	9.99969e-02	9.99964e-02	-1.00000e+00
9.00000e+01	9.99972e-02	9.99959e-02	-1.00000e+00
8.90000e+01	9.99971e-02	9.99960e-02	-1.00000e+00
8.80000e+01	9.99967e-02	9.99958e-02	-1.00000e+00
8.70000e+01	9.99963e-02	9.99957e-02	-1.00000e+00
8.60000e+01	9.99957e-02	9.99956e-02	-1.00000e+00
8.50000e+01	9.99955e-02	9.99956e-02	-1.00000e+00
8.40000e+01	9.99955e-02	9.99958e-02	-1.00000e+00
8.30000e+01	9.99955e-02	9.99961e-02	-1.00000e+00
8.20000e+01	9.99956e-02	9.99965e-02	-1.00000e+00
8.10000e+01	9.99955e-02	9.99969e-02	-1.00000e+00
8.00000e+01	9.99957e-02	9.99971e-02	-1.00000e+00
7.90000e+01	9.99960e-02	9.99967e-02	-1.00000e+00
7.80000e+01	9.99964e-02	9.99963e-02	-1.00000e+00
7.70000e+01	9.99968e-02	9.99962e-02	-1.00000e+00
7.60000e+01	9.99971e-02	9.99959e-02	-1.00000e+00
7.50000e+01	9.99967e-02	9.99955e-02	-1.00000e+00
7.40000e+01	9.99965e-02	9.99956e-02	-1.00000e+00
7.30000e+01	9.99962e-02	9.99957e-02	-1.00000e+00
7.20000e+01	9.99959e-02	9.99957e-02	-1.00000e+00
7.10000e+01	9.99955e-02	9.99956e-02	-1.00000e+00
7.00000e+01	9.99956e-02	9.99958e-02	-1.00000e+00
6.90000e+01	9.99958e-02	9.99958e-02	-1.00000e+00
6.80000e+01	9.99967e-02	9.99958e-02	-1.00000e+00
6.70000e+01	9.99963e-02	9.99958e-02	-1.00000e+00
6.60000e+01	9.99959e-02	9.99958e-02	-1.00000e+00
6.50000e+01	9.99958e-02	9.99958e-02	-1.00000e+00
6.40000e+01	9.99958e-02	9.99744e-02	-1.00000e+00
6.30000e+01	9.99955e-02	9.99988e-02	-1.00000e+00
6.20000e+01	1.01642e-01	1.01536e-01	-1.00000e+00
6.10000e+01	1.01112e-01	1.01195e-01	-1.00000e+00
6.00000e+01	1.00230e-01	1.00739e-01	-1.00000e+00
5.90000e+01	1.02501e-01	1.01949e-01	-1.00000e+00
5.80000e+01	1.01439e-01	1.08939e-01	-1.00000e+00
5.70000e+01	9.99949e-02	9.99901e-02	-1.00000e+00
5.60000e+01	9.99986e-02	9.99984e-02	-1.00000e+00
5.50000e+01	9.99948e-02	9.99952e-02	-1.00000e+00
5.40000e+01	9.99906e-02	9.99959e-02	-1.00000e+00
5.30000e+01	9.99949e-02	9.99958e-02	-1.00000e+00
5.20000e+01	9.99932e-02	9.99987e-02	-1.00000e+00
5.10000e+01	9.99973e-02	9.99960e-02	-1.00000e+00
5.00000e+01	9.99966e-02	9.99957e-02	-1.00000e+00
4.90000e+01	8.64587e-02	8.75434e-02	-1.00000e+00
4.80000e+01	9.10005e-02	9.02191e-02	-1.00000e+00
4.70000e+01	8.68584e-02	8.67459e-02	-1.00000e+00
4.60000e+01	8.15157e-02	8.09374e-02	-1.00000e+00
4.50000e+01	7.74587e-02	7.72585e-02	-1.00000e+00
4.40000e+01	7.47121e-02	7.63130e-02	-1.00000e+00
4.30000e+01	7.75123e-02	7.53158e-02	-1.00000e+00
4.20000e+01	6.96963e-02	6.93056e-02	-1.00000e+00
4.10000e+01	6.56322e-02	6.51441e-02	-1.00000e+00
4.00000e+01	6.20599e-02	6.18074e-02	-1.00000e+00
3.90000e+01	5.49840e-02	5.47022e-02	-1.00000e+00
3.80000e+01	5.17773e-02	5.15767e-02	-1.00000e+00
3.70000e+01	4.91902e-02	4.89788e-02	-1.00000e+00
3.60000e+01	4.62308e-02	4.60696e-02	-1.00000e+00
3.50000e+01	4.38775e-02	4.36934e-02	-1.00000e+00
3.40000e+01	4.12582e-02	4.11537e-02	-1.00000e+00
3.30000e+01	3.88476e-02	3.87581e-02	-1.00000e+00
3.20000e+01	3.67872e-02	3.66643e-02	-1.00000e+00
3.10000e+01	3.47249e-02	3.46273e-02	-1.00000e+00
3.00000e+01	3.27215e-02	3.26110e-02	-1.00000e+00
2.90000e+01	3.08555e-02	3.07455e-02	-1.00000e+00
2.80000e+01	2.90439e-02	2.89673e-02	-1.00000e+00
2.70000e+01	2.72889e-02	2.72016e-02	-1.00000e+00
2.60000e+01	2.56292e-02	2.55635e-02	-1.00000e+00
2.50000e+01	2.40125e-02	2.38679e-02	-1.00000e+00
2.40000e+01	2.24049e-02	2.23557e-02	-1.00000e+00
2.30000e+01	2.09546e-02	2.09107e-02	-1.00000e+00
2.20000e+01	1.94960e-02	1.94277e-02	-1.00000e+00
2.10000e+01	1.81330e-02	1.81007e-02	-1.00000e+00
2.00000e+01	1.68511e-02	1.68291e-02	-1.00000e+00
1.90000e+01	1.56134e-02	1.55924e-02	-1.00000e+00
1.80000e+01	1.44221e-02	1.43551e-02	-1.00000e+00
1.70000e+01	1.32062e-02	1.31638e-02	-1.00000e+00
1.60000e+01	1.21757e-02	1.21407e-02	-1.00000e+00
1.50000e+01	1.10562e-02	1.10330e-02	-1.00000e+00
1.40000e+01	9.94857e-03	9.90395e-03	-1.00000e+00
1.30000e+01	8.97372e-03	8.97788e-03	-1.00000e+00
1.20000e+01	7.87964e-03	7.88840e-03	-1.00000e+00
1.10000e+01	7.07240e-03	7.03344e-03	-1.00000e+00
1.00000e+01	6.12079e-03	6.10246e-03	-1.00000e+00
9.00000e+00	5.27707e-03	5.24239e-03	-1.00000e+00
8.00000e+00	4.50110e-03	4.48569e-03	-1.00000e+00
7.00000e+00	3.77517e-03	3.78071e-03	-1.00000e+00
6.00000e+00	3.06836e-03	3.06303e-03	-1.00000e+00
5.00000e+00	2.42809e-03	2.41785e-03	-1.00000e+00
4.00000e+00	1.79661e-03	1.78735e-03	-1.00000e+00
3.00000e+00	1.27755e-03	1.27665e-03	-1.00000e+00
2.00000e+00	8.15031e-04	8.14595e-04	-1.00000e+00
1.00000e+00	3.80502e-04	3.80102e-04	-1.00000e+00
0.00000e+00	-7.39906e-08	-7.03638e-08	-1.00000e+00
>>END<<
