V(__) I(__) lux CurrCoeff. CurrA/m^-2. lux/m^-1
0.00000e+00 -4.53368e-12 0.1 -4.53368E-11 -1.007484E-06 2.222222E+04
5.00000e-01 1.15742e-09 0.1 1.15742E-08 2.572044E-04 2.222222E+04
1.00000e+00 9.16361e-09 0.1 9.16361E-08 2.036358E-03 2.222222E+04
1.50000e+00 2.34680e-08 0.1 2.3468E-07 5.215111E-03 2.222222E+04
2.00000e+00 6.61043e-08 0.1 6.61043E-07 1.468984E-02 2.222222E+04
2.50000e+00 1.23730e-07 0.1 1.2373E-06 2.749556E-02 2.222222E+04
3.00000e+00 1.99353e-07 0.1 1.99353E-06 4.430067E-02 2.222222E+04
3.50000e+00 2.80811e-07 0.1 2.80811E-06 6.240244E-02 2.222222E+04
4.00000e+00 3.71618e-07 0.1 3.71618E-06 8.258178E-02 2.222222E+04
4.50000e+00 4.67510e-07 0.1 4.6751E-06 1.038911E-01 2.222222E+04
5.00000e+00 5.79997e-07 0.1 5.79997E-06 1.288882E-01 2.222222E+04
5.50000e+00 6.94071e-07 0.1 6.94071E-06 1.54238E-01 2.222222E+04
6.00000e+00 8.47434e-07 0.1 8.47434E-06 1.883187E-01 2.222222E+04
6.50000e+00 1.03896e-06 0.1 1.03896E-05 2.3088E-01 2.222222E+04
7.00000e+00 1.23574e-06 0.1 1.23574E-05 2.746089E-01 2.222222E+04
7.50000e+00 1.54767e-06 0.1 1.54767E-05 3.439267E-01 2.222222E+04
8.00000e+00 1.81506e-06 0.1 1.81506E-05 4.033467E-01 2.222222E+04
8.50000e+00 2.14208e-06 0.1 2.14208E-05 4.760178E-01 2.222222E+04
9.00000e+00 2.43928e-06 0.1 2.43928E-05 5.420622E-01 2.222222E+04
9.50000e+00 2.67647e-06 0.1 2.67647E-05 5.947711E-01 2.222222E+04
1.00000e+01 3.00679e-06 0.1 3.00679E-05 6.681756E-01 2.222222E+04
1.05000e+01 3.22027e-06 0.1 3.22027E-05 7.156156E-01 2.222222E+04
1.10000e+01 3.51395e-06 0.1 3.51395E-05 7.808778E-01 2.222222E+04
1.15000e+01 3.76914e-06 0.1 3.76914E-05 8.375867E-01 2.222222E+04
1.20000e+01 4.12021e-06 0.1 4.12021E-05 9.156022E-01 2.222222E+04
1.25000e+01 4.43807e-06 0.1 4.43807E-05 9.862378E-01 2.222222E+04
1.30000e+01 4.78871e-06 0.1 4.78871E-05 1.064158E+00 2.222222E+04
1.35000e+01 5.12219e-06 0.1 5.12219E-05 1.138264E+00 2.222222E+04
1.40000e+01 5.42391e-06 0.1 5.42391E-05 1.205313E+00 2.222222E+04
1.45000e+01 5.82383e-06 0.1 5.82383E-05 1.294184E+00 2.222222E+04
1.50000e+01 6.17293e-06 0.1 6.17293E-05 1.371762E+00 2.222222E+04
1.55000e+01 6.59970e-06 0.1 6.5997E-05 1.4666E+00 2.222222E+04
1.60000e+01 6.97687e-06 0.1 6.97687E-05 1.550416E+00 2.222222E+04
1.65000e+01 7.50927e-06 0.1 7.50927E-05 1.668727E+00 2.222222E+04
1.70000e+01 8.01388e-06 0.1 8.01388E-05 1.780862E+00 2.222222E+04
1.75000e+01 8.63866e-06 0.1 8.63866E-05 1.919702E+00 2.222222E+04
1.80000e+01 9.21129e-06 0.1 9.21129E-05 2.046953E+00 2.222222E+04
1.85000e+01 9.84201e-06 0.1 9.84201E-05 2.187113E+00 2.222222E+04
1.90000e+01 1.09212e-05 0.1 1.09212E-04 2.426933E+00 2.222222E+04
1.95000e+01 1.16669e-05 0.1 1.16669E-04 2.592644E+00 2.222222E+04
2.00000e+01 1.25795e-05 0.1 1.25795E-04 2.795444E+00 2.222222E+04
2.05000e+01 1.39397e-05 0.1 1.39397E-04 3.097711E+00 2.222222E+04
2.10000e+01 1.51151e-05 0.1 1.51151E-04 3.358911E+00 2.222222E+04
2.15000e+01 1.62611e-05 0.1 1.62611E-04 3.613578E+00 2.222222E+04
2.20000e+01 1.74346e-05 1.1 1.584964E-05 3.874356E+00 2.444444E+05
2.20000e+01 1.82078e-05 1.1 1.655255E-05 4.046178E+00 2.444444E+05
2.15000e+01 1.64119e-05 1.1 1.491991E-05 3.647089E+00 2.444444E+05
2.10000e+01 1.52212e-05 1.1 1.383745E-05 3.382489E+00 2.444444E+05
2.05000e+01 1.42206e-05 0.1 1.42206E-04 3.160133E+00 2.222222E+04
2.00000e+01 1.33049e-05 0.1 1.33049E-04 2.956644E+00 2.222222E+04
1.95000e+01 1.24358e-05 0.1 1.24358E-04 2.763511E+00 2.222222E+04
1.90000e+01 1.17647e-05 0.1 1.17647E-04 2.614378E+00 2.222222E+04
1.85000e+01 1.09387e-05 0.1 1.09387E-04 2.430822E+00 2.222222E+04
1.80000e+01 1.02367e-05 0.1 1.02367E-04 2.274822E+00 2.222222E+04
1.75000e+01 9.68421e-06 0.1 9.68421E-05 2.152047E+00 2.222222E+04
1.70000e+01 1.69992e-04 0.1 1.69992E-03 3.7776E+01 2.222222E+04
1.65000e+01 1.47337e-04 0.1 1.47337E-03 3.274156E+01 2.222222E+04
1.60000e+01 1.35752e-04 0.1 1.35752E-03 3.016711E+01 2.222222E+04
1.55000e+01 1.21224e-04 0.1 1.21224E-03 2.693867E+01 2.222222E+04
1.50000e+01 1.00074e-04 0.1 1.00074E-03 2.223867E+01 2.222222E+04
1.45000e+01 8.62947e-05 0.1 8.62947E-04 1.91766E+01 2.222222E+04
1.40000e+01 7.43165e-05 0.1 7.43165E-04 1.651478E+01 2.222222E+04
1.35000e+01 6.31667e-05 0.1 6.31667E-04 1.403704E+01 2.222222E+04
1.30000e+01 5.34420e-05 0.1 5.3442E-04 1.1876E+01 2.222222E+04
1.25000e+01 4.48822e-05 0.1 4.48822E-04 9.973822E+00 2.222222E+04
1.20000e+01 3.74217e-05 0.1 3.74217E-04 8.315933E+00 2.222222E+04
1.15000e+01 3.10272e-05 0.1 3.10272E-04 6.894933E+00 2.222222E+04
1.10000e+01 2.64723e-05 0.1 2.64723E-04 5.882733E+00 2.222222E+04
1.05000e+01 2.16377e-05 0.1 2.16377E-04 4.808378E+00 2.222222E+04
1.00000e+01 1.75673e-05 0.1 1.75673E-04 3.903844E+00 2.222222E+04
9.50000e+00 1.41284e-05 0.1 1.41284E-04 3.139644E+00 2.222222E+04
9.00000e+00 1.13153e-05 0.1 1.13153E-04 2.514511E+00 2.222222E+04
8.50000e+00 8.95982e-06 0.1 8.95982E-05 1.991071E+00 2.222222E+04
8.00000e+00 7.09502e-06 0.1 7.09502E-05 1.576671E+00 2.222222E+04
7.50000e+00 5.57771e-06 0.1 5.57771E-05 1.239491E+00 2.222222E+04
7.00000e+00 4.36510e-06 0.1 4.3651E-05 9.700222E-01 2.222222E+04
6.50000e+00 3.39453e-06 0.1 3.39453E-05 7.5434E-01 2.222222E+04
6.00000e+00 2.64916e-06 0.1 2.64916E-05 5.887022E-01 2.222222E+04
5.50000e+00 2.04058e-06 0.1 2.04058E-05 4.534622E-01 2.222222E+04
5.00000e+00 1.58467e-06 0.1 1.58467E-05 3.521489E-01 2.222222E+04
4.50000e+00 1.22538e-06 0.1 1.22538E-05 2.723067E-01 2.222222E+04
4.00000e+00 9.42815e-07 0.1 9.42815E-06 2.095144E-01 2.222222E+04
3.50000e+00 7.11885e-07 0.1 7.11885E-06 1.581967E-01 2.222222E+04
3.00000e+00 5.45490e-07 0.1 5.4549E-06 1.2122E-01 2.222222E+04
2.50000e+00 3.88676e-07 0.1 3.88676E-06 8.637244E-02 2.222222E+04
2.00000e+00 2.72063e-07 0.1 2.72063E-06 6.045844E-02 2.222222E+04
1.50000e+00 1.69465e-07 0.1 1.69465E-06 3.765889E-02 2.222222E+04
1.00000e+00 8.86516e-08 0.1 8.86516E-07 1.970036E-02 2.222222E+04
5.00000e-01 2.17787e-08 0.1 2.17787E-07 4.839711E-03 2.222222E+04
0.00000e+00 -1.84474e-08 0.1 -1.84474E-07 -4.099422E-03 2.222222E+04
     
