V(__) I(__) lux CurrCoeff. CurrA/m^-2. lux/m^-1
0.00000e+00 9.63151e-13 0.1 9.63151E-12 2.140336E-07 2.222222E+04
5.00000e-01 1.50540e-11 0.1 1.5054E-10 3.345333E-06 2.222222E+04
1.00000e+00 1.51669e-11 0.1 1.51669E-10 3.370422E-06 2.222222E+04
1.50000e+00 1.51705e-11 0.1 1.51705E-10 3.371222E-06 2.222222E+04
2.00000e+00 1.50938e-11 0.1 1.50938E-10 3.354178E-06 2.222222E+04
2.50000e+00 1.52372e-11 0.1 1.52372E-10 3.386044E-06 2.222222E+04
3.00000e+00 1.52601e-11 0.1 1.52601E-10 3.391133E-06 2.222222E+04
3.50000e+00 1.52113e-11 0.1 1.52113E-10 3.380289E-06 2.222222E+04
4.00000e+00 1.52713e-11 0.1 1.52713E-10 3.393622E-06 2.222222E+04
4.50000e+00 1.53105e-11 0.1 1.53105E-10 3.402333E-06 2.222222E+04
5.00000e+00 1.52181e-11 0.1 1.52181E-10 3.3818E-06 2.222222E+04
5.50000e+00 1.54151e-11 0.1 1.54151E-10 3.425578E-06 2.222222E+04
6.00000e+00 1.58450e-11 0.1 1.5845E-10 3.521111E-06 2.222222E+04
6.50000e+00 1.39172e-11 0.1 1.39172E-10 3.092711E-06 2.222222E+04
7.00000e+00 2.58919e-11 0.1 2.58919E-10 5.753756E-06 2.222222E+04
7.50000e+00 1.53563e-11 0.1 1.53563E-10 3.412511E-06 2.222222E+04
8.00000e+00 1.39633e-11 0.1 1.39633E-10 3.102956E-06 2.222222E+04
8.50000e+00 1.48525e-11 0.1 1.48525E-10 3.300556E-06 2.222222E+04
9.00000e+00 1.47027e-11 0.1 1.47027E-10 3.267267E-06 2.222222E+04
9.50000e+00 1.58408e-11 0.1 1.58408E-10 3.520178E-06 2.222222E+04
1.00000e+01 1.51511e-11 0.1 1.51511E-10 3.366911E-06 2.222222E+04
1.05000e+01 1.48040e-11 0.1 1.4804E-10 3.289778E-06 2.222222E+04
1.10000e+01 1.51170e-11 0.1 1.5117E-10 3.359333E-06 2.222222E+04
1.15000e+01 1.64311e-11 0.1 1.64311E-10 3.651356E-06 2.222222E+04
1.20000e+01 1.48910e-11 0.1 1.4891E-10 3.309111E-06 2.222222E+04
1.25000e+01 1.80396e-11 0.1 1.80396E-10 4.0088E-06 2.222222E+04
1.30000e+01 -1.98110e-12 0.1 -1.9811E-11 -4.402444E-07 2.222222E+04
1.35000e+01 1.36737e-11 0.1 1.36737E-10 3.0386E-06 2.222222E+04
1.40000e+01 -4.54760e-11 0.1 -4.5476E-10 -1.010578E-05 2.222222E+04
1.45000e+01 4.20671e-10 0.1 4.20671E-09 9.348244E-05 2.222222E+04
1.50000e+01 4.10714e-12 0.1 4.10714E-11 9.126978E-07 2.222222E+04
1.55000e+01 1.50269e-11 0.1 1.50269E-10 3.339311E-06 2.222222E+04
1.60000e+01 1.42643e-11 0.1 1.42643E-10 3.169844E-06 2.222222E+04
1.65000e+01 1.57264e-11 0.1 1.57264E-10 3.494756E-06 2.222222E+04
1.70000e+01 1.46402e-11 0.1 1.46402E-10 3.253378E-06 2.222222E+04
1.75000e+01 1.42489e-11 0.1 1.42489E-10 3.166422E-06 2.222222E+04
1.80000e+01 1.45879e-11 0.1 1.45879E-10 3.241756E-06 2.222222E+04
1.85000e+01 1.77371e-11 0.1 1.77371E-10 3.941578E-06 2.222222E+04
1.90000e+01 1.29622e-11 0.1 1.29622E-10 2.880489E-06 2.222222E+04
1.95000e+01 1.91718e-11 8.3 2.309855E-12 4.2604E-06 1.844444E+06
2.00000e+01 1.06027e-11 38.9 2.72563E-13 2.356156E-06 8.644444E+06
2.00000e+01 1.14820e-12 62.14 1.847763E-14 2.551556E-07 1.380889E+07
1.95000e+01 -4.76326e-12 64.15 -7.425191E-14 -1.058502E-06 1.425556E+07
1.90000e+01 -4.32621e-12 65.15 -6.640384E-14 -9.6138E-07 1.447778E+07
1.85000e+01 -1.72569e-11 65.15 -2.648795E-13 -3.834867E-06 1.447778E+07
1.80000e+01 -1.45909e-11 65.15 -2.239586E-13 -3.242422E-06 1.447778E+07
1.75000e+01 -1.45515e-11 65.15 -2.233538E-13 -3.233667E-06 1.447778E+07
1.70000e+01 -1.49199e-11 66.15 -2.255465E-13 -3.315533E-06 1.47E+07
1.65000e+01 -1.38991e-11 66.15 -2.101149E-13 -3.088689E-06 1.47E+07
1.60000e+01 -1.35779e-11 66.15 -2.052593E-13 -3.017311E-06 1.47E+07
1.55000e+01 -1.18789e-11 66.15 -1.795752E-13 -2.639756E-06 1.47E+07
1.50000e+01 -1.36897e-11 66.15 -2.069494E-13 -3.042156E-06 1.47E+07
1.45000e+01 -1.38702e-11 66.15 -2.09678E-13 -3.082267E-06 1.47E+07
1.40000e+01 -1.41916e-11 66.15 -2.145367E-13 -3.153689E-06 1.47E+07
1.35000e+01 -1.43694e-11 66.15 -2.172245E-13 -3.1932E-06 1.47E+07
1.30000e+01 -1.37961e-11 66.15 -2.085578E-13 -3.0658E-06 1.47E+07
1.25000e+01 -1.41790e-11 66.15 -2.143462E-13 -3.150889E-06 1.47E+07
1.20000e+01 -1.41607e-11 67.15 -2.108816E-13 -3.146822E-06 1.492222E+07
1.15000e+01 -1.42156e-11 67.15 -2.116992E-13 -3.159022E-06 1.492222E+07
1.10000e+01 -1.34911e-11 67.15 -2.009099E-13 -2.998022E-06 1.492222E+07
1.05000e+01 -1.74970e-11 67.15 -2.605659E-13 -3.888222E-06 1.492222E+07
1.00000e+01 -1.65250e-11 67.15 -2.460908E-13 -3.672222E-06 1.492222E+07
9.50000e+00 -1.36571e-11 67.15 -2.03382E-13 -3.034911E-06 1.492222E+07
9.00000e+00 -1.44074e-11 67.15 -2.145555E-13 -3.201644E-06 1.492222E+07
8.50000e+00 -1.43714e-11 67.15 -2.140194E-13 -3.193644E-06 1.492222E+07
8.00000e+00 -1.42213e-11 67.15 -2.117841E-13 -3.160289E-06 1.492222E+07
7.50000e+00 -1.42102e-11 67.15 -2.116188E-13 -3.157822E-06 1.492222E+07
7.00000e+00 -1.43266e-11 67.15 -2.133522E-13 -3.183689E-06 1.492222E+07
6.50000e+00 -1.41733e-11 68.15 -2.079721E-13 -3.149622E-06 1.514444E+07
6.00000e+00 -1.46531e-11 67.15 -2.182144E-13 -3.256244E-06 1.492222E+07
5.50000e+00 -1.45354e-11 68.15 -2.132854E-13 -3.230089E-06 1.514444E+07
5.00000e+00 -1.43682e-11 68.15 -2.10832E-13 -3.192933E-06 1.514444E+07
4.50000e+00 -1.43480e-11 68.15 -2.105356E-13 -3.188444E-06 1.514444E+07
4.00000e+00 -1.43772e-11 68.15 -2.10964E-13 -3.194933E-06 1.514444E+07
3.50000e+00 -1.45277e-11 68.15 -2.131724E-13 -3.228378E-06 1.514444E+07
3.00000e+00 -1.44926e-11 68.15 -2.126574E-13 -3.220578E-06 1.514444E+07
2.50000e+00 -1.47600e-11 68.15 -2.165811E-13 -3.28E-06 1.514444E+07
2.00000e+00 -1.41499e-11 68.15 -2.076288E-13 -3.144422E-06 1.514444E+07
1.50000e+00 -1.42671e-11 68.15 -2.093485E-13 -3.170467E-06 1.514444E+07
1.00000e+00 -1.48017e-11 68.15 -2.17193E-13 -3.289267E-06 1.514444E+07
5.00000e-01 -1.45651e-11 68.15 -2.137212E-13 -3.236689E-06 1.514444E+07
0.00000e+00 -1.43798e-11 68.15 -2.110022E-13 -3.195511E-06 1.514444E+07
     
