>>head<<V(__) 	 I(__) 	 lux 	 CurrCoeff. 	 CurrA/m^-2. 	 lux/m^-1
0.00000e+00	1.95294e-11 	 0.1 	 1.95294E-10 	 4.339867E-06 	 2.222222E+04
5.00000e-01	1.77911e-07 	 0.1 	 1.77911E-06 	 3.953578E-02 	 2.222222E+04
1.00000e+00	4.02238e-07 	 0.1 	 4.02238E-06 	 8.938622E-02 	 2.222222E+04
1.50000e+00	6.85731e-07 	 0.1 	 6.85731E-06 	 1.523847E-01 	 2.222222E+04
2.00000e+00	1.03812e-06 	 0.1 	 1.03812E-05 	 2.306933E-01 	 2.222222E+04
2.50000e+00	1.45760e-06 	 0.1 	 1.4576E-05 	 3.239111E-01 	 2.222222E+04
3.00000e+00	2.00536e-06 	 0.1 	 2.00536E-05 	 4.456356E-01 	 2.222222E+04
3.50000e+00	2.81424e-06 	 0.1 	 2.81424E-05 	 6.253867E-01 	 2.222222E+04
4.00000e+00	3.85540e-06 	 0.1 	 3.8554E-05 	 8.567556E-01 	 2.222222E+04
4.50000e+00	5.64466e-06 	 0.1 	 5.64466E-05 	 1.254369E+00 	 2.222222E+04
5.00000e+00	7.75636e-06 	 1.1 	 7.051236E-06 	 1.723636E+00 	 2.444444E+05
5.50000e+00	1.11673e-05 	 1.1 	 1.015209E-05 	 2.481622E+00 	 2.444444E+05
6.00000e+00	1.48397e-05 	 3.1 	 4.787E-06 	 3.297711E+00 	 6.888889E+05
6.50000e+00	2.06673e-05 	 5.1 	 4.052412E-06 	 4.592733E+00 	 1.133333E+06
7.00000e+00	2.89692e-05 	 8.1 	 3.576444E-06 	 6.4376E+00 	 1.8E+06
7.50000e+00	4.08829e-05 	 12.1 	 3.378752E-06 	 9.085089E+00 	 2.688889E+06
8.00000e+00	5.64846e-05 	 18.1 	 3.120696E-06 	 1.255213E+01 	 4.022222E+06
8.50000e+00	7.70636e-05 	 27.1 	 2.843675E-06 	 1.712524E+01 	 6.022222E+06
9.00000e+00	1.07436e-04 	 38.2 	 2.812461E-06 	 2.387467E+01 	 8.488889E+06
9.50000e+00	1.47715e-04 	 52.2 	 2.829789E-06 	 3.282556E+01 	 1.16E+07
1.00000e+01	1.97642e-04 	 70.3 	 2.811408E-06 	 4.392044E+01 	 1.562222E+07
1.05000e+01	2.60587e-04 	 91.3 	 2.854184E-06 	 5.790822E+01 	 2.028889E+07
1.10000e+01	3.38115e-04 	 117.4 	 2.880026E-06 	 7.513667E+01 	 2.608889E+07
1.15000e+01	4.28218e-04 	 146.5 	 2.92299E-06 	 9.515956E+01 	 3.255556E+07
1.20000e+01	5.44979e-04 	 179.7 	 3.032716E-06 	 1.211064E+02 	 3.993333E+07
1.25000e+01	6.89789e-04 	 214.8 	 3.211308E-06 	 1.532864E+02 	 4.773333E+07
1.30000e+01	8.60099e-04 	 249.1 	 3.452826E-06 	 1.911331E+02 	 5.535556E+07
1.35000e+01	1.04930e-03 	 283.12 	 3.706202E-06 	 2.331778E+02 	 6.291556E+07
1.40000e+01	1.29531e-03 	 314.14 	 4.123353E-06 	 2.878467E+02 	 6.980889E+07
1.45000e+01	1.57318e-03 	 340.16 	 4.624824E-06 	 3.495956E+02 	 7.559111E+07
1.50000e+01	1.91320e-03 	 358.19 	 5.341299E-06 	 4.251556E+02 	 7.959778E+07
1.55000e+01	2.26342e-03 	 368.21 	 6.14709E-06 	 5.029822E+02 	 8.182444E+07
1.60000e+01	2.70516e-03 	 371.23 	 7.287019E-06 	 6.011467E+02 	 8.249556E+07
1.65000e+01	3.17965e-03 	 366.25 	 8.681638E-06 	 7.065889E+02 	 8.138889E+07
1.70000e+01	3.72278e-03 	 356.27 	 1.044932E-05 	 8.272844E+02 	 7.917111E+07
1.75000e+01	4.35663e-03 	 342.28 	 1.272826E-05 	 9.6814E+02 	 7.606222E+07
1.80000e+01	5.16906e-03 	 325.3 	 1.589013E-05 	 1.14868E+03 	 7.228889E+07
1.85000e+01	6.08185e-03 	 308.31 	 1.972641E-05 	 1.351522E+03 	 6.851333E+07
1.90000e+01	7.16862e-03 	 291.32 	 2.460737E-05 	 1.593027E+03 	 6.473778E+07
1.95000e+01	8.47062e-03 	 278.33 	 3.043373E-05 	 1.88236E+03 	 6.185111E+07
2.00000e+01	1.00744e-02 	 271.35 	 3.712696E-05 	 2.238756E+03 	 6.03E+07
2.00000e+01	9.83695e-03 	 235.32 	 4.180244E-05 	 2.185989E+03 	 5.229333E+07
1.95000e+01	7.72146e-03 	 181.25 	 4.260116E-05 	 1.71588E+03 	 4.027778E+07
1.90000e+01	5.83502e-03 	 140.2 	 4.161926E-05 	 1.296671E+03 	 3.115556E+07
1.85000e+01	4.37152e-03 	 109.15 	 4.005057E-05 	 9.714489E+02 	 2.425556E+07
1.80000e+01	3.24880e-03 	 84.12 	 3.862102E-05 	 7.219556E+02 	 1.869333E+07
1.75000e+01	2.38738e-03 	 65.9 	 3.622731E-05 	 5.305289E+02 	 1.464444E+07
1.70000e+01	1.76356e-03 	 50.7 	 3.478422E-05 	 3.919022E+02 	 1.126667E+07
1.65000e+01	1.31317e-03 	 38.5 	 3.410831E-05 	 2.918156E+02 	 8.555556E+06
1.60000e+01	9.45691e-04 	 29.4 	 3.216636E-05 	 2.101536E+02 	 6.533333E+06
1.55000e+01	6.81709e-04 	 22.3 	 3.056991E-05 	 1.514909E+02 	 4.955556E+06
1.50000e+01	4.98604e-04 	 16.2 	 3.077802E-05 	 1.108009E+02 	 3.6E+06
1.45000e+01	3.70239e-04 	 12.2 	 3.034746E-05 	 8.227533E+01 	 2.711111E+06
1.40000e+01	2.86555e-04 	 9.2 	 3.114728E-05 	 6.367889E+01 	 2.044444E+06
1.35000e+01	1.98707e-04 	 7.1 	 2.79869E-05 	 4.415711E+01 	 1.577778E+06
1.30000e+01	1.39477e-04 	 5.1 	 2.734843E-05 	 3.099489E+01 	 1.133333E+06
1.25000e+01	1.16437e-04 	 4.1 	 2.839927E-05 	 2.587489E+01 	 9.111111E+05
1.20000e+01	1.07782e-04 	 3.1 	 3.476839E-05 	 2.395156E+01 	 6.888889E+05
1.15000e+01	8.61993e-05 	 2.1 	 4.104729E-05 	 1.91554E+01 	 4.666667E+05
1.10000e+01	6.08962e-05 	 1.1 	 5.536018E-05 	 1.353249E+01 	 2.444444E+05
1.05000e+01	4.21196e-05 	 1.1 	 3.829055E-05 	 9.359911E+00 	 2.444444E+05
1.00000e+01	4.39526e-05 	 1.1 	 3.995691E-05 	 9.767244E+00 	 2.444444E+05
9.50000e+00	4.34576e-05 	 0.1 	 4.34576E-04 	 9.657244E+00 	 2.222222E+04
9.00000e+00	2.84330e-05 	 0.1 	 2.8433E-04 	 6.318444E+00 	 2.222222E+04
8.50000e+00	2.34958e-05 	 0.1 	 2.34958E-04 	 5.221289E+00 	 2.222222E+04
8.00000e+00	1.73427e-05 	 0.1 	 1.73427E-04 	 3.853933E+00 	 2.222222E+04
7.50000e+00	1.46883e-05 	 0.1 	 1.46883E-04 	 3.264067E+00 	 2.222222E+04
7.00000e+00	1.34005e-05 	 0.1 	 1.34005E-04 	 2.977889E+00 	 2.222222E+04
6.50000e+00	1.11489e-05 	 0.1 	 1.11489E-04 	 2.477533E+00 	 2.222222E+04
6.00000e+00	8.71640e-06 	 0.1 	 8.7164E-05 	 1.936978E+00 	 2.222222E+04
5.50000e+00	2.99162e-05 	 0.1 	 2.99162E-04 	 6.648044E+00 	 2.222222E+04
5.00000e+00	2.35128e-05 	 0.1 	 2.35128E-04 	 5.225067E+00 	 2.222222E+04
4.50000e+00	2.12590e-05 	 0.1 	 2.1259E-04 	 4.724222E+00 	 2.222222E+04
4.00000e+00	1.82668e-05 	 0.1 	 1.82668E-04 	 4.059289E+00 	 2.222222E+04
3.50000e+00	1.43745e-05 	 0.1 	 1.43745E-04 	 3.194333E+00 	 2.222222E+04
3.00000e+00	9.21826e-06 	 0.1 	 9.21826E-05 	 2.048502E+00 	 2.222222E+04
2.50000e+00	9.00628e-06 	 0.1 	 9.00628E-05 	 2.001396E+00 	 2.222222E+04
2.00000e+00	5.93134e-06 	 0.1 	 5.93134E-05 	 1.318076E+00 	 2.222222E+04
1.50000e+00	3.86769e-06 	 0.1 	 3.86769E-05 	 8.594867E-01 	 2.222222E+04
1.00000e+00	2.12650e-06 	 0.1 	 2.1265E-05 	 4.725556E-01 	 2.222222E+04
5.00000e-01	7.43502e-07 	 0.1 	 7.43502E-06 	 1.652227E-01 	 2.222222E+04
0.00000e+00	-1.97637e-10 	 0.1 	 -1.97637E-09 	 -4.391933E-05 	 2.222222E+04
>>END<<
DATA: /home/user/PycharmProjects/OFET_K2636B_2019.10.15/data/Seria_RB29_PT5100_P3_oled_000.txt
