>>head<<V(__) 	 I(__) 	 lux 	 CurrCoeff. 	 CurrA/m^-2. 	 lux/m^-1
0.00000e+00	-3.55483e-07 	 0.1 	 -3.55483E-06 	 -7.899622E-02 	 2.222222E+04
5.00000e-01	3.92661e-03 	 0.1 	 3.92661E-02 	 8.7258E+02 	 2.222222E+04
1.00000e+00	7.88631e-03 	 0.1 	 7.88631E-02 	 1.752513E+03 	 2.222222E+04
1.50000e+00	1.19009e-02 	 0.1 	 1.19009E-01 	 2.644644E+03 	 2.222222E+04
2.00000e+00	1.59684e-02 	 0.1 	 1.59684E-01 	 3.548533E+03 	 2.222222E+04
2.50000e+00	2.00128e-02 	 0.1 	 2.00128E-01 	 4.447289E+03 	 2.222222E+04
3.00000e+00	2.41621e-02 	 0.1 	 2.41621E-01 	 5.369356E+03 	 2.222222E+04
3.50000e+00	2.91263e-02 	 0.1 	 2.91263E-01 	 6.472511E+03 	 2.222222E+04
4.00000e+00	3.36027e-02 	 0.1 	 3.36027E-01 	 7.467267E+03 	 2.222222E+04
4.50000e+00	3.79873e-02 	 0.1 	 3.79873E-01 	 8.441622E+03 	 2.222222E+04
5.00000e+00	4.23735e-02 	 0.1 	 4.23735E-01 	 9.416333E+03 	 2.222222E+04
5.50000e+00	4.66861e-02 	 0.1 	 4.66861E-01 	 1.037469E+04 	 2.222222E+04
6.00000e+00	5.09083e-02 	 0.1 	 5.09083E-01 	 1.131296E+04 	 2.222222E+04
6.50000e+00	5.49769e-02 	 0.1 	 5.49769E-01 	 1.221709E+04 	 2.222222E+04
7.00000e+00	5.90479e-02 	 0.1 	 5.90479E-01 	 1.312176E+04 	 2.222222E+04
7.50000e+00	6.34564e-02 	 0.1 	 6.34564E-01 	 1.410142E+04 	 2.222222E+04
8.00000e+00	6.82722e-02 	 0.1 	 6.82722E-01 	 1.51716E+04 	 2.222222E+04
8.50000e+00	7.27439e-02 	 0.1 	 7.27439E-01 	 1.616531E+04 	 2.222222E+04
9.00000e+00	7.76163e-02 	 0.1 	 7.76163E-01 	 1.724807E+04 	 2.222222E+04
9.50000e+00	9.19004e-02 	 6.1 	 1.506564E-02 	 2.042231E+04 	 1.355556E+06
1.00000e+01	9.66077e-02 	 0.1 	 9.66077E-01 	 2.146838E+04 	 2.222222E+04
1.05000e+01	9.99955e-02 	 0.1 	 9.99955E-01 	 2.222122E+04 	 2.222222E+04
1.10000e+01	9.99955e-02 	 0.1 	 9.99955E-01 	 2.222122E+04 	 2.222222E+04
1.15000e+01	9.99954e-02 	 0.1 	 9.99954E-01 	 2.22212E+04 	 2.222222E+04
1.20000e+01	9.99956e-02 	 0.1 	 9.99956E-01 	 2.222124E+04 	 2.222222E+04
1.25000e+01	9.99957e-02 	 0.1 	 9.99957E-01 	 2.222127E+04 	 2.222222E+04
1.30000e+01	9.99956e-02 	 0.1 	 9.99956E-01 	 2.222124E+04 	 2.222222E+04
1.35000e+01	9.99954e-02 	 0.1 	 9.99954E-01 	 2.22212E+04 	 2.222222E+04
1.40000e+01	9.99953e-02 	 0.1 	 9.99953E-01 	 2.222118E+04 	 2.222222E+04
1.45000e+01	9.99953e-02 	 0.1 	 9.99953E-01 	 2.222118E+04 	 2.222222E+04
1.50000e+01	9.99957e-02 	 0.1 	 9.99957E-01 	 2.222127E+04 	 2.222222E+04
1.55000e+01	9.99956e-02 	 0.1 	 9.99956E-01 	 2.222124E+04 	 2.222222E+04
1.60000e+01	9.99953e-02 	 0.1 	 9.99953E-01 	 2.222118E+04 	 2.222222E+04
1.65000e+01	9.99953e-02 	 0.1 	 9.99953E-01 	 2.222118E+04 	 2.222222E+04
1.70000e+01	9.99952e-02 	 0.1 	 9.99952E-01 	 2.222116E+04 	 2.222222E+04
1.75000e+01	9.99951e-02 	 0.1 	 9.99951E-01 	 2.222113E+04 	 2.222222E+04
1.80000e+01	9.99949e-02 	 0.1 	 9.99949E-01 	 2.222109E+04 	 2.222222E+04
1.85000e+01	9.99951e-02 	 0.1 	 9.99951E-01 	 2.222113E+04 	 2.222222E+04
1.90000e+01	9.99952e-02 	 0.1 	 9.99952E-01 	 2.222116E+04 	 2.222222E+04
1.95000e+01	9.99951e-02 	 0.1 	 9.99951E-01 	 2.222113E+04 	 2.222222E+04
2.00000e+01	9.99951e-02 	 0.1 	 9.99951E-01 	 2.222113E+04 	 2.222222E+04
2.00000e+01	9.99952e-02 	 0.1 	 9.99952E-01 	 2.222116E+04 	 2.222222E+04
1.95000e+01	9.99953e-02 	 0.1 	 9.99953E-01 	 2.222118E+04 	 2.222222E+04
1.90000e+01	9.99953e-02 	 0.1 	 9.99953E-01 	 2.222118E+04 	 2.222222E+04
1.85000e+01	9.99954e-02 	 0.1 	 9.99954E-01 	 2.22212E+04 	 2.222222E+04
1.80000e+01	9.99954e-02 	 0.1 	 9.99954E-01 	 2.22212E+04 	 2.222222E+04
1.75000e+01	9.99954e-02 	 0.1 	 9.99954E-01 	 2.22212E+04 	 2.222222E+04
1.70000e+01	9.99954e-02 	 0.1 	 9.99954E-01 	 2.22212E+04 	 2.222222E+04
1.65000e+01	9.99952e-02 	 0.1 	 9.99952E-01 	 2.222116E+04 	 2.222222E+04
1.60000e+01	9.99953e-02 	 0.1 	 9.99953E-01 	 2.222118E+04 	 2.222222E+04
1.55000e+01	9.99955e-02 	 0.1 	 9.99955E-01 	 2.222122E+04 	 2.222222E+04
1.50000e+01	9.99955e-02 	 0.1 	 9.99955E-01 	 2.222122E+04 	 2.222222E+04
1.45000e+01	9.99954e-02 	 0.1 	 9.99954E-01 	 2.22212E+04 	 2.222222E+04
1.40000e+01	9.99953e-02 	 0.1 	 9.99953E-01 	 2.222118E+04 	 2.222222E+04
1.35000e+01	9.99953e-02 	 0.1 	 9.99953E-01 	 2.222118E+04 	 2.222222E+04
1.30000e+01	9.99953e-02 	 0.1 	 9.99953E-01 	 2.222118E+04 	 2.222222E+04
1.25000e+01	9.99954e-02 	 0.1 	 9.99954E-01 	 2.22212E+04 	 2.222222E+04
1.20000e+01	9.99954e-02 	 0.1 	 9.99954E-01 	 2.22212E+04 	 2.222222E+04
1.15000e+01	9.99954e-02 	 0.1 	 9.99954E-01 	 2.22212E+04 	 2.222222E+04
1.10000e+01	9.99954e-02 	 0.1 	 9.99954E-01 	 2.22212E+04 	 2.222222E+04
1.05000e+01	9.77462e-02 	 0.1 	 9.77462E-01 	 2.172138E+04 	 2.222222E+04
1.00000e+01	9.31412e-02 	 0.1 	 9.31412E-01 	 2.069804E+04 	 2.222222E+04
9.50000e+00	8.86030e-02 	 0.1 	 8.8603E-01 	 1.968956E+04 	 2.222222E+04
9.00000e+00	8.40606e-02 	 0.1 	 8.40606E-01 	 1.868013E+04 	 2.222222E+04
8.50000e+00	7.95217e-02 	 0.1 	 7.95217E-01 	 1.767149E+04 	 2.222222E+04
8.00000e+00	7.49748e-02 	 0.1 	 7.49748E-01 	 1.666107E+04 	 2.222222E+04
7.50000e+00	7.04206e-02 	 0.1 	 7.04206E-01 	 1.564902E+04 	 2.222222E+04
7.00000e+00	6.58565e-02 	 0.1 	 6.58565E-01 	 1.463478E+04 	 2.222222E+04
6.50000e+00	6.12743e-02 	 0.1 	 6.12743E-01 	 1.361651E+04 	 2.222222E+04
6.00000e+00	5.66788e-02 	 0.1 	 5.66788E-01 	 1.259529E+04 	 2.222222E+04
5.50000e+00	5.20586e-02 	 0.1 	 5.20586E-01 	 1.156858E+04 	 2.222222E+04
5.00000e+00	4.74203e-02 	 0.1 	 4.74203E-01 	 1.053784E+04 	 2.222222E+04
4.50000e+00	4.27621e-02 	 0.1 	 4.27621E-01 	 9.502689E+03 	 2.222222E+04
4.00000e+00	3.80777e-02 	 0.1 	 3.80777E-01 	 8.461711E+03 	 2.222222E+04
3.50000e+00	3.33719e-02 	 0.1 	 3.33719E-01 	 7.415978E+03 	 2.222222E+04
3.00000e+00	2.86470e-02 	 0.1 	 2.8647E-01 	 6.366E+03 	 2.222222E+04
2.50000e+00	2.39040e-02 	 0.1 	 2.3904E-01 	 5.312E+03 	 2.222222E+04
2.00000e+00	1.91582e-02 	 0.1 	 1.91582E-01 	 4.257378E+03 	 2.222222E+04
1.50000e+00	1.43875e-02 	 0.1 	 1.43875E-01 	 3.197222E+03 	 2.222222E+04
1.00000e+00	9.60312e-03 	 0.1 	 9.60312E-02 	 2.134027E+03 	 2.222222E+04
5.00000e-01	4.80792e-03 	 0.1 	 4.80792E-02 	 1.068427E+03 	 2.222222E+04
0.00000e+00	1.84774e-06 	 0.1 	 1.84774E-05 	 4.106089E-01 	 2.222222E+04
>>END<<
DATA: /home/user/PycharmProjects/OFET_K2636B_2019.10.15/data/Seria_RB29_PT5100_P5_oled_000.txt
