V(__) I(__) lux CurrCoeff.  
0.00000e+00 -7.21450e-07 628.145 -1.603222E-01 1.395878E+08 -8.706702E+06
1.00000e+00 1.43076e-02 0.001 3.179467E+03 2.222222E+02 6.989292E-04
2.00000e+00 3.02508e-02 630.147 6.7224E+03 1.400327E+08 2.083075E+02
3.00000e+00 4.75606e-02 631.148 1.056902E+04 1.402551E+08 1.32704E+02
4.00000e+00 6.59389e-02 632.148 1.465309E+04 1.404773E+08 9.586875E+01
5.00000e+00 8.48348e-02 631.148 1.885218E+04 1.402551E+08 7.43973E+01
6.00000e+00 9.99933e-02 632.149 2.222073E+04 1.404776E+08 6.321914E+01
7.00000e+00 9.99936e-02 635.151 2.22208E+04 1.411447E+08 6.351917E+01
8.00000e+00 9.99937e-02 635.151 2.222082E+04 1.411447E+08 6.35191E+01
9.00000e+00 9.99938e-02 634.15 2.222084E+04 1.409222E+08 6.341893E+01
