>>head<<V(__) 	 I(__) 	 lux 	 CurrCoeff.
0.00000e+00	-1.26544e-11 	 6.4 	 -2.812089E-06 	 1.422222E+06	-5.057529E+09
5.00000e-01	8.31060e-10 	 6.4 	 1.8468E-04 	 1.422222E+06	7.701008E+07
1.00000e+00	2.08004e-09 	 6.4 	 4.622311E-04 	 1.422222E+06	3.076864E+07
1.50000e+00	6.38353e-09 	 6.4 	 1.418562E-03 	 1.422222E+06	1.00258E+07
2.00000e+00	2.75795e-08 	 6.4 	 6.128778E-03 	 1.422222E+06	2.320564E+06
2.50000e+00	2.32318e-06 	 6.4 	 5.162622E-01 	 1.422222E+06	2.754845E+04
3.00000e+00	1.90317e-05 	 6.4 	 4.229267E+00 	 1.422222E+06	3.36281E+03
3.50000e+00	8.01890e-05 	 6.4 	 1.781978E+01 	 1.422222E+06	7.981145E+02
4.00000e+00	2.53786e-04 	 7.4 	 5.639689E+01 	 1.644444E+06	2.915842E+02
4.50000e+00	6.40221e-04 	 13.4 	 1.422713E+02 	 2.977778E+06	2.093027E+02
5.00000e+00	1.37518e-03 	 25.5 	 3.055956E+02 	 5.666667E+06	1.854303E+02
5.50000e+00	2.53532e-03 	 43.6 	 5.634044E+02 	 9.688889E+06	1.719704E+02
6.00000e+00	4.18687e-03 	 70.7 	 9.304156E+02 	 1.571111E+07	1.688612E+02
6.50000e+00	6.30992e-03 	 105.8 	 1.402204E+03 	 2.351111E+07	1.676725E+02
7.00000e+00	8.85659e-03 	 144.1 	 1.968131E+03 	 3.202222E+07	1.627037E+02
7.50000e+00	1.17973e-02 	 186.12 	 2.621622E+03 	 4.136E+07	1.577649E+02
8.00000e+00	1.49824e-02 	 225.13 	 3.329422E+03 	 5.002889E+07	1.50263E+02
8.50000e+00	1.84240e-02 	 264.15 	 4.094222E+03 	 5.87E+07	1.433728E+02
9.00000e+00	2.20276e-02 	 347.19 	 4.895022E+03 	 7.715333E+07	1.576159E+02
9.50000e+00	2.56623e-02 	 369.2 	 5.702733E+03 	 8.204444E+07	1.438686E+02
1.00000e+01	2.90491e-02 	 377.21 	 6.455356E+03 	 8.382444E+07	1.298526E+02
1.05000e+01	3.18789e-02 	 368.21 	 7.0842E+03 	 8.182444E+07	1.155027E+02
1.10000e+01	3.39106e-02 	 339.21 	 7.535689E+03 	 7.538E+07	1.000307E+02
1.15000e+01	3.49632e-02 	 290.19 	 7.7696E+03 	 6.448667E+07	8.29987E+01
1.20000e+01	3.44271e-02 	 225.16 	 7.650467E+03 	 5.003556E+07	6.540197E+01
1.25000e+01	3.13763e-02 	 156.13 	 6.972511E+03 	 3.469556E+07	4.976049E+01
1.30000e+01	2.54351e-02 	 92.1 	 5.652244E+03 	 2.046667E+07	3.62098E+01
>>head<<V(__) 	 I(__) 	 lux 	 CurrCoeff.
1.30000e+01	1.66101e-02 	 28.6 	 3.691133E+03 	 6.355556E+06	1.721844E+01
1.25000e+01	9.51270e-03 	 19.5 	 2.113933E+03 	 4.333333E+06	2.049891E+01
1.20000e+01	6.49068e-03 	 16.5 	 1.442373E+03 	 3.666667E+06	2.542107E+01
1.15000e+01	4.63495e-03 	 13.5 	 1.029989E+03 	 3E+06	2.912653E+01
1.10000e+01	3.35115e-03 	 12.5 	 7.447E+02 	 2.777778E+06	3.730063E+01
1.05000e+01	2.41679e-03 	 11.4 	 5.370644E+02 	 2.533333E+06	4.717001E+01
1.00000e+01	1.72526e-03 	 10.4 	 3.833911E+02 	 2.311111E+06	6.028077E+01
9.50000e+00	1.21722e-03 	 9.4 	 2.704933E+02 	 2.088889E+06	7.722515E+01
9.00000e+00	8.43627e-04 	 8.4 	 1.874727E+02 	 1.866667E+06	9.957007E+01
8.50000e+00	5.80796e-04 	 8.4 	 1.290658E+02 	 1.866667E+06	1.446291E+02
8.00000e+00	3.91172e-04 	 8.4 	 8.692711E+01 	 1.866667E+06	2.147393E+02
7.50000e+00	2.59462e-04 	 7.4 	 5.765822E+01 	 1.644444E+06	2.852055E+02
7.00000e+00	1.69348e-04 	 7.4 	 3.763289E+01 	 1.644444E+06	4.3697E+02
6.50000e+00	1.07793e-04 	 7.4 	 2.3954E+01 	 1.644444E+06	6.86501E+02
6.00000e+00	6.61641e-05 	 7.4 	 1.470313E+01 	 1.644444E+06	1.118431E+03
5.50000e+00	6.36413e-05 	 7.4 	 1.414251E+01 	 1.644444E+06	1.162767E+03
5.00000e+00	2.31726e-05 	 7.4 	 5.149467E+00 	 1.644444E+06	3.193427E+03
4.50000e+00	1.24086e-05 	 7.4 	 2.757467E+00 	 1.644444E+06	5.963606E+03
4.00000e+00	5.87075e-06 	 7.4 	 1.304611E+00 	 1.644444E+06	1.260486E+04
3.50000e+00	2.60087e-06 	 7.4 	 5.779711E-01 	 1.644444E+06	2.845202E+04
3.00000e+00	9.15781e-07 	 7.4 	 2.035069E-01 	 1.644444E+06	8.080535E+04
2.50000e+00	2.04940e-07 	 7.4 	 4.554222E-02 	 1.644444E+06	3.610813E+05
2.00000e+00	3.82789e-08 	 7.4 	 8.506422E-03 	 1.644444E+06	1.93318E+06
1.50000e+00	-1.40468e-08 	 7.4 	 -3.121511E-03 	 1.644444E+06	-5.268104E+06
1.00000e+00	-2.28762e-08 	 7.4 	 -5.0836E-03 	 1.644444E+06	-3.234803E+06
5.00000e-01	-2.56502e-08 	 7.4 	 -5.700044E-03 	 1.644444E+06	-2.884968E+06
0.00000e+00	-2.56724e-08 	 0.001 	 -5.704978E-03 	 2.222222E+02	-3.895234E+02
DATA File: /home/user/PycharmProjects/OFET_K2636B/data/AZ154_S26_P3_oled_000.txt
