V(__) I(__) lux CurrCoeff.  
0.00000e+00 -1.62738e-06 565.112 -3.6164E-01 1.255804E+08 -3.472526E+06
1.00000e+00 1.32619e-02 0.001 2.947089E+03 2.222222E+02 7.540398E-04
2.00000e+00 2.84824e-02 564.112 6.329422E+03 1.253582E+08 1.980563E+02
3.00000e+00 4.53117e-02 565.112 1.006927E+04 1.255804E+08 1.247166E+02
4.00000e+00 6.34935e-02 564.112 1.410967E+04 1.253582E+08 8.884563E+01
5.00000e+00 8.24806e-02 565.112 1.832902E+04 1.255804E+08 6.851454E+01
6.00000e+00 9.99942e-02 564.112 2.222093E+04 1.253582E+08 5.641447E+01
7.00000e+00 9.99946e-02 564.112 2.222102E+04 1.253582E+08 5.641425E+01
8.00000e+00 9.99946e-02 564.112 2.222102E+04 1.253582E+08 5.641425E+01
9.00000e+00 9.99946e-02 564.112 2.222102E+04 1.253582E+08 5.641425E+01
1.00000e+01 9.99946e-02 563.112 2.222102E+04 1.25136E+08 5.631424E+01
1.10000e+01 9.99944e-02 565.112 2.222098E+04 1.255804E+08 5.651436E+01
1.20000e+01 9.99946e-02 564.112 2.222102E+04 1.253582E+08 5.641425E+01
1.30000e+01 9.99948e-02 0.001 2.222107E+04 2.222222E+02 1.000052E-04
V(__) I(__) lux CurrCoeff.  
1.30000e+01 9.99949e-02 563.112 2.222109E+04 1.25136E+08 5.631407E+01
1.20000e+01 9.99947e-02 0.001 2.222104E+04 2.222222E+02 1.000053E-04
1.10000e+01 9.99945e-02 564.112 2.2221E+04 1.253582E+08 5.64143E+01
1.00000e+01 9.99945e-02 563.112 2.2221E+04 1.25136E+08 5.63143E+01
9.00000e+00 9.99948e-02 563.112 2.222107E+04 1.25136E+08 5.631413E+01
8.00000e+00 9.99947e-02 564.112 2.222104E+04 1.253582E+08 5.641419E+01
7.00000e+00 9.99947e-02 563.112 2.222104E+04 1.25136E+08 5.631418E+01
6.00000e+00 9.99948e-02 563.112 2.222107E+04 1.25136E+08 5.631413E+01
5.00000e+00 8.63156e-02 564.112 1.918124E+04 1.253582E+08 6.535458E+01
4.00000e+00 6.71804e-02 564.112 1.492898E+04 1.253582E+08 8.396973E+01
3.00000e+00 4.87126e-02 564.112 1.082502E+04 1.253582E+08 1.158041E+02
2.00000e+00 3.11333e-02 564.112 6.918511E+03 1.253582E+08 1.811925E+02
1.00000e+00 1.47640e-02 563.112 3.280889E+03 1.25136E+08 3.814088E+02
0.00000e+00 2.58842e-06 564.112 5.752044E-01 1.253582E+08 2.179368E+06
