V(__) I(__) lux CurrCoeff.  
0.00000e+00 -5.11655e-11 0.1 -1.137011E-05 2.222222E+04 -1.954442E+07
1.00000e+00 1.54806e-07 0.1 3.440133E-02 2.222222E+04 6.459698E+03
2.00000e+00 5.76759e-07 0.1 1.281687E-01 2.222222E+04 1.733826E+03
3.00000e+00 1.37298e-06 0.1 3.051067E-01 2.222222E+04 7.283427E+02
4.00000e+00 3.78158e-06 0.1 8.403511E-01 2.222222E+04 2.644397E+02
5.00000e+00 2.40195e-05 0.1 5.337667E+00 2.222222E+04 4.163284E+01
6.00000e+00 5.38181e-05 0.1 1.195958E+01 2.222222E+04 1.858111E+01
7.00000e+00 4.35460e-05 0.1 9.676889E+00 2.222222E+04 2.296422E+01
8.00000e+00 6.51001e-05 1.1 1.446669E+01 2.444444E+05 1.689706E+02
9.00000e+00 2.08438e-04 2.1 4.631956E+01 4.666667E+05 1.007494E+02
1.00000e+01 7.44496e-04 8.1 1.654436E+02 1.8E+06 1.087984E+02
1.10000e+01 2.33674e-03 25.2 5.192756E+02 5.6E+06 1.078425E+02
1.20000e+01 5.67061e-03 228.12 1.260136E+03 5.069333E+07 4.022848E+02
1.30000e+01 1.14498e-02 444.23 2.5444E+03 9.871778E+07 3.879806E+02
1.40000e+01 1.93490e-02 680.34 4.299778E+03 1.511867E+08 3.516151E+02
1.50000e+01 2.93437e-02 909.46 6.520822E+03 2.021022E+08 3.099336E+02
V(__) I(__) lux CurrCoeff.  
1.50000e+01 3.06402e-02 705.39 6.808933E+03 1.567533E+08 2.302172E+02
1.40000e+01 2.12351e-02 436.25 4.718911E+03 9.694444E+07 2.054382E+02
1.30000e+01 1.23649e-02 0.001 2.747756E+03 2.222222E+02 8.087409E-04
1.20000e+01 5.81972e-03 242.15 1.293271E+03 5.381111E+07 4.160853E+02
1.10000e+01 2.21038e-03 111.7 4.911956E+02 2.482222E+07 5.05343E+02
1.00000e+01 6.78993e-04 9.1 1.508873E+02 2.022222E+06 1.34022E+02
9.00000e+00 2.21817e-04 3.1 4.929267E+01 6.888889E+05 1.397548E+02
8.00000e+00 8.24030e-05 1.1 1.831178E+01 2.444444E+05 1.334903E+02
7.00000e+00 4.11039e-05 0.1 9.1342E+00 2.222222E+04 2.432859E+01
6.00000e+00 3.59660e-05 0.1 7.992444E+00 2.222222E+04 2.780404E+01
5.00000e+00 3.04605e-05 0.1 6.769E+00 2.222222E+04 3.28294E+01
4.00000e+00 1.03902e-05 0.1 2.308933E+00 2.222222E+04 9.624454E+01
3.00000e+00 3.43696e-06 0.1 7.637689E-01 2.222222E+04 2.909548E+02
2.00000e+00 1.20423e-06 0.1 2.676067E-01 2.222222E+04 8.304062E+02
1.00000e+00 2.87280e-07 0.1 6.384E-02 2.222222E+04 3.480925E+03
0.00000e+00 -1.17287e-09 0.1 -2.606378E-04 2.222222E+04 -8.526094E+05
