V(__) I(__) lux CurrCoeff.  
0.00000e+00 -1.33810e-11 0.1 -2.973556E-06 2.222222E+04 -7.473283E+07
1.00000e+00 1.10205e-07 0.1 2.449E-02 2.222222E+04 9.073998E+03
2.00000e+00 2.64218e-07 0.1 5.871511E-02 2.222222E+04 3.784753E+03
3.00000e+00 6.89714e-07 0.1 1.532698E-01 2.222222E+04 1.449876E+03
4.00000e+00 3.47347e-06 0.1 7.718822E-01 2.222222E+04 2.878965E+02
5.00000e+00 1.30290e-05 0.1 2.895333E+00 2.222222E+04 7.675186E+01
6.00000e+00 5.20276e-05 3.1 1.156169E+01 6.888889E+05 5.958376E+02
7.00000e+00 2.19642e-04 14.1 4.880933E+01 3.133333E+06 6.419537E+02
8.00000e+00 8.00800e-04 48.3 1.779556E+02 1.073333E+07 6.031469E+02
9.00000e+00 2.40680e-03 147.7 5.348444E+02 3.282222E+07 6.136779E+02
1.00000e+01 5.67068e-03 344.14 1.260151E+03 7.647556E+07 6.068761E+02
1.10000e+01 1.10899e-02 1609.62 2.464422E+03 3.576933E+08 1.451429E+03
1.20000e+01 1.82513e-02 2461.95 4.055844E+03 5.471E+08 1.348918E+03
1.30000e+01 2.69579e-02 3171.124 5.990644E+03 7.046942E+08 1.176325E+03
1.40000e+01 3.59973e-02 3453.139 7.9994E+03 7.673642E+08 9.592772E+02
1.50000e+01 4.36140e-02 3110.13 9.692E+03 6.9114E+08 7.131036E+02
V(__) I(__) lux CurrCoeff.  
1.50000e+01 3.94976e-02 0.001 8.777244E+03 2.222222E+02 2.531799E-04
1.40000e+01 2.49551e-02 1314.62 5.545578E+03 2.921378E+08 5.267941E+02
1.30000e+01 1.43489e-02 739.37 3.188644E+03 1.643044E+08 5.152799E+02
1.20000e+01 6.95713e-03 435.23 1.546029E+03 9.671778E+07 6.255884E+02
1.10000e+01 2.76282e-03 72.5 6.1396E+02 1.611111E+07 2.62413E+02
1.00000e+01 8.42496e-04 24.2 1.872213E+02 5.377778E+06 2.872417E+02
9.00000e+00 2.33655e-04 8.1 5.192333E+01 1.8E+06 3.46665E+02
8.00000e+00 6.39720e-05 2.1 1.4216E+01 4.666667E+05 3.282686E+02
7.00000e+00 2.42225e-05 1.1 5.382778E+00 2.444444E+05 4.541232E+02
6.00000e+00 3.12351e-05 0.1 6.941133E+00 2.222222E+04 3.201526E+01
5.00000e+00 3.29711e-05 0.1 7.326911E+00 2.222222E+04 3.032959E+01
4.00000e+00 1.67893e-05 0.1 3.730956E+00 2.222222E+04 5.956174E+01
3.00000e+00 9.41299e-06 0.1 2.091776E+00 2.222222E+04 1.062362E+02
2.00000e+00 6.28470e-06 0.1 1.3966E+00 2.222222E+04 1.591166E+02
1.00000e+00 2.69317e-06 0.1 5.984822E-01 2.222222E+04 3.713096E+02
0.00000e+00 -1.54069e-10 0.1 -3.423756E-05 2.222222E+04 -6.490598E+06
