V(__) I(__) lux CurrCoeff.  
0.00000e+00 -7.07878e-11 0.1 -1.573062E-05 2.222222E+04 -1.412673E+07
1.00000e+00 2.66264e-09 0.1 5.916978E-04 2.222222E+04 3.755671E+05
2.00000e+00 3.19236e-07 0.1 7.094133E-02 2.222222E+04 3.132479E+03
3.00000e+00 4.84529e-05 0.1 1.076731E+01 2.222222E+04 2.06386E+01
4.00000e+00 3.76184e-04 1.1 8.359644E+01 2.444444E+05 2.924101E+01
5.00000e+00 1.57556e-03 8.1 3.501244E+02 1.8E+06 5.141029E+01
6.00000e+00 4.55053e-03 38.2 1.011229E+03 8.488889E+06 8.394627E+01
7.00000e+00 9.69632e-03 115.6 2.154738E+03 2.568889E+07 1.192205E+02
8.00000e+00 1.65723e-02 232.11 3.682733E+03 5.158E+07 1.40059E+02
9.00000e+00 2.43971e-02 529.24 5.421578E+03 1.176089E+08 2.169274E+02
1.00000e+01 3.29883e-02 645.3 7.330733E+03 1.434E+08 1.956148E+02
1.10000e+01 4.14549e-02 689.33 9.2122E+03 1.531844E+08 1.662843E+02
1.20000e+01 4.79030e-02 641.32 1.064511E+04 1.425156E+08 1.338789E+02
1.30000e+01 5.12172e-02 476.25 1.13816E+04 1.058333E+08 9.298634E+01
V(__) I(__) lux CurrCoeff.  
1.30000e+01 3.84209e-02 81.6 8.537978E+03 1.813333E+07 2.123844E+01
1.20000e+01 1.85638e-02 35.3 4.125289E+03 7.844444E+06 1.90155E+01
1.10000e+01 1.00795e-02 20.2 2.239889E+03 4.488889E+06 2.004068E+01
1.00000e+01 5.62418e-03 0.001 1.249818E+03 2.222222E+02 1.778037E-03
9.00000e+00 3.02603e-03 5.1 6.724511E+02 1.133333E+06 1.685377E+01
8.00000e+00 1.47884e-03 2.1 3.286311E+02 4.666667E+05 1.420032E+01
7.00000e+00 6.59316e-04 1.1 1.465147E+02 2.444444E+05 1.668396E+01
6.00000e+00 2.69811e-04 0.1 5.9958E+01 2.222222E+04 3.706298E+00
5.00000e+00 9.27347e-05 0.1 2.060771E+01 2.222222E+04 1.078345E+01
4.00000e+00 2.53044e-05 0.1 5.6232E+00 2.222222E+04 3.951882E+01
3.00000e+00 3.13960e-06 0.1 6.976889E-01 2.222222E+04 3.185119E+02
2.00000e+00 2.60127e-08 0.1 5.7806E-03 2.222222E+04 3.844276E+04
1.00000e+00 -3.24467e-08 0.1 -7.210378E-03 2.222222E+04 -3.081978E+04
0.00000e+00 -3.60786e-08 0.1 -8.017467E-03 2.222222E+04 -2.771726E+04
