V(__) I(__) lux CurrCoeff.  
0.00000e+00 -1.67721e-06 0.001 -3.727133E-01 2.222222E+02 -5.962283E+00
1.00000e+00 1.40621e-02 9.33 3.124911E+03 2.073333E+06 6.634855E+00
2.00000e+00 2.98972e-02 109.33 6.643822E+03 2.429556E+07 3.656864E+01
3.00000e+00 4.72144e-02 109.33 1.049209E+04 2.429556E+07 2.315607E+01
4.00000e+00 6.56337e-02 109.34 1.458527E+04 2.429778E+07 1.665912E+01
5.00000e+00 8.48222e-02 110.34 1.884938E+04 2.452E+07 1.300839E+01
6.00000e+00 9.99947e-02 110.34 2.222104E+04 2.452E+07 1.103458E+01
7.00000e+00 9.99949e-02 110.34 2.222109E+04 2.452E+07 1.103456E+01
8.00000e+00 9.99946e-02 110.34 2.222102E+04 2.452E+07 1.10346E+01
9.00000e+00 9.99950e-02 110.34 2.222111E+04 2.452E+07 1.103455E+01
1.00000e+01 9.99949e-02 110.34 2.222109E+04 2.452E+07 1.103456E+01
1.10000e+01 9.99947e-02 110.34 2.222104E+04 2.452E+07 1.103458E+01
1.20000e+01 9.99949e-02 110.34 2.222109E+04 2.452E+07 1.103456E+01
1.30000e+01 9.99948e-02 110.34 2.222107E+04 2.452E+07 1.103457E+01
V(__) I(__) lux CurrCoeff.  
1.30000e+01 9.99947e-02 111.34 2.222104E+04 2.474222E+07 1.113459E+01
1.20000e+01 9.99948e-02 0.001 2.222107E+04 2.222222E+02 1.000052E-04
1.10000e+01 9.99949e-02 111.34 2.222109E+04 2.474222E+07 1.113457E+01
1.00000e+01 9.99948e-02 111.34 2.222107E+04 2.474222E+07 1.113458E+01
9.00000e+00 9.99949e-02 111.34 2.222109E+04 2.474222E+07 1.113457E+01
8.00000e+00 9.99949e-02 110.34 2.222109E+04 2.452E+07 1.103456E+01
7.00000e+00 9.99951e-02 104.32 2.222113E+04 2.318222E+07 1.043251E+01
6.00000e+00 9.99950e-02 93.29 2.222111E+04 2.073111E+07 9.329466E+00
5.00000e+00 8.45054e-02 0.001 1.877898E+04 2.222222E+02 1.183356E-04
4.00000e+00 6.56592e-02 66.21 1.459093E+04 1.471333E+07 1.008389E+01
3.00000e+00 4.74410e-02 66.21 1.054244E+04 1.471333E+07 1.395628E+01
2.00000e+00 3.01891e-02 72.23 6.708689E+03 1.605111E+07 2.392585E+01
1.00000e+00 1.42322e-02 90.27 3.162711E+03 2.006E+07 6.34266E+01
0.00000e+00 2.40736e-06 97.3 5.349689E-01 2.162222E+07 4.041772E+05
