V(__) I(__) lux CurrCoeff.  
0.00000e+00 -1.33939e-06 0.001 -2.976422E-01 2.222222E+02 -7.466085E+00
1.00000e+00 1.40721e-02 565.114 3.127133E+03 1.255809E+08 4.015847E+02
2.00000e+00 3.00006e-02 565.114 6.6668E+03 1.255809E+08 1.883676E+02
3.00000e+00 4.73616e-02 565.114 1.05248E+04 1.255809E+08 1.19319E+02
4.00000e+00 6.58288e-02 565.114 1.462862E+04 1.255809E+08 8.584601E+01
5.00000e+00 8.49440e-02 564.114 1.887644E+04 1.253587E+08 6.641011E+01
6.00000e+00 9.99951e-02 564.114 2.222113E+04 1.253587E+08 5.641416E+01
7.00000e+00 9.99952e-02 564.114 2.222116E+04 1.253587E+08 5.641411E+01
8.00000e+00 9.99951e-02 563.114 2.222113E+04 1.251364E+08 5.631416E+01
9.00000e+00 9.99952e-02 564.114 2.222116E+04 1.253587E+08 5.641411E+01
1.00000e+01 9.99953e-02 564.114 2.222118E+04 1.253587E+08 5.641405E+01
1.10000e+01 9.99952e-02 563.113 2.222116E+04 1.251362E+08 5.6314E+01
1.20000e+01 9.99953e-02 564.114 2.222118E+04 1.253587E+08 5.641405E+01
1.30000e+01 9.99953e-02 563.113 2.222118E+04 1.251362E+08 5.631395E+01
V(__) I(__) lux CurrCoeff.  
1.30000e+01 9.99955e-02 0.001 2.222122E+04 2.222222E+02 1.000045E-04
1.20000e+01 9.99953e-02 563.113 2.222118E+04 1.251362E+08 5.631395E+01
1.10000e+01 9.99952e-02 562.113 2.222116E+04 1.24914E+08 5.6214E+01
1.00000e+01 9.99952e-02 562.113 2.222116E+04 1.24914E+08 5.6214E+01
9.00000e+00 9.99952e-02 562.113 2.222116E+04 1.24914E+08 5.6214E+01
8.00000e+00 9.99952e-02 561.113 2.222116E+04 1.246918E+08 5.611399E+01
7.00000e+00 9.99951e-02 561.113 2.222113E+04 1.246918E+08 5.611405E+01
6.00000e+00 9.99950e-02 562.113 2.222111E+04 1.24914E+08 5.621411E+01
5.00000e+00 8.58281e-02 561.113 1.907291E+04 1.246918E+08 6.537637E+01
4.00000e+00 6.67633e-02 561.113 1.483629E+04 1.246918E+08 8.404513E+01
3.00000e+00 4.83534e-02 561.113 1.07452E+04 1.246918E+08 1.160442E+02
2.00000e+00 3.08184e-02 561.113 6.848533E+03 1.246918E+08 1.820708E+02
1.00000e+00 1.45512e-02 560.113 3.2336E+03 1.244696E+08 3.849256E+02
0.00000e+00 2.58471e-06 560.112 5.7438E-01 1.244693E+08 2.167021E+06
