>>head<<V(__) 	 I(__) 	 lux 	 CurrCoeff.
0.00000e+00	-1.79153e-06 	 0.001 	 -3.981178E-01 	 2.222222E+02	-5.581821E+00
1.00000e+00	1.42876e-02 	 530.98 	 3.175022E+03 	 1.179956E+08	3.716369E+02
2.00000e+00	3.04299e-02 	 0.001 	 6.7622E+03 	 2.222222E+02	3.286241E-04
3.00000e+00	4.80373e-02 	 530.98 	 1.067496E+04 	 1.179956E+08	1.105349E+02
4.00000e+00	6.67388e-02 	 530.98 	 1.483084E+04 	 1.179956E+08	7.956092E+01
5.00000e+00	8.62754e-02 	 530.98 	 1.917231E+04 	 1.179956E+08	6.154477E+01
6.00000e+00	9.99949e-02 	 531.98 	 2.222109E+04 	 1.182178E+08	5.320071E+01
7.00000e+00	9.99952e-02 	 531.98 	 2.222116E+04 	 1.182178E+08	5.320055E+01
8.00000e+00	9.99952e-02 	 530.98 	 2.222116E+04 	 1.179956E+08	5.310055E+01
9.00000e+00	9.99952e-02 	 531.98 	 2.222116E+04 	 1.182178E+08	5.320055E+01
1.00000e+01	9.99950e-02 	 531.98 	 2.222111E+04 	 1.182178E+08	5.320066E+01
1.10000e+01	9.99951e-02 	 531.98 	 2.222113E+04 	 1.182178E+08	5.320061E+01
1.20000e+01	9.99951e-02 	 532.99 	 2.222113E+04 	 1.184422E+08	5.330161E+01
1.30000e+01	9.99955e-02 	 531.98 	 2.222122E+04 	 1.182178E+08	5.320039E+01
>>head<<V(__) 	 I(__) 	 lux 	 CurrCoeff.
1.30000e+01	9.99956e-02 	 531.99 	 2.222124E+04 	 1.1822E+08	5.320134E+01
1.20000e+01	9.99956e-02 	 0.001 	 2.222124E+04 	 2.222222E+02	1.000044E-04
>>head<<V(__) 	 I(__) 	 lux 	 CurrCoeff.
0.00000e+00	-1.50211e-06 	 0.001 	 -3.338022E-01 	 2.222222E+02	-6.657302E+00
1.00000e+00	1.41713e-02 	 549.106 	 3.149178E+03 	 1.220236E+08	3.874775E+02
2.00000e+00	3.01648e-02 	 0.001 	 6.703289E+03 	 2.222222E+02	3.315122E-04
3.00000e+00	4.76287e-02 	 549.106 	 1.058416E+04 	 1.220236E+08	1.152889E+02
4.00000e+00	6.61020e-02 	 550.106 	 1.468933E+04 	 1.222458E+08	8.322078E+01
DATA File: /home/user/PycharmProjects/OFET_K2636B/data/AZ154_E10_P19_oled_022.txt
