>>head<<VGS(0) IDS(0) IGS(0) VDS(0)
0.00000e+00	1.13678e-13	1.52957e-13	2.50000e-01
2.50000e-01	2.12815e-10	1.85313e-10	2.50000e-01
5.00000e-01	8.74631e-10	7.37909e-10	2.50000e-01
7.50000e-01	8.90115e-10	7.51144e-10	2.50000e-01
1.00000e+00	8.90513e-10	7.51577e-10	2.50000e-01
1.25000e+00	8.90635e-10	7.51586e-10	2.50000e-01
1.50000e+00	8.90571e-10	7.51554e-10	2.50000e-01
1.75000e+00	8.90550e-10	7.51595e-10	2.50000e-01
2.00000e+00	8.90520e-10	7.51702e-10	2.50000e-01
2.25000e+00	8.85639e-10	7.48544e-10	2.50000e-01
2.50000e+00	8.89094e-10	7.50424e-10	2.50000e-01
2.75000e+00	8.90273e-10	7.51450e-10	2.50000e-01
3.00000e+00	8.90324e-10	7.51534e-10	2.50000e-01
3.25000e+00	8.90451e-10	7.51626e-10	2.50000e-01
3.50000e+00	8.90556e-10	7.51636e-10	2.50000e-01
3.75000e+00	8.90356e-10	7.51486e-10	2.50000e-01
4.00000e+00	8.90555e-10	7.51865e-10	2.50000e-01
4.25000e+00	8.90483e-10	7.51546e-10	2.50000e-01
4.50000e+00	8.90533e-10	7.51784e-10	2.50000e-01
4.75000e+00	8.90615e-10	7.51767e-10	2.50000e-01
5.00000e+00	8.89288e-10	7.50646e-10	2.50000e-01
5.25000e+00	8.90532e-10	7.51633e-10	2.50000e-01
5.50000e+00	8.90431e-10	7.51700e-10	2.50000e-01
5.75000e+00	8.90578e-10	7.51846e-10	2.50000e-01
6.00000e+00	8.90370e-10	7.51606e-10	2.50000e-01
6.25000e+00	8.90909e-10	7.51981e-10	2.50000e-01
6.50000e+00	8.90536e-10	7.51727e-10	2.50000e-01
6.75000e+00	8.89510e-10	5.69684e-10	2.50000e-01
7.00000e+00	8.85344e-10	7.47099e-10	2.50000e-01
7.25000e+00	8.90487e-10	7.51594e-10	2.50000e-01
7.50000e+00	8.89740e-10	7.51084e-10	2.50000e-01
7.75000e+00	8.90451e-10	7.51625e-10	2.50000e-01
8.00000e+00	8.90422e-10	7.51595e-10	2.50000e-01
8.25000e+00	8.90494e-10	7.51685e-10	2.50000e-01
8.50000e+00	8.90700e-10	7.51966e-10	2.50000e-01
8.75000e+00	8.90603e-10	7.51770e-10	2.50000e-01
9.00000e+00	8.90413e-10	7.51503e-10	2.50000e-01
9.25000e+00	8.90533e-10	7.51660e-10	2.50000e-01
9.50000e+00	8.90571e-10	7.51727e-10	2.50000e-01
9.75000e+00	8.90764e-10	7.51800e-10	2.50000e-01
1.00000e+01	8.89691e-10	7.51006e-10	2.50000e-01
1.02500e+01	8.90473e-10	7.51799e-10	2.50000e-01
1.05000e+01	8.90496e-10	7.51754e-10	2.50000e-01
1.07500e+01	8.90584e-10	7.51729e-10	2.50000e-01
1.10000e+01	8.90500e-10	7.51710e-10	2.50000e-01
1.12500e+01	8.90459e-10	7.51502e-10	2.50000e-01
1.15000e+01	8.90520e-10	7.51677e-10	2.50000e-01
1.17500e+01	8.90587e-10	7.51602e-10	2.50000e-01
1.20000e+01	8.90509e-10	7.51794e-10	2.50000e-01
1.22500e+01	8.90464e-10	7.51588e-10	2.50000e-01
1.25000e+01	8.89476e-10	7.50751e-10	2.50000e-01
1.27500e+01	8.90721e-10	7.51821e-10	2.50000e-01
1.30000e+01	8.90467e-10	7.51600e-10	2.50000e-01
1.32500e+01	8.90449e-10	7.51641e-10	2.50000e-01
1.35000e+01	8.90561e-10	7.51703e-10	2.50000e-01
1.37500e+01	8.90594e-10	5.70162e-10	2.50000e-01
1.40000e+01	8.85654e-10	7.47484e-10	2.50000e-01
1.42500e+01	8.90300e-10	7.51442e-10	2.50000e-01
1.45000e+01	8.90372e-10	7.51476e-10	2.50000e-01
1.47500e+01	8.90568e-10	7.51870e-10	2.50000e-01
1.50000e+01	8.89491e-10	7.50854e-10	2.50000e-01
>>head<<VGS(15) IDS(15) IGS(15) VDS(15)
1.50000e+01	-9.24770e-10	-8.04665e-10	-2.50000e-01
1.47500e+01	-8.90152e-10	-7.51351e-10	-2.50000e-01
1.45000e+01	-8.89089e-10	-7.50642e-10	-2.50000e-01
1.42500e+01	-8.89997e-10	-7.51080e-10	-2.50000e-01
1.40000e+01	-8.89942e-10	-7.51298e-10	-2.50000e-01
1.37500e+01	-8.90220e-10	-7.51376e-10	-2.50000e-01
1.35000e+01	-8.90129e-10	-7.51310e-10	-2.50000e-01
1.32500e+01	-8.90314e-10	-7.51473e-10	-2.50000e-01
1.30000e+01	-8.90079e-10	-7.51195e-10	-2.50000e-01
1.27500e+01	-8.90133e-10	-7.51175e-10	-2.50000e-01
1.25000e+01	-8.90310e-10	-7.51437e-10	-2.50000e-01
1.22500e+01	-8.89128e-10	-7.50587e-10	-2.50000e-01
1.20000e+01	-8.90166e-10	-7.51361e-10	-2.50000e-01
1.17500e+01	-8.90237e-10	-7.51432e-10	-2.50000e-01
1.15000e+01	-8.90296e-10	-7.51370e-10	-2.50000e-01
1.12500e+01	-8.90440e-10	-7.51569e-10	-2.50000e-01
1.10000e+01	-8.90133e-10	-7.51439e-10	-2.50000e-01
1.07500e+01	-8.90333e-10	-7.51623e-10	-2.50000e-01
1.05000e+01	-8.90323e-10	-7.51679e-10	-2.50000e-01
1.02500e+01	-8.90232e-10	-7.51439e-10	-2.50000e-01
1.00000e+01	-8.90300e-10	-7.51433e-10	-2.50000e-01
9.75000e+00	-8.89503e-10	-7.50740e-10	-2.50000e-01
9.50000e+00	-8.90522e-10	-5.69991e-10	-2.50000e-01
9.25000e+00	-8.85391e-10	-7.47225e-10	-2.50000e-01
9.00000e+00	-8.90143e-10	-7.51334e-10	-2.50000e-01
8.75000e+00	-8.90336e-10	-7.51519e-10	-2.50000e-01
8.50000e+00	-8.90582e-10	-7.51732e-10	-2.50000e-01
8.25000e+00	-8.90379e-10	-7.51541e-10	-2.50000e-01
8.00000e+00	-8.90426e-10	-7.51518e-10	-2.50000e-01
7.75000e+00	-8.90341e-10	-7.51667e-10	-2.50000e-01
7.50000e+00	-8.90309e-10	-7.51454e-10	-2.50000e-01
7.25000e+00	-8.89607e-10	-7.50878e-10	-2.50000e-01
7.00000e+00	-8.90476e-10	-7.51638e-10	-2.50000e-01
6.75000e+00	-8.90360e-10	-7.51499e-10	-2.50000e-01
6.50000e+00	-8.90336e-10	-7.51497e-10	-2.50000e-01
6.25000e+00	-8.90321e-10	-7.51668e-10	-2.50000e-01
6.00000e+00	-8.90530e-10	-7.51815e-10	-2.50000e-01
5.75000e+00	-8.90303e-10	-7.51443e-10	-2.50000e-01
5.50000e+00	-8.90641e-10	-7.51774e-10	-2.50000e-01
5.25000e+00	-8.90563e-10	-7.51688e-10	-2.50000e-01
5.00000e+00	-8.90512e-10	-7.51639e-10	-2.50000e-01
4.75000e+00	-8.89205e-10	-7.50633e-10	-2.50000e-01
4.50000e+00	-8.90484e-10	-7.51759e-10	-2.50000e-01
4.25000e+00	-8.90625e-10	-7.51950e-10	-2.50000e-01
4.00000e+00	-8.90527e-10	-7.51669e-10	-2.50000e-01
3.75000e+00	-8.90488e-10	-7.51705e-10	-2.50000e-01
3.50000e+00	-8.90387e-10	-7.51495e-10	-2.50000e-01
3.25000e+00	-8.90788e-10	-7.51963e-10	-2.50000e-01
3.00000e+00	-8.90560e-10	-7.51698e-10	-2.50000e-01
2.75000e+00	-8.90501e-10	-7.51848e-10	-2.50000e-01
2.50000e+00	-8.90519e-10	-5.69992e-10	-2.50000e-01
2.25000e+00	-8.84338e-10	-7.46290e-10	-2.50000e-01
2.00000e+00	-8.77983e-10	-7.45361e-10	-2.50000e-01
1.75000e+00	-8.90596e-10	-7.51627e-10	-2.50000e-01
1.50000e+00	-8.90808e-10	-7.51997e-10	-2.50000e-01
1.25000e+00	-8.90731e-10	-7.51786e-10	-2.50000e-01
1.00000e+00	-8.90912e-10	-7.51971e-10	-2.50000e-01
7.50000e-01	-8.90893e-10	-7.51868e-10	-2.50000e-01
5.00000e-01	-8.90813e-10	-7.51807e-10	-2.50000e-01
2.50000e-01	-8.90843e-10	-7.51888e-10	-2.50000e-01
0.00000e+00	-8.81118e-10	-7.47839e-10	-2.50000e-01
>>END<<
