V(__) I(__) lux CurrCoeff.  
0.00000e+00 -5.30817e-07 0.001 -1.179593E-01 2.222222E+02 -1.883888E+01
1.00000e+00 6.03227e-03 2.099 1.340504E+03 4.664444E+05 3.479619E+00
2.00000e+00 1.30888e-02 2.099 2.908622E+03 4.664444E+05 1.603661E+00
3.00000e+00 2.04855e-02 2.099 4.552333E+03 4.664444E+05 1.024627E+00
4.00000e+00 2.86902e-02 2.099 6.3756E+03 4.664444E+05 7.316087E-01
5.00000e+00 3.92763e-02 2.099 8.728067E+03 4.664444E+05 5.34419E-01
6.00000e+00 4.97836e-02 2.099 1.106302E+04 4.664444E+05 4.216248E-01
7.00000e+00 6.08665e-02 2.099 1.352589E+04 4.664444E+05 3.448531E-01
8.00000e+00 7.25909e-02 2.099 1.613131E+04 4.664444E+05 2.891547E-01
9.00000e+00 8.52395e-02 2.099 1.894211E+04 4.664444E+05 2.462473E-01
1.00000e+01 9.65902e-02 2.099 2.146449E+04 4.664444E+05 2.173098E-01
V(__) I(__) lux CurrCoeff.  
1.00000e+01 9.89904e-02 2.099 2.199787E+04 4.664444E+05 2.120408E-01
9.00000e+00 8.76392e-02 2.099 1.947538E+04 4.664444E+05 2.395047E-01
8.00000e+00 7.71525e-02 2.099 1.7145E+04 4.664444E+05 2.720586E-01
7.00000e+00 6.70264e-02 2.099 1.489476E+04 4.664444E+05 3.131602E-01
6.00000e+00 5.69884e-02 2.099 1.266409E+04 4.664444E+05 3.683206E-01
5.00000e+00 4.69898e-02 2.099 1.044218E+04 4.664444E+05 4.466927E-01
4.00000e+00 3.70437e-02 2.099 8.231933E+03 4.664444E+05 5.666281E-01
3.00000e+00 2.71988e-02 2.099 6.044178E+03 4.664444E+05 7.717252E-01
2.00000e+00 1.75928e-02 2.099 3.909511E+03 4.664444E+05 1.193102E+00
1.00000e+00 8.40637e-03 2.099 1.868082E+03 4.664444E+05 2.496916E+00
0.00000e+00 3.95391e-06 2.099 8.786467E-01 4.664444E+05 5.308669E+03
