V(__) I(__) lux CurrCoeff.  
0.00000e+00 1.72971e-11 3.1 3.8438E-06 6.888889E+05 1.792208E+09
1.00000e+00 5.81348e-06 4.1 1.291884E+00 9.111111E+05 7.052574E+03
2.00000e+00 7.42846e-05 4.1 1.650769E+01 9.111111E+05 5.519314E+02
3.00000e+00 2.79909e-04 4.1 6.2202E+01 9.111111E+05 1.464762E+02
4.00000e+00 6.30379e-04 4.1 1.400842E+02 9.111111E+05 6.504024E+01
5.00000e+00 7.69618e-04 4.1 1.710262E+02 9.111111E+05 5.327318E+01
6.00000e+00 1.38482e-03 4.1 3.077378E+02 9.111111E+05 2.960674E+01
7.00000e+00 1.90222e-03 4.1 4.227156E+02 9.111111E+05 2.155376E+01
8.00000e+00 3.42363e-03 3.1 7.608067E+02 6.888889E+05 9.054717E+00
9.00000e+00 5.64291e-03 3.1 1.25398E+03 6.888889E+05 5.493619E+00
1.00000e+01 1.35258e-02 3.1 3.005733E+03 6.888889E+05 2.291916E+00
V(__) I(__) lux CurrCoeff.  
1.00000e+01 7.62032e-03 3.1 1.693404E+03 6.888889E+05 4.068071E+00
9.00000e+00 3.60317e-03 3.1 8.007044E+02 6.888889E+05 8.603535E+00
8.00000e+00 1.32105e-03 3.1 2.935667E+02 6.888889E+05 2.346618E+01
7.00000e+00 6.23139e-04 3.1 1.384753E+02 6.888889E+05 4.974813E+01
6.00000e+00 3.61192e-04 3.1 8.026489E+01 6.888889E+05 8.582693E+01
5.00000e+00 2.94969e-04 3.1 6.554867E+01 6.888889E+05 1.050958E+02
4.00000e+00 3.88356e-04 3.1 8.630133E+01 6.888889E+05 7.982367E+01
3.00000e+00 9.23054e-04 3.1 2.051231E+02 6.888889E+05 3.358417E+01
2.00000e+00 9.92273e-03 3.1 2.205051E+03 6.888889E+05 3.12414E+00
1.00000e+00 4.47210e-03 3.1 9.938E+02 6.888889E+05 6.931866E+00
0.00000e+00 -2.90116e-07 3.1 -6.447022E-02 6.888889E+05 -1.068538E+05
