V(__) I(__) lux CurrC oeff. CurrA/m^-2. lux/m^-1
0.00000e+00 -3.69578e-07 0 -0E+00 -8.212844E-02 0E+00 
2.50000e-01 1.46788e-03 0 0E+00 3.261956E+02 0E+00 
5.00000e-01 2.98858e-03 0 0E+00 6.641289E+02 0E+00 
7.50000e-01 4.56932e-03 0 0E+00 1.015404E+03 0E+00 
1.00000e+00 6.21053e-03 0 0E+00 1.380118E+03 0E+00 
1.25000e+00 7.89877e-03 0 0E+00 1.755282E+03 0E+00 
1.50000e+00 9.63111e-03 0 0E+00 2.140247E+03 0E+00 
1.75000e+00 1.14019e-02 0 0E+00 2.533756E+03 0E+00 
2.00000e+00 1.32128e-02 0 0E+00 2.936178E+03 0E+00 
2.25000e+00 1.50176e-02 0 0E+00 3.337244E+03 0E+00 
2.50000e+00 1.69093e-02 0 0E+00 3.757622E+03 0E+00 
2.75000e+00 1.87810e-02 0 0E+00 4.173556E+03 0E+00 
3.00000e+00 2.07031e-02 0 0E+00 4.600689E+03 0E+00 
3.25000e+00 2.26556e-02 0 0E+00 5.034578E+03 0E+00 
3.50000e+00 2.46266e-02 0 0E+00 5.472578E+03 0E+00 
3.75000e+00 2.66246e-02 0 0E+00 5.916578E+03 0E+00 
4.00000e+00 2.86443e-02 0 0E+00 6.3654E+03 0E+00 
4.25000e+00 3.06811e-02 0 0E+00 6.818022E+03 0E+00 
4.50000e+00 3.27428e-02 0 0E+00 7.276178E+03 0E+00 
4.75000e+00 3.48382e-02 0 0E+00 7.741822E+03 0E+00 
5.00000e+00 3.69367e-02 0 0E+00 8.208156E+03 0E+00 
5.25000e+00 3.90731e-02 0 0E+00 8.682911E+03 0E+00 
5.50000e+00 4.12360e-02 0 0E+00 9.163556E+03 0E+00 
5.75000e+00 4.34078e-02 0 0E+00 9.646178E+03 0E+00 
6.00000e+00 4.55974e-02 0 0E+00 1.013276E+04 0E+00 
6.25000e+00 4.78068e-02 0 0E+00 1.062373E+04 0E+00 
6.50000e+00 5.00421e-02 0 0E+00 1.112047E+04 0E+00 
6.75000e+00 5.22863e-02 0 0E+00 1.161918E+04 0E+00 
7.00000e+00 5.44634e-02 0 0E+00 1.210298E+04 0E+00 
7.25000e+00 5.67482e-02 0 0E+00 1.261071E+04 0E+00 
7.50000e+00 5.90544e-02 0 0E+00 1.31232E+04 0E+00 
7.75000e+00 6.13434e-02 0 0E+00 1.363187E+04 0E+00 
8.00000e+00 6.36921e-02 0 0E+00 1.41538E+04 0E+00 
8.25000e+00 6.59407e-02 0 0E+00 1.465349E+04 0E+00 
8.50000e+00 6.82880e-02 0 0E+00 1.517511E+04 0E+00 
8.75000e+00 7.06343e-02 0 0E+00 1.569651E+04 0E+00 
9.00000e+00 7.31341e-02 0 0E+00 1.625202E+04 0E+00 
9.25000e+00 7.53595e-02 0 0E+00 1.674656E+04 0E+00 
9.50000e+00 7.77334e-02 0 0E+00 1.727409E+04 0E+00 
9.75000e+00 8.00990e-02 0 0E+00 1.779978E+04 0E+00 
1.00000e+01 8.25038e-02 0 0E+00 1.833418E+04 0E+00 
1.02500e+01 8.48858e-02 0 0E+00 1.886351E+04 0E+00 
1.05000e+01 8.73001e-02 0 0E+00 1.940002E+04 0E+00 
1.07500e+01 8.97387e-02 0 0E+00 1.994193E+04 0E+00 
1.10000e+01 9.23563e-02 0 0E+00 2.052362E+04 0E+00 
1.12500e+01 9.48395e-02 0 0E+00 2.107544E+04 0E+00 
1.15000e+01 9.73077e-02 0 0E+00 2.162393E+04 0E+00 
1.17500e+01 9.97469e-02 0 0E+00 2.216598E+04 0E+00 
1.20000e+01 9.99947e-02 0 0E+00 2.222104E+04 0E+00 
1.22500e+01 9.99948e-02 0 0E+00 2.222107E+04 0E+00 
1.25000e+01 9.99946e-02 0 0E+00 2.222102E+04 0E+00 
1.27500e+01 9.99948e-02 0 0E+00 2.222107E+04 0E+00 
1.30000e+01 9.99949e-02 0 0E+00 2.222109E+04 0E+00 
1.32500e+01 9.99950e-02 0 0E+00 2.222111E+04 0E+00 
1.35000e+01 9.99949e-02 0 0E+00 2.222109E+04 0E+00 
1.37500e+01 9.99948e-02 0 0E+00 2.222107E+04 0E+00 
1.40000e+01 9.99949e-02 0 0E+00 2.222109E+04 0E+00 
1.42500e+01 9.99948e-02 0 0E+00 2.222107E+04 0E+00 
1.45000e+01 9.99949e-02 0 0E+00 2.222109E+04 0E+00 
1.47500e+01 9.99948e-02 0 0E+00 2.222107E+04 0E+00 
1.50000e+01 9.99949e-02 0 0E+00 2.222109E+04 0E+00 
