V(__) I(__) lux CurrC oeff. CurrA/m^-2. lux/m^-1
0.00000e+00 -3.50369e-04 0 -0E+00 -7.785978E+01 0E+00 
1.00000e-01 9.99957e-02 0 0E+00 2.222127E+04 0E+00 
2.00000e-01 9.99958e-02 0 0E+00 2.222129E+04 0E+00 
3.00000e-01 9.99957e-02 0 0E+00 2.222127E+04 0E+00 
4.00000e-01 9.99960e-02 0 0E+00 2.222133E+04 0E+00 
5.00000e-01 9.99959e-02 0 0E+00 2.222131E+04 0E+00 
6.00000e-01 9.99958e-02 0 0E+00 2.222129E+04 0E+00 
7.00000e-01 9.99958e-02 0 0E+00 2.222129E+04 0E+00 
8.00000e-01 9.99960e-02 0 0E+00 2.222133E+04 0E+00 
9.00000e-01 9.99961e-02 0 0E+00 2.222136E+04 0E+00 
1.00000e+00 9.99959e-02 0 0E+00 2.222131E+04 0E+00 
1.10000e+00 9.99955e-02 0 0E+00 2.222122E+04 0E+00 
1.00000e+00 9.99955e-02 0 0E+00 2.222122E+04 0E+00 
9.00000e-01 9.99957e-02 0 0E+00 2.222127E+04 0E+00 
8.00000e-01 9.99953e-02 0 0E+00 2.222118E+04 0E+00 
7.00000e-01 9.99956e-02 0 0E+00 2.222124E+04 0E+00 
6.00000e-01 9.99955e-02 0 0E+00 2.222122E+04 0E+00 
5.00000e-01 9.99956e-02 0 0E+00 2.222124E+04 0E+00 
4.00000e-01 9.99954e-02 0 0E+00 2.22212E+04 0E+00 
3.00000e-01 9.99952e-02 0 0E+00 2.222116E+04 0E+00 
2.00000e-01 9.99954e-02 0 0E+00 2.22212E+04 0E+00 
1.00000e-01 9.99954e-02 0 0E+00 2.22212E+04 0E+00 
2.77556e-17 -3.26902e-04 0 -0E+00 -7.264489E+01 0E+00 
-1.00000e-01 -9.90208e-02 0 -0E+00 -2.200462E+04 0E+00 
