V(__) I(__) lux CurrC oeff. CurrA/m^-2. lux/m^-1
0.00000e+00 4.00543e-04 0 0E+00 8.900956E+01 0E+00 
2.50000e-01 3.93391e-04 0 0E+00 8.742022E+01 0E+00 
5.00000e-01 4.08888e-04 0 0E+00 9.0864E+01 0E+00 
7.50000e-01 3.83854e-04 0 0E+00 8.530089E+01 0E+00 
1.00000e+00 4.02927e-04 0 0E+00 8.953933E+01 0E+00 
1.25000e+00 4.23193e-04 0 0E+00 9.404289E+01 0E+00 
1.50000e+00 3.83854e-04 0 0E+00 8.530089E+01 0E+00 
1.75000e+00 3.80278e-04 0 0E+00 8.450622E+01 0E+00 
2.00000e+00 3.75509e-04 0 0E+00 8.344644E+01 0E+00 
2.25000e+00 3.87430e-04 0 0E+00 8.609556E+01 0E+00 
2.50000e+00 4.08888e-04 0 0E+00 9.0864E+01 0E+00 
2.75000e+00 3.88622e-04 0 0E+00 8.636044E+01 0E+00 
3.00000e+00 3.86238e-04 0 0E+00 8.583067E+01 0E+00 
3.25000e+00 3.80278e-04 0 0E+00 8.450622E+01 0E+00 
3.50000e+00 4.04119e-04 0 0E+00 8.980422E+01 0E+00 
3.75000e+00 3.98159e-04 0 0E+00 8.847978E+01 0E+00 
4.00000e+00 3.99351e-04 0 0E+00 8.874467E+01 0E+00 
4.25000e+00 4.04119e-04 0 0E+00 8.980422E+01 0E+00 
4.50000e+00 4.22001e-04 0 0E+00 9.3778E+01 0E+00 
4.75000e+00 4.05312e-04 0 0E+00 9.006933E+01 0E+00 
5.00000e+00 3.99351e-04 0 0E+00 8.874467E+01 0E+00 
5.25000e+00 4.27961e-04 0 0E+00 9.510244E+01 0E+00 
5.50000e+00 3.98159e-04 0 0E+00 8.847978E+01 0E+00 
5.75000e+00 4.16040e-04 0 0E+00 9.245333E+01 0E+00 
6.00000e+00 3.95775e-04 0 0E+00 8.795E+01 0E+00 
6.25000e+00 4.01735e-04 0 0E+00 8.927444E+01 0E+00 
6.50000e+00 3.96967e-04 0 0E+00 8.821489E+01 0E+00 
6.75000e+00 4.05312e-04 0 0E+00 9.006933E+01 0E+00 
7.00000e+00 4.33922e-04 0 0E+00 9.642711E+01 0E+00 
7.25000e+00 4.31538e-04 0 0E+00 9.589733E+01 0E+00 
7.50000e+00 4.22001e-04 0 0E+00 9.3778E+01 0E+00 
7.75000e+00 4.23193e-04 0 0E+00 9.404289E+01 0E+00 
8.00000e+00 4.05312e-04 0 0E+00 9.006933E+01 0E+00 
8.25000e+00 4.16040e-04 0 0E+00 9.245333E+01 0E+00 
8.50000e+00 4.25577e-04 0 0E+00 9.457267E+01 0E+00 
8.75000e+00 4.19617e-04 0 0E+00 9.324822E+01 0E+00 
9.00000e+00 4.25577e-04 0 0E+00 9.457267E+01 0E+00 
9.25000e+00 4.06504e-04 0 0E+00 9.033422E+01 0E+00 
9.50000e+00 4.24385e-04 0 0E+00 9.430778E+01 0E+00 
9.75000e+00 4.31538e-04 0 0E+00 9.589733E+01 0E+00 
1.00000e+01 4.27961e-04 0 0E+00 9.510244E+01 0E+00 
1.02500e+01 4.19617e-04 0 0E+00 9.324822E+01 0E+00 
1.05000e+01 4.12464e-04 0 0E+00 9.165867E+01 0E+00 
1.07500e+01 4.18425e-04 0 0E+00 9.298333E+01 0E+00 
1.10000e+01 4.00543e-04 0 0E+00 8.900956E+01 0E+00 
1.12500e+01 4.33922e-04 0 0E+00 9.642711E+01 0E+00 
1.15000e+01 4.36306e-04 0 0E+00 9.695689E+01 0E+00 
1.17500e+01 4.37498e-04 0 0E+00 9.722178E+01 0E+00 
1.20000e+01 4.31538e-04 0 0E+00 9.589733E+01 0E+00 
1.22500e+01 4.25577e-04 0 0E+00 9.457267E+01 0E+00 
1.25000e+01 4.17233e-04 0 0E+00 9.271844E+01 0E+00 
1.27500e+01 4.08888e-04 0 0E+00 9.0864E+01 0E+00 
1.30000e+01 4.08888e-04 0 0E+00 9.0864E+01 0E+00 
1.32500e+01 4.17233e-04 0 0E+00 9.271844E+01 0E+00 
1.35000e+01 4.35114e-04 0 0E+00 9.6692E+01 0E+00 
1.37500e+01 4.12464e-04 0 0E+00 9.165867E+01 0E+00 
1.40000e+01 4.19617e-04 0 0E+00 9.324822E+01 0E+00 
1.42500e+01 4.07696e-04 0 0E+00 9.059911E+01 0E+00 
1.45000e+01 4.47035e-04 0 0E+00 9.934111E+01 0E+00 
1.47500e+01 4.20809e-04 0 0E+00 9.351311E+01 0E+00 
1.50000e+01 4.36306e-04 0 0E+00 9.695689E+01 0E+00 
