V(__) I(__) lux CurrC oeff. CurrA/m^-2. lux/m^-1
0.00000e+00 3.34978e-04 0 0E+00 7.443956E+01 0E+00 
2.50000e-01 3.55244e-04 0 0E+00 7.894311E+01 0E+00 
5.00000e-01 3.64780e-04 0 0E+00 8.106222E+01 0E+00 
7.50000e-01 3.65973e-04 0 0E+00 8.132733E+01 0E+00 
1.00000e+00 3.64780e-04 0 0E+00 8.106222E+01 0E+00 
1.25000e+00 3.89814e-04 0 0E+00 8.662533E+01 0E+00 
1.50000e+00 3.92199e-04 0 0E+00 8.715533E+01 0E+00 
1.75000e+00 3.68357e-04 0 0E+00 8.185711E+01 0E+00 
2.00000e+00 3.93391e-04 0 0E+00 8.742022E+01 0E+00 
2.25000e+00 3.65973e-04 0 0E+00 8.132733E+01 0E+00 
2.50000e+00 3.85046e-04 0 0E+00 8.556578E+01 0E+00 
2.75000e+00 3.68357e-04 0 0E+00 8.185711E+01 0E+00 
3.00000e+00 3.70741e-04 0 0E+00 8.238689E+01 0E+00 
3.25000e+00 3.82662e-04 0 0E+00 8.5036E+01 0E+00 
3.50000e+00 3.82662e-04 0 0E+00 8.5036E+01 0E+00 
3.75000e+00 3.70741e-04 0 0E+00 8.238689E+01 0E+00 
4.00000e+00 3.74317e-04 0 0E+00 8.318156E+01 0E+00 
4.25000e+00 3.98159e-04 0 0E+00 8.847978E+01 0E+00 
4.50000e+00 3.89814e-04 0 0E+00 8.662533E+01 0E+00 
4.75000e+00 4.08888e-04 0 0E+00 9.0864E+01 0E+00 
5.00000e+00 3.93391e-04 0 0E+00 8.742022E+01 0E+00 
5.25000e+00 3.93391e-04 0 0E+00 8.742022E+01 0E+00 
5.50000e+00 4.00543e-04 0 0E+00 8.900956E+01 0E+00 
5.75000e+00 4.08888e-04 0 0E+00 9.0864E+01 0E+00 
6.00000e+00 3.89814e-04 0 0E+00 8.662533E+01 0E+00 
6.25000e+00 4.02927e-04 0 0E+00 8.953933E+01 0E+00 
6.50000e+00 3.88622e-04 0 0E+00 8.636044E+01 0E+00 
6.75000e+00 3.92199e-04 0 0E+00 8.715533E+01 0E+00 
7.00000e+00 4.11272e-04 0 0E+00 9.139378E+01 0E+00 
7.25000e+00 3.87430e-04 0 0E+00 8.609556E+01 0E+00 
7.50000e+00 4.01735e-04 0 0E+00 8.927444E+01 0E+00 
7.75000e+00 3.93391e-04 0 0E+00 8.742022E+01 0E+00 
8.00000e+00 3.89814e-04 0 0E+00 8.662533E+01 0E+00 
8.25000e+00 3.89814e-04 0 0E+00 8.662533E+01 0E+00 
8.50000e+00 3.80278e-04 0 0E+00 8.450622E+01 0E+00 
8.75000e+00 3.71933e-04 0 0E+00 8.265178E+01 0E+00 
9.00000e+00 3.77893e-04 0 0E+00 8.397622E+01 0E+00 
9.25000e+00 3.73125e-04 0 0E+00 8.291667E+01 0E+00 
9.50000e+00 3.79086e-04 0 0E+00 8.424133E+01 0E+00 
9.75000e+00 3.95775e-04 0 0E+00 8.795E+01 0E+00 
1.00000e+01 3.81470e-04 0 0E+00 8.477111E+01 0E+00 
1.02500e+01 3.89814e-04 0 0E+00 8.662533E+01 0E+00 
1.05000e+01 3.87430e-04 0 0E+00 8.609556E+01 0E+00 
1.07500e+01 3.99351e-04 0 0E+00 8.874467E+01 0E+00 
1.10000e+01 4.05312e-04 0 0E+00 9.006933E+01 0E+00 
1.12500e+01 4.36306e-04 0 0E+00 9.695689E+01 0E+00 
1.15000e+01 4.16040e-04 0 0E+00 9.245333E+01 0E+00 
1.17500e+01 4.33922e-04 0 0E+00 9.642711E+01 0E+00 
1.20000e+01 4.33922e-04 0 0E+00 9.642711E+01 0E+00 
1.22500e+01 4.55379e-04 0 0E+00 1.011953E+02 0E+00 
1.25000e+01 4.54187e-04 0 0E+00 1.009304E+02 0E+00 
1.27500e+01 4.64916e-04 0 0E+00 1.033147E+02 0E+00 
1.30000e+01 4.92334e-04 0 0E+00 1.094076E+02 0E+00 
1.32500e+01 4.83990e-04 0 0E+00 1.075533E+02 0E+00 
1.35000e+01 4.66108e-04 0 0E+00 1.035796E+02 0E+00 
1.37500e+01 5.04255e-04 0 0E+00 1.120567E+02 0E+00 
1.40000e+01 5.05447e-04 0 0E+00 1.123216E+02 0E+00 
1.42500e+01 5.36442e-04 0 0E+00 1.192093E+02 0E+00 
1.45000e+01 5.31673e-04 0 0E+00 1.181496E+02 0E+00 
1.47500e+01 5.41210e-04 0 0E+00 1.202689E+02 0E+00 
1.50000e+01 5.54323e-04 0 0E+00 1.231829E+02 0E+00 
