V(__) I(__) lux CurrC oeff. CurrA/m^-2. lux/m^-1
0.00000e+00 -1.26806e-09 0 -0E+00 -2.817911E-04 0E+00 
-2.50000e-01 -4.88069e-06 0 -0E+00 -1.084598E+00 0E+00 
-5.00000e-01 -1.10574e-05 0 -0E+00 -2.4572E+00 0E+00 
-7.50000e-01 -1.79454e-05 0 -0E+00 -3.987867E+00 0E+00 
-1.00000e+00 -2.34347e-05 0 -0E+00 -5.207711E+00 0E+00 
-1.25000e+00 -2.95713e-05 0 -0E+00 -6.5714E+00 0E+00 
-1.50000e+00 -4.14190e-05 0 -0E+00 -9.204222E+00 0E+00 
-1.75000e+00 -5.18874e-05 0 -0E+00 -1.153053E+01 0E+00 
-2.00000e+00 -6.18737e-05 0 -0E+00 -1.374971E+01 0E+00 
-2.25000e+00 -7.45988e-05 0 -0E+00 -1.657751E+01 0E+00 
-2.50000e+00 -7.88723e-05 0 -0E+00 -1.752718E+01 0E+00 
-2.75000e+00 -1.56669e-04 0 -0E+00 -3.481533E+01 0E+00 
-3.00000e+00 -3.39701e-05 0 -0E+00 -7.548911E+00 0E+00 
-3.25000e+00 -3.07325e-05 0 -0E+00 -6.829444E+00 0E+00 
-3.50000e+00 -3.30893e-05 0 -0E+00 -7.353178E+00 0E+00 
-3.75000e+00 -3.94881e-05 0 -0E+00 -8.775133E+00 0E+00 
-4.00000e+00 -4.49394e-05 0 -0E+00 -9.986533E+00 0E+00 
-4.25000e+00 -5.20625e-05 0 -0E+00 -1.156944E+01 0E+00 
-4.50000e+00 -5.85407e-05 0 -0E+00 -1.300904E+01 0E+00 
-4.75000e+00 -6.53287e-05 0 -0E+00 -1.451749E+01 0E+00 
-5.00000e+00 -7.36228e-05 0 -0E+00 -1.636062E+01 0E+00 
-5.25000e+00 -8.31027e-05 0 -0E+00 -1.846727E+01 0E+00 
-5.50000e+00 -8.88740e-05 0 -0E+00 -1.974978E+01 0E+00 
-5.75000e+00 -9.63383e-05 0 -0E+00 -2.140851E+01 0E+00 
-6.00000e+00 -1.04285e-04 0 -0E+00 -2.317444E+01 0E+00 
-6.25000e+00 -1.10267e-04 0 -0E+00 -2.450378E+01 0E+00 
-6.50000e+00 -1.19651e-04 0 -0E+00 -2.658911E+01 0E+00 
-6.75000e+00 -1.28896e-04 0 -0E+00 -2.864356E+01 0E+00 
-7.00000e+00 -1.36738e-04 0 -0E+00 -3.038622E+01 0E+00 
-7.25000e+00 -1.44228e-04 0 -0E+00 -3.205067E+01 0E+00 
-7.50000e+00 -1.53277e-04 0 -0E+00 -3.406156E+01 0E+00 
-7.75000e+00 -1.61253e-04 0 -0E+00 -3.5834E+01 0E+00 
-8.00000e+00 -1.68911e-04 0 -0E+00 -3.753578E+01 0E+00 
-8.25000e+00 -1.77662e-04 0 -0E+00 -3.948044E+01 0E+00 
-8.50000e+00 -1.87819e-04 0 -0E+00 -4.173756E+01 0E+00 
-8.75000e+00 -1.97112e-04 0 -0E+00 -4.380267E+01 0E+00 
-9.00000e+00 -2.06044e-04 0 -0E+00 -4.578756E+01 0E+00 
-9.25000e+00 -2.15869e-04 0 -0E+00 -4.797089E+01 0E+00 
-9.50000e+00 -2.26097e-04 0 -0E+00 -5.024378E+01 0E+00 
-9.75000e+00 -2.35501e-04 0 -0E+00 -5.233356E+01 0E+00 
-1.00000e+01 -2.45647e-04 0 -0E+00 -5.458822E+01 0E+00 
-1.02500e+01 -2.53190e-04 0 -0E+00 -5.626444E+01 0E+00 
-1.05000e+01 -2.63406e-04 0 -0E+00 -5.853467E+01 0E+00 
-1.07500e+01 -2.73852e-04 0 -0E+00 -6.0856E+01 0E+00 
-1.10000e+01 -2.84228e-04 0 -0E+00 -6.316178E+01 0E+00 
-1.12500e+01 -2.94367e-04 0 -0E+00 -6.541489E+01 0E+00 
-1.15000e+01 -3.04957e-04 0 -0E+00 -6.776822E+01 0E+00 
-1.17500e+01 -3.14801e-04 0 -0E+00 -6.995578E+01 0E+00 
-1.20000e+01 -3.24515e-04 0 -0E+00 -7.211444E+01 0E+00 
-1.22500e+01 -3.34962e-04 0 -0E+00 -7.4436E+01 0E+00 
-1.25000e+01 -3.45298e-04 0 -0E+00 -7.673289E+01 0E+00 
-1.27500e+01 -3.55389e-04 0 -0E+00 -7.897533E+01 0E+00 
-1.30000e+01 -3.65725e-04 0 -0E+00 -8.127222E+01 0E+00 
-1.32500e+01 -3.77211e-04 0 -0E+00 -8.382467E+01 0E+00 
-1.35000e+01 -3.86088e-04 0 -0E+00 -8.579733E+01 0E+00 
-1.37500e+01 -3.96286e-04 0 -0E+00 -8.806356E+01 0E+00 
-1.40000e+01 -4.06112e-04 0 -0E+00 -9.024711E+01 0E+00 
-1.42500e+01 -4.16961e-04 0 -0E+00 -9.2658E+01 0E+00 
-1.45000e+01 -4.26387e-04 0 -0E+00 -9.475267E+01 0E+00 
-1.47500e+01 -4.36118e-04 0 -0E+00 -9.691511E+01 0E+00 
-1.50000e+01 -4.45421e-04 0 -0E+00 -9.898244E+01 0E+00 
