V(__) I(__) lux CurrC oeff. CurrA/m^-2. lux/m^-1
7.10000e+00 9.99958e-02 0 0E+00 2.222129E+04 0E+00 
7.20000e+00 9.99958e-02 0 0E+00 2.222129E+04 0E+00 
7.30000e+00 9.99959e-02 0 0E+00 2.222131E+04 0E+00 
7.40000e+00 9.99961e-02 0 0E+00 2.222136E+04 0E+00 
7.50000e+00 9.99962e-02 0 0E+00 2.222138E+04 0E+00 
7.60000e+00 9.99965e-02 0 0E+00 2.222144E+04 0E+00 
7.70000e+00 9.99964e-02 0 0E+00 2.222142E+04 0E+00 
7.80000e+00 9.99962e-02 0 0E+00 2.222138E+04 0E+00 
7.90000e+00 9.99964e-02 0 0E+00 2.222142E+04 0E+00 
