V(__) I(__) lux CurrC oeff. CurrA/m^-2. lux/m^-1
7.01000e+00 -2.02024e-13 0 -0E+00 -4.489422E-08 0E+00 
7.02000e+00 -2.17116e-13 0 -0E+00 -4.8248E-08 0E+00 
7.03000e+00 -2.10059e-13 0 -0E+00 -4.667978E-08 0E+00 
7.04000e+00 -2.16091e-13 0 -0E+00 -4.802022E-08 0E+00 
7.05000e+00 -2.15888e-13 0 -0E+00 -4.797511E-08 0E+00 
7.06000e+00 -2.16305e-13 0 -0E+00 -4.806778E-08 0E+00 
7.07000e+00 -2.13671e-13 0 -0E+00 -4.748244E-08 0E+00 
7.08000e+00 -2.27737e-13 0 -0E+00 -5.060822E-08 0E+00 
7.09000e+00 -2.26927e-13 0 -0E+00 -5.042822E-08 0E+00 
7.10000e+00 -2.21872e-13 0 -0E+00 -4.930489E-08 0E+00 
7.11000e+00 -2.37012e-13 0 -0E+00 -5.266933E-08 0E+00 
7.12000e+00 -2.30587e-13 0 -0E+00 -5.124156E-08 0E+00 
7.13000e+00 -2.29275e-13 0 -0E+00 -5.095E-08 0E+00 
7.14000e+00 -2.28715e-13 0 -0E+00 -5.082556E-08 0E+00 
7.15000e+00 -2.22969e-13 0 -0E+00 -4.954867E-08 0E+00 
7.16000e+00 -2.19190e-13 0 -0E+00 -4.870889E-08 0E+00 
7.17000e+00 -2.40719e-13 0 -0E+00 -5.349311E-08 0E+00 
7.18000e+00 -2.38740e-13 0 -0E+00 -5.305333E-08 0E+00 
7.19000e+00 -2.32112e-13 0 -0E+00 -5.158044E-08 0E+00 
7.20000e+00 -2.33185e-13 0 -0E+00 -5.181889E-08 0E+00 
7.21000e+00 -2.36201e-13 0 -0E+00 -5.248911E-08 0E+00 
7.22000e+00 -2.42651e-13 0 -0E+00 -5.392244E-08 0E+00 
7.23000e+00 -2.20621e-13 0 -0E+00 -4.902689E-08 0E+00 
7.24000e+00 -2.25413e-13 0 -0E+00 -5.009178E-08 0E+00 
7.25000e+00 -2.34950e-13 0 -0E+00 -5.221111E-08 0E+00 
