>>head<<dt(__) 	 I(__) 	 lux 	 CurrCoeff. 	 CurrA/m^-2. 	 lux/m^-2 	 %lux/m^-2
4.60000e-05	7.87097e-03 	 0 	 0E+00 	 1.749104E+03	0E+00	100.0
7.04800e-02	7.85597e-03 	 0 	 0E+00 	 1.745771E+03	0E+00	99.809
1.40870e-01	7.84497e-03 	 0 	 0E+00 	 1.743327E+03	0E+00	99.67
2.11231e-01	7.83707e-03 	 0 	 0E+00 	 1.741571E+03	0E+00	99.569
2.81594e-01	7.83131e-03 	 0 	 0E+00 	 1.740291E+03	0E+00	99.496
3.51918e-01	7.82655e-03 	 0 	 0E+00 	 1.739233E+03	0E+00	99.436
4.22277e-01	7.82299e-03 	 0 	 0E+00 	 1.738442E+03	0E+00	99.39
4.92607e-01	7.82037e-03 	 0 	 0E+00 	 1.73786E+03	0E+00	99.357
5.62961e-01	7.81745e-03 	 0 	 0E+00 	 1.737211E+03	0E+00	99.32
6.33312e-01	7.81508e-03 	 0 	 0E+00 	 1.736684E+03	0E+00	99.29
7.03662e-01	7.81282e-03 	 0 	 0E+00 	 1.736182E+03	0E+00	99.261
7.74020e-01	7.81074e-03 	 0 	 0E+00 	 1.73572E+03	0E+00	99.235
8.44371e-01	7.80886e-03 	 0 	 0E+00 	 1.735302E+03	0E+00	99.211
9.14713e-01	7.80864e-03 	 0 	 0E+00 	 1.735253E+03	0E+00	99.208
9.85047e-01	7.80778e-03 	 0 	 0E+00 	 1.735062E+03	0E+00	99.197
1.05539e+00	7.80716e-03 	 0 	 0E+00 	 1.734924E+03	0E+00	99.189
1.12573e+00	7.80590e-03 	 0 	 0E+00 	 1.734644E+03	0E+00	99.173
1.19608e+00	7.80527e-03 	 0 	 0E+00 	 1.734504E+03	0E+00	99.165
1.26643e+00	7.80501e-03 	 0 	 0E+00 	 1.734447E+03	0E+00	99.162
1.33678e+00	7.80434e-03 	 0 	 0E+00 	 1.734298E+03	0E+00	99.153
1.40713e+00	7.80307e-03 	 0 	 0E+00 	 1.734016E+03	0E+00	99.137
1.47746e+00	7.80222e-03 	 0 	 0E+00 	 1.733827E+03	0E+00	99.127
1.54779e+00	7.80208e-03 	 0 	 0E+00 	 1.733796E+03	0E+00	99.125
1.61812e+00	7.80242e-03 	 0 	 0E+00 	 1.733871E+03	0E+00	99.129
1.68857e+00	7.80112e-03 	 0 	 0E+00 	 1.733582E+03	0E+00	99.113
1.75892e+00	7.80103e-03 	 0 	 0E+00 	 1.733562E+03	0E+00	99.111
1.82927e+00	7.80073e-03 	 0 	 0E+00 	 1.733496E+03	0E+00	99.108
1.89961e+00	7.80052e-03 	 0 	 0E+00 	 1.733449E+03	0E+00	99.105
1.96995e+00	7.80066e-03 	 0 	 0E+00 	 1.73348E+03	0E+00	99.107
2.04040e+00	7.80054e-03 	 0 	 0E+00 	 1.733453E+03	0E+00	99.105
2.11084e+00	7.80057e-03 	 0 	 0E+00 	 1.73346E+03	0E+00	99.106
2.18128e+00	7.80043e-03 	 0 	 0E+00 	 1.733429E+03	0E+00	99.104
2.25171e+00	7.80004e-03 	 0 	 0E+00 	 1.733342E+03	0E+00	99.099
2.32217e+00	7.80049e-03 	 0 	 0E+00 	 1.733442E+03	0E+00	99.105
2.39261e+00	7.80017e-03 	 0 	 0E+00 	 1.733371E+03	0E+00	99.1
2.46309e+00	7.80000e-03 	 0 	 0E+00 	 1.733333E+03	0E+00	99.098
2.53353e+00	7.79971e-03 	 0 	 0E+00 	 1.733269E+03	0E+00	99.095
2.60399e+00	7.79920e-03 	 0 	 0E+00 	 1.733156E+03	0E+00	99.088
2.67445e+00	7.79926e-03 	 0 	 0E+00 	 1.733169E+03	0E+00	99.089
2.74491e+00	7.79930e-03 	 0 	 0E+00 	 1.733178E+03	0E+00	99.089
2.81534e+00	7.79906e-03 	 0 	 0E+00 	 1.733124E+03	0E+00	99.086
2.88579e+00	7.79904e-03 	 0 	 0E+00 	 1.73312E+03	0E+00	99.086
2.95624e+00	7.79930e-03 	 0 	 0E+00 	 1.733178E+03	0E+00	99.089
3.02670e+00	7.79913e-03 	 0 	 0E+00 	 1.73314E+03	0E+00	99.087
3.09715e+00	7.79966e-03 	 0 	 0E+00 	 1.733258E+03	0E+00	99.094
3.16759e+00	7.79900e-03 	 0 	 0E+00 	 1.733111E+03	0E+00	99.086
3.23803e+00	7.79838e-03 	 0 	 0E+00 	 1.732973E+03	0E+00	99.078
3.30849e+00	7.79872e-03 	 0 	 0E+00 	 1.733049E+03	0E+00	99.082
3.37894e+00	7.79923e-03 	 0 	 0E+00 	 1.733162E+03	0E+00	99.089
3.44939e+00	7.79940e-03 	 0 	 0E+00 	 1.7332E+03	0E+00	99.091
3.51984e+00	7.79898e-03 	 0 	 0E+00 	 1.733107E+03	0E+00	99.085
3.59031e+00	7.79931e-03 	 0 	 0E+00 	 1.73318E+03	0E+00	99.09
3.66075e+00	7.79969e-03 	 0 	 0E+00 	 1.733264E+03	0E+00	99.094
3.73119e+00	7.79913e-03 	 0 	 0E+00 	 1.73314E+03	0E+00	99.087
3.80165e+00	7.79958e-03 	 0 	 0E+00 	 1.73324E+03	0E+00	99.093
3.87210e+00	7.80032e-03 	 0 	 0E+00 	 1.733404E+03	0E+00	99.102
3.94254e+00	7.80012e-03 	 0 	 0E+00 	 1.73336E+03	0E+00	99.1
4.01300e+00	7.80045e-03 	 0 	 0E+00 	 1.733433E+03	0E+00	99.104
4.08344e+00	7.80038e-03 	 0 	 0E+00 	 1.733418E+03	0E+00	99.103
4.15390e+00	7.79969e-03 	 0 	 0E+00 	 1.733264E+03	0E+00	99.094
4.22435e+00	7.79931e-03 	 0 	 0E+00 	 1.73318E+03	0E+00	99.09
4.29482e+00	7.79987e-03 	 0 	 0E+00 	 1.733304E+03	0E+00	99.097
4.36525e+00	7.80046e-03 	 0 	 0E+00 	 1.733436E+03	0E+00	99.104
4.43570e+00	7.79956e-03 	 0 	 0E+00 	 1.733236E+03	0E+00	99.093
4.50613e+00	7.80043e-03 	 0 	 0E+00 	 1.733429E+03	0E+00	99.104
4.57657e+00	7.79911e-03 	 0 	 0E+00 	 1.733136E+03	0E+00	99.087
4.64702e+00	7.79911e-03 	 0 	 0E+00 	 1.733136E+03	0E+00	99.087
4.71749e+00	7.79876e-03 	 0 	 0E+00 	 1.733058E+03	0E+00	99.083
4.78791e+00	7.79913e-03 	 0 	 0E+00 	 1.73314E+03	0E+00	99.087
4.85834e+00	7.79869e-03 	 0 	 0E+00 	 1.733042E+03	0E+00	99.082
4.92879e+00	7.79953e-03 	 0 	 0E+00 	 1.733229E+03	0E+00	99.092
4.99924e+00	7.79888e-03 	 0 	 0E+00 	 1.733084E+03	0E+00	99.084
5.06969e+00	7.79856e-03 	 0 	 0E+00 	 1.733013E+03	0E+00	99.08
5.14013e+00	7.79875e-03 	 0 	 0E+00 	 1.733056E+03	0E+00	99.082
5.21059e+00	7.79863e-03 	 0 	 0E+00 	 1.733029E+03	0E+00	99.081
5.28105e+00	7.79847e-03 	 0 	 0E+00 	 1.732993E+03	0E+00	99.079
5.35150e+00	7.79815e-03 	 0 	 0E+00 	 1.732922E+03	0E+00	99.075
5.42197e+00	7.79790e-03 	 0 	 0E+00 	 1.732867E+03	0E+00	99.072
5.49242e+00	7.79729e-03 	 0 	 0E+00 	 1.732731E+03	0E+00	99.064
5.56287e+00	7.79718e-03 	 0 	 0E+00 	 1.732707E+03	0E+00	99.063
5.63334e+00	7.79673e-03 	 0 	 0E+00 	 1.732607E+03	0E+00	99.057
5.70378e+00	7.79629e-03 	 0 	 0E+00 	 1.732509E+03	0E+00	99.051
5.77422e+00	7.79666e-03 	 0 	 0E+00 	 1.732591E+03	0E+00	99.056
5.84468e+00	7.79721e-03 	 0 	 0E+00 	 1.732713E+03	0E+00	99.063
5.91513e+00	7.79595e-03 	 0 	 0E+00 	 1.732433E+03	0E+00	99.047
5.98559e+00	7.79560e-03 	 0 	 0E+00 	 1.732356E+03	0E+00	99.042
6.05607e+00	7.79640e-03 	 0 	 0E+00 	 1.732533E+03	0E+00	99.053
6.12653e+00	7.79593e-03 	 0 	 0E+00 	 1.732429E+03	0E+00	99.047
6.19696e+00	7.79502e-03 	 0 	 0E+00 	 1.732227E+03	0E+00	99.035
6.26741e+00	7.79500e-03 	 0 	 0E+00 	 1.732222E+03	0E+00	99.035
6.33786e+00	7.79452e-03 	 0 	 0E+00 	 1.732116E+03	0E+00	99.029
6.40833e+00	7.79419e-03 	 0 	 0E+00 	 1.732042E+03	0E+00	99.025
6.47875e+00	7.79426e-03 	 0 	 0E+00 	 1.732058E+03	0E+00	99.025
6.54923e+00	7.79404e-03 	 0 	 0E+00 	 1.732009E+03	0E+00	99.023
6.61969e+00	7.79264e-03 	 0 	 0E+00 	 1.731698E+03	0E+00	99.005
6.69015e+00	7.79289e-03 	 0 	 0E+00 	 1.731753E+03	0E+00	99.008
DATA: /home/user/PycharmProjects/OFET_K2636B_2019.10.15/data/OLED_00_oled_ltp_027.txt
