dt(__) I(__) lux CurrCoeff. CurrA/m^-2. lux/m^-2 %lux/m^-2
5.00000e-05 3.29305e-03 123.6 3.753359E+02 7.317889E+02 2.746667E+07 100.0
1.20344e-01 3.17921e-03 0.01 3.145436E-02 7.064911E+02 2.222222E+03 0.008
2.40625e-01 3.11281e-03 113.5 3.646223E+02 6.917356E+02 2.522222E+07 91.828
3.60920e-01 3.07207e-03 107.5 3.499269E+02 6.826822E+02 2.388889E+07 86.974
4.81190e-01 3.04754e-03 101.5 3.330555E+02 6.772311E+02 2.255556E+07 82.12
6.01448e-01 3.02192e-03 0.01 3.309154E-02 6.715378E+02 2.222222E+03 0.008
7.21712e-01 3.00034e-03 97.5 3.249632E+02 6.667422E+02 2.166667E+07 78.883
8.41995e-01 2.98448e-03 0.01 3.350667E-02 6.632178E+02 2.222222E+03 0.008
9.62262e-01 2.96678e-03 94.5 3.185272E+02 6.592844E+02 2.1E+07 76.456
1.08252e+00 2.95505e-03 91.5 3.096394E+02 6.566778E+02 2.033333E+07 74.029
1.20278e+00 2.94231e-03 87.4 2.970455E+02 6.538467E+02 1.942222E+07 70.712
1.32306e+00 2.93011e-03 0.01 3.412841E-02 6.511356E+02 2.222222E+03 0.008
1.44332e+00 2.92456e-03 86.4 2.954291E+02 6.499022E+02 1.92E+07 69.903
1.56357e+00 2.90709e-03 84.4 2.903247E+02 6.4602E+02 1.875556E+07 68.285
1.68383e+00 2.87879e-03 83.4 2.89705E+02 6.397311E+02 1.853333E+07 67.476
1.80410e+00 2.86577e-03 0.01 3.489464E-02 6.368378E+02 2.222222E+03 0.008
1.92436e+00 2.85245e-03 82.4 2.888745E+02 6.338778E+02 1.831111E+07 66.667
2.04465e+00 2.84422e-03 81.4 2.861945E+02 6.320489E+02 1.808889E+07 65.858
2.16501e+00 2.82664e-03 80.4 2.844366E+02 6.281422E+02 1.786667E+07 65.049
2.28539e+00 2.81604e-03 0.01 3.551086E-02 6.257867E+02 2.222222E+03 0.008
2.40573e+00 2.81427e-03 78.4 2.785802E+02 6.253933E+02 1.742222E+07 63.43
2.52608e+00 2.79664e-03 77.4 2.767607E+02 6.214756E+02 1.72E+07 62.621
2.64643e+00 2.78074e-03 76.4 2.74747E+02 6.179422E+02 1.697778E+07 61.812
2.76679e+00 2.76955e-03 0.01 3.610695E-02 6.154556E+02 2.222222E+03 0.008
2.88713e+00 2.76018e-03 75.4 2.731706E+02 6.133733E+02 1.675556E+07 61.003
3.00748e+00 2.74166e-03 73.4 2.67721E+02 6.092578E+02 1.631111E+07 59.385
3.12782e+00 2.72732e-03 73.4 2.691287E+02 6.060711E+02 1.631111E+07 59.385
3.24819e+00 2.72980e-03 0.01 3.663272E-02 6.066222E+02 2.222222E+03 0.008
3.36853e+00 2.71630e-03 71.4 2.628576E+02 6.036222E+02 1.586667E+07 57.767
3.48887e+00 2.65544e-03 70.4 2.651161E+02 5.900978E+02 1.564444E+07 56.958
3.60921e+00 2.63747e-03 69.4 2.63131E+02 5.861044E+02 1.542222E+07 56.149
3.72957e+00 2.65495e-03 0.01 3.766549E-02 5.899889E+02 2.222222E+03 0.008
3.84992e+00 2.67057e-03 68.4 2.561251E+02 5.9346E+02 1.52E+07 55.34
3.97027e+00 2.65416e-03 67.4 2.53941E+02 5.898133E+02 1.497778E+07 54.531
4.09063e+00 2.66004e-03 66.4 2.496203E+02 5.9112E+02 1.475556E+07 53.722
4.21098e+00 2.67058e-03 0.01 3.744505E-02 5.934622E+02 2.222222E+03 0.008
4.33132e+00 2.68099e-03 65.4 2.439397E+02 5.957756E+02 1.453333E+07 52.913
4.45167e+00 2.68504e-03 64.4 2.398475E+02 5.966756E+02 1.431111E+07 52.104
4.57203e+00 2.68295e-03 63.4 2.363071E+02 5.962111E+02 1.408889E+07 51.294
4.69244e+00 2.64695e-03 0.01 3.777933E-02 5.882111E+02 2.222222E+03 0.008
4.81278e+00 2.66097e-03 63.3 2.378832E+02 5.913267E+02 1.406667E+07 51.214
4.93313e+00 2.66428e-03 62.3 2.338343E+02 5.920622E+02 1.384444E+07 50.405
5.05349e+00 2.66604e-03 61.3 2.29929E+02 5.924533E+02 1.362222E+07 49.595
5.17384e+00 2.68276e-03 0.01 3.727505E-02 5.961689E+02 2.222222E+03 0.008
5.29419e+00 2.67967e-03 60.3 2.250277E+02 5.954822E+02 1.34E+07 48.786
5.41452e+00 2.68235e-03 59.3 2.210748E+02 5.960778E+02 1.317778E+07 47.977
5.53489e+00 2.67756e-03 58.3 2.177356E+02 5.950133E+02 1.295556E+07 47.168
5.65523e+00 2.67586e-03 0.01 3.737116E-02 5.946356E+02 2.222222E+03 0.008
5.77559e+00 2.68147e-03 57.3 2.136888E+02 5.958822E+02 1.273333E+07 46.359
5.89593e+00 2.66835e-03 56.3 2.109918E+02 5.929667E+02 1.251111E+07 45.55
6.01629e+00 2.67531e-03 55.3 2.06705E+02 5.945133E+02 1.228889E+07 44.741
6.13664e+00 2.66801e-03 0.01 3.748112E-02 5.928911E+02 2.222222E+03 0.008
6.25698e+00 2.66987e-03 53.3 1.996352E+02 5.933044E+02 1.184444E+07 43.123
6.37734e+00 2.67261e-03 54.3 2.031722E+02 5.939133E+02 1.206667E+07 43.932
6.49770e+00 2.66683e-03 56.3 2.111121E+02 5.926289E+02 1.251111E+07 45.55
6.61805e+00 2.66836e-03 0.01 3.74762E-02 5.929689E+02 2.222222E+03 0.008
6.73841e+00 2.66868e-03 54.3 2.034714E+02 5.9304E+02 1.206667E+07 43.932
6.85875e+00 2.67117e-03 53.3 1.99538E+02 5.935933E+02 1.184444E+07 43.123
6.97911e+00 2.67007e-03 52.3 1.95875E+02 5.933489E+02 1.162222E+07 42.314
7.09945e+00 2.66471e-03 0.01 3.752754E-02 5.921578E+02 2.222222E+03 0.008
7.21980e+00 2.66486e-03 52.3 1.96258E+02 5.921911E+02 1.162222E+07 42.314
7.34015e+00 2.65134e-03 51.3 1.934871E+02 5.891867E+02 1.14E+07 41.505
7.46050e+00 2.65857e-03 51.3 1.929609E+02 5.907933E+02 1.14E+07 41.505
7.58085e+00 2.64837e-03 0.01 3.775907E-02 5.885267E+02 2.222222E+03 0.008
7.70120e+00 2.65633e-03 50.3 1.89359E+02 5.902956E+02 1.117778E+07 40.696
7.82155e+00 2.64919e-03 49.3 1.860946E+02 5.887089E+02 1.095556E+07 39.887
7.94190e+00 2.64930e-03 50.3 1.898615E+02 5.887333E+02 1.117778E+07 40.696
8.06224e+00 2.65080e-03 0.01 3.772446E-02 5.890667E+02 2.222222E+03 0.008
8.18257e+00 2.63707e-03 49.3 1.869499E+02 5.860156E+02 1.095556E+07 39.887
8.30292e+00 2.63664e-03 46.3 1.756023E+02 5.8592E+02 1.028889E+07 37.46
8.42327e+00 2.63584e-03 46.3 1.756556E+02 5.857422E+02 1.028889E+07 37.46
8.54361e+00 2.63396e-03 0.01 3.796565E-02 5.853244E+02 2.222222E+03 0.008
8.66395e+00 2.62923e-03 47.3 1.799006E+02 5.842733E+02 1.051111E+07 38.269
8.78430e+00 2.62487e-03 47.3 1.801994E+02 5.833044E+02 1.051111E+07 38.269
8.90466e+00 2.62483e-03 47.3 1.802021E+02 5.832956E+02 1.051111E+07 38.269
9.02501e+00 2.62183e-03 0.01 3.81413E-02 5.826289E+02 2.222222E+03 0.008
9.14534e+00 2.62355e-03 47.3 1.802901E+02 5.830111E+02 1.051111E+07 38.269
9.26568e+00 2.62194e-03 45.3 1.727728E+02 5.826533E+02 1.006667E+07 36.65
9.38604e+00 2.62385e-03 44.3 1.688359E+02 5.830778E+02 9.844444E+06 35.841
9.50639e+00 2.62167e-03 0.01 3.814363E-02 5.825933E+02 2.222222E+03 0.008
9.62674e+00 2.61611e-03 43.3 1.655129E+02 5.813578E+02 9.622222E+06 35.032
9.74709e+00 2.61640e-03 41.3 1.578505E+02 5.814222E+02 9.177778E+06 33.414
9.86745e+00 2.60853e-03 39.3 1.506596E+02 5.796733E+02 8.733333E+06 31.796
9.98779e+00 2.60986e-03 0.01 3.831623E-02 5.799689E+02 2.222222E+03 0.008
1.01081e+01 2.59811e-03 39.3 1.512638E+02 5.773578E+02 8.733333E+06 31.796
1.02285e+01 2.59571e-03 37.2 1.433134E+02 5.768244E+02 8.266667E+06 30.097
1.03488e+01 2.59455e-03 39.3 1.514714E+02 5.765667E+02 8.733333E+06 31.796
1.04692e+01 2.59626e-03 0.01 3.851694E-02 5.769467E+02 2.222222E+03 0.008
1.05895e+01 2.59400e-03 41.3 1.592136E+02 5.764444E+02 9.177778E+06 33.414
1.07099e+01 2.56561e-03 41.3 1.609754E+02 5.701356E+02 9.177778E+06 33.414
1.08302e+01 2.56044e-03 43.3 1.691116E+02 5.689867E+02 9.622222E+06 35.032
1.09506e+01 2.55804e-03 0.01 3.909243E-02 5.684533E+02 2.222222E+03 0.008
1.10709e+01 2.55461e-03 43.3 1.694975E+02 5.676911E+02 9.622222E+06 35.032
1.11913e+01 2.55358e-03 43.3 1.695659E+02 5.674622E+02 9.622222E+06 35.032
1.13116e+01 2.55374e-03 44.3 1.734711E+02 5.674978E+02 9.844444E+06 35.841
1.14320e+01 2.55510e-03 0.01 3.913741E-02 5.678E+02 2.222222E+03 0.008
1.15523e+01 2.55338e-03 45.3 1.774119E+02 5.674178E+02 1.006667E+07 36.65
1.16727e+01 2.56028e-03 44.3 1.73028E+02 5.689511E+02 9.844444E+06 35.841
1.17930e+01 2.55812e-03 44.3 1.73174E+02 5.684711E+02 9.844444E+06 35.841
1.19134e+01 2.55790e-03 0.01 3.909457E-02 5.684222E+02 2.222222E+03 0.008
1.20337e+01 2.55937e-03 44.3 1.730895E+02 5.687489E+02 9.844444E+06 35.841
1.21541e+01 2.55747e-03 44.3 1.732181E+02 5.683267E+02 9.844444E+06 35.841
1.22744e+01 2.55701e-03 43.3 1.693384E+02 5.682244E+02 9.622222E+06 35.032
1.23948e+01 2.56108e-03 0.01 3.904603E-02 5.691289E+02 2.222222E+03 0.008
1.25151e+01 2.56064e-03 43.3 1.690984E+02 5.690311E+02 9.622222E+06 35.032
1.26355e+01 2.55977e-03 43.3 1.691558E+02 5.688378E+02 9.622222E+06 35.032
1.27558e+01 2.53856e-03 42.3 1.666299E+02 5.641244E+02 9.4E+06 34.223
1.28762e+01 2.53052e-03 0.01 3.951757E-02 5.623378E+02 2.222222E+03 0.008
1.29965e+01 2.51832e-03 43.3 1.7194E+02 5.596267E+02 9.622222E+06 35.032
1.31168e+01 2.52670e-03 42.3 1.67412E+02 5.614889E+02 9.4E+06 34.223
1.32372e+01 2.52607e-03 42.3 1.674538E+02 5.613489E+02 9.4E+06 34.223
1.33576e+01 2.52343e-03 0.01 3.96286E-02 5.607622E+02 2.222222E+03 0.008
1.34779e+01 2.51519e-03 41.3 1.642023E+02 5.589311E+02 9.177778E+06 33.414
1.35983e+01 2.52009e-03 40.3 1.599149E+02 5.6002E+02 8.955556E+06 32.605
1.37186e+01 2.52084e-03 40.3 1.598673E+02 5.601867E+02 8.955556E+06 32.605
1.38389e+01 2.51237e-03 0.01 3.980305E-02 5.583044E+02 2.222222E+03 0.008
1.39593e+01 2.51956e-03 40.3 1.599486E+02 5.599022E+02 8.955556E+06 32.605
1.40796e+01 2.50873e-03 40.3 1.60639E+02 5.574956E+02 8.955556E+06 32.605
1.42000e+01 2.50925e-03 40.3 1.606058E+02 5.576111E+02 8.955556E+06 32.605
1.43203e+01 2.49771e-03 0.01 4.003667E-02 5.550467E+02 2.222222E+03 0.008
1.44407e+01 2.49859e-03 39.3 1.572887E+02 5.552422E+02 8.733333E+06 31.796
1.45610e+01 2.49780e-03 39.3 1.573385E+02 5.550667E+02 8.733333E+06 31.796
1.46814e+01 2.49944e-03 38.3 1.532343E+02 5.554311E+02 8.511111E+06 30.987
1.48018e+01 2.49614e-03 0.01 4.006186E-02 5.546978E+02 2.222222E+03 0.008
1.49221e+01 2.49094e-03 38.3 1.537572E+02 5.535422E+02 8.511111E+06 30.987
1.50425e+01 2.48564e-03 40.3 1.621313E+02 5.523644E+02 8.955556E+06 32.605
1.52031e+01 2.47858e-03 39.3 1.585585E+02 5.507956E+02 8.733333E+06 31.796
1.53234e+01 2.46833e-03 0.01 4.051322E-02 5.485178E+02 2.222222E+03 0.008
1.54438e+01 2.46629e-03 38.3 1.55294E+02 5.480644E+02 8.511111E+06 30.987
1.55641e+01 2.46835e-03 38.3 1.551644E+02 5.485222E+02 8.511111E+06 30.987
1.56845e+01 2.44608e-03 38.3 1.565771E+02 5.435733E+02 8.511111E+06 30.987
1.58048e+01 2.43883e-03 0.01 4.100327E-02 5.419622E+02 2.222222E+03 0.008
1.59252e+01 2.43114e-03 37.3 1.53426E+02 5.402533E+02 8.288889E+06 30.178
1.60455e+01 2.43013e-03 39.3 1.617197E+02 5.400289E+02 8.733333E+06 31.796
1.61659e+01 2.42900e-03 38.3 1.576781E+02 5.397778E+02 8.511111E+06 30.987
1.62862e+01 2.41808e-03 0.01 4.135512E-02 5.373511E+02 2.222222E+03 0.008
1.64066e+01 2.41966e-03 39.3 1.624195E+02 5.377022E+02 8.733333E+06 31.796
1.65270e+01 2.41014e-03 37.3 1.547628E+02 5.355867E+02 8.288889E+06 30.178
1.66473e+01 2.40726e-03 38.3 1.59102E+02 5.349467E+02 8.511111E+06 30.987
1.67676e+01 2.41312e-03 0.01 4.144013E-02 5.362489E+02 2.222222E+03 0.008
1.68880e+01 2.41200e-03 38.3 1.587894E+02 5.36E+02 8.511111E+06 30.987
1.70084e+01 2.41235e-03 38.3 1.587663E+02 5.360778E+02 8.511111E+06 30.987
1.71287e+01 2.40841e-03 38.3 1.590261E+02 5.352022E+02 8.511111E+06 30.987
1.72490e+01 2.40191e-03 0.01 4.163353E-02 5.337578E+02 2.222222E+03 0.008
1.73694e+01 2.39167e-03 38.3 1.601391E+02 5.314822E+02 8.511111E+06 30.987
1.74897e+01 2.39307e-03 38.3 1.600455E+02 5.317933E+02 8.511111E+06 30.987
1.76101e+01 2.39064e-03 38.3 1.602081E+02 5.312533E+02 8.511111E+06 30.987
1.77304e+01 2.37372e-03 0.01 4.212797E-02 5.274933E+02 2.222222E+03 0.008
1.78508e+01 2.36945e-03 38.3 1.616409E+02 5.265444E+02 8.511111E+06 30.987
1.79711e+01 2.36571e-03 38.3 1.618964E+02 5.257133E+02 8.511111E+06 30.987
1.80915e+01 2.35720e-03 38.3 1.624809E+02 5.238222E+02 8.511111E+06 30.987
1.82118e+01 2.32552e-03 0.01 4.300114E-02 5.167822E+02 2.222222E+03 0.008
1.83322e+01 2.29472e-03 37.3 1.625471E+02 5.099378E+02 8.288889E+06 30.178
1.84525e+01 2.26583e-03 37.3 1.646196E+02 5.035178E+02 8.288889E+06 30.178
1.85729e+01 2.28138e-03 37.3 1.634975E+02 5.069733E+02 8.288889E+06 30.178
1.86932e+01 2.37853e-03 0.01 4.204277E-02 5.285622E+02 2.222222E+03 0.008
1.88136e+01 2.28560e-03 37.3 1.631957E+02 5.079111E+02 8.288889E+06 30.178
1.89339e+01 2.58557e-03 37.3 1.442622E+02 5.745711E+02 8.288889E+06 30.178
1.90543e+01 2.30880e-03 37.3 1.615558E+02 5.130667E+02 8.288889E+06 30.178
1.91746e+01 2.32117e-03 0.01 4.308172E-02 5.158156E+02 2.222222E+03 0.008
1.92950e+01 2.31613e-03 36.3 1.56727E+02 5.146956E+02 8.066667E+06 29.369
1.94153e+01 2.56816e-03 36.3 1.413463E+02 5.707022E+02 8.066667E+06 29.369
1.95357e+01 2.55527e-03 37.3 1.459728E+02 5.678378E+02 8.288889E+06 30.178
1.96560e+01 2.33742e-03 0.01 4.278221E-02 5.194267E+02 2.222222E+03 0.008
1.97764e+01 2.32770e-03 36.3 1.559479E+02 5.172667E+02 8.066667E+06 29.369
1.98967e+01 2.35347e-03 36.3 1.542403E+02 5.229933E+02 8.066667E+06 29.369
2.00171e+01 2.33881e-03 37.3 1.594828E+02 5.197356E+02 8.288889E+06 30.178
2.01374e+01 2.33261e-03 0.01 4.287043E-02 5.183578E+02 2.222222E+03 0.008
