V(__) I(__) lux CurrC oeff. CurrA/m^-2. lux/m^-1
0.00000e+00 4.00543e-04 0 0E+00 8.900956E+01 0E+00 
2.50000e-01 4.06504e-04 0 0E+00 9.033422E+01 0E+00 
5.00000e-01 4.10080e-04 0 0E+00 9.112889E+01 0E+00 
7.50000e-01 4.26769e-04 0 0E+00 9.483756E+01 0E+00 
1.00000e+00 4.33922e-04 0 0E+00 9.642711E+01 0E+00 
1.25000e+00 4.98295e-04 0 0E+00 1.107322E+02 0E+00 
1.50000e+00 4.91142e-04 0 0E+00 1.091427E+02 0E+00 
1.75000e+00 5.45979e-04 0 0E+00 1.213287E+02 0E+00 
2.00000e+00 5.14984e-04 0 0E+00 1.144409E+02 0E+00 
2.25000e+00 5.59092e-04 0 0E+00 1.242427E+02 0E+00 
2.50000e+00 5.97239e-04 0 0E+00 1.327198E+02 0E+00 
2.75000e+00 6.22272e-04 0 0E+00 1.382827E+02 0E+00 
3.00000e+00 6.42538e-04 0 0E+00 1.427862E+02 0E+00 
3.25000e+00 6.46114e-04 0 0E+00 1.435809E+02 0E+00 
3.50000e+00 6.73532e-04 0 0E+00 1.496738E+02 0E+00 
3.75000e+00 7.11679e-04 0 0E+00 1.581509E+02 0E+00 
4.00000e+00 7.25985e-04 0 0E+00 1.6133E+02 0E+00 
4.25000e+00 7.34329e-04 0 0E+00 1.631842E+02 0E+00 
4.50000e+00 7.49826e-04 0 0E+00 1.66628E+02 0E+00 
4.75000e+00 7.99894e-04 0 0E+00 1.777542E+02 0E+00 
5.00000e+00 7.89165e-04 0 0E+00 1.7537E+02 0E+00 
5.25000e+00 8.16584e-04 0 0E+00 1.814631E+02 0E+00 
5.50000e+00 8.27312e-04 0 0E+00 1.838471E+02 0E+00 
5.75000e+00 8.67844e-04 0 0E+00 1.928542E+02 0E+00 
6.00000e+00 8.61883e-04 0 0E+00 1.915296E+02 0E+00 
6.25000e+00 9.14335e-04 0 0E+00 2.031856E+02 0E+00 
6.50000e+00 9.33409e-04 0 0E+00 2.074242E+02 0E+00 
6.75000e+00 9.51290e-04 0 0E+00 2.113978E+02 0E+00 
7.00000e+00 9.64403e-04 0 0E+00 2.143118E+02 0E+00 
7.25000e+00 9.73940e-04 0 0E+00 2.164311E+02 0E+00 
7.50000e+00 9.91821e-04 0 0E+00 2.204047E+02 0E+00 
7.75000e+00 1.05143e-03 0 0E+00 2.336511E+02 0E+00 
8.00000e+00 1.05143e-03 0 0E+00 2.336511E+02 0E+00 
8.25000e+00 1.08480e-03 0 0E+00 2.410667E+02 0E+00 
8.50000e+00 1.10745e-03 0 0E+00 2.461E+02 0E+00 
8.75000e+00 1.13726e-03 0 0E+00 2.527244E+02 0E+00 
9.00000e+00 1.15275e-03 0 0E+00 2.561667E+02 0E+00 
9.25000e+00 1.17779e-03 0 0E+00 2.617311E+02 0E+00 
9.50000e+00 1.21713e-03 0 0E+00 2.704733E+02 0E+00 
9.75000e+00 1.24812e-03 0 0E+00 2.7736E+02 0E+00 
1.00000e+01 1.28388e-03 0 0E+00 2.853067E+02 0E+00 
1.02500e+01 1.29700e-03 0 0E+00 2.882222E+02 0E+00 
1.05000e+01 1.34945e-03 0 0E+00 2.998778E+02 0E+00 
1.07500e+01 1.37687e-03 0 0E+00 3.059711E+02 0E+00 
1.10000e+01 1.41740e-03 0 0E+00 3.149778E+02 0E+00 
1.12500e+01 1.43647e-03 0 0E+00 3.192156E+02 0E+00 
1.15000e+01 1.47939e-03 0 0E+00 3.287533E+02 0E+00 
1.17500e+01 1.54018e-03 0 0E+00 3.422622E+02 0E+00 
1.20000e+01 1.55330e-03 0 0E+00 3.451778E+02 0E+00 
1.22500e+01 1.58072e-03 0 0E+00 3.512711E+02 0E+00 
1.25000e+01 1.63317e-03 0 0E+00 3.629267E+02 0E+00 
1.27500e+01 1.65462e-03 0 0E+00 3.676933E+02 0E+00 
1.30000e+01 1.72853e-03 0 0E+00 3.841178E+02 0E+00 
1.32500e+01 1.75953e-03 0 0E+00 3.910067E+02 0E+00 
1.35000e+01 1.79410e-03 0 0E+00 3.986889E+02 0E+00 
1.37500e+01 1.83582e-03 0 0E+00 4.0796E+02 0E+00 
1.40000e+01 1.81079e-03 0 0E+00 4.023978E+02 0E+00 
1.42500e+01 1.87278e-03 0 0E+00 4.161733E+02 0E+00 
1.45000e+01 1.88708e-03 0 0E+00 4.193511E+02 0E+00 
1.47500e+01 1.92642e-03 0 0E+00 4.280933E+02 0E+00 
1.50000e+01 1.95861e-03 0 0E+00 4.352467E+02 0E+00 
