V(__) I(__) lux CurrC oeff. CurrA/m^-2. lux/m^-1
0.00000e+00 -3.51348e-11 0.01 -2.846181E+08 -7.807733E-06 2.222222E+03 
2.50000e-01 1.04459e-07 0.01 9.573134E+04 2.321311E-02 2.222222E+03 
5.00000e-01 2.17485e-07 0.01 4.598018E+04 4.833E-02 2.222222E+03 
7.50000e-01 3.22514e-07 0.01 3.100641E+04 7.166978E-02 2.222222E+03 
1.00000e+00 4.27990e-07 0.01 2.336503E+04 9.510889E-02 2.222222E+03 
1.25000e+00 5.33932e-07 0.01 1.872898E+04 1.186516E-01 2.222222E+03 
1.50000e+00 6.40219e-07 0.01 1.561966E+04 1.422709E-01 2.222222E+03 
1.75000e+00 7.46873e-07 0.01 1.338916E+04 1.659718E-01 2.222222E+03 
2.00000e+00 8.54362e-07 0.01 1.170464E+04 1.898582E-01 2.222222E+03 
2.25000e+00 9.61914e-07 0.01 1.039594E+04 2.137587E-01 2.222222E+03 
2.50000e+00 1.06488e-06 0.01 9.390729E+03 2.3664E-01 2.222222E+03 
2.75000e+00 1.18536e-06 0.01 8.436256E+03 2.634133E-01 2.222222E+03 
3.00000e+00 1.29636e-06 0.01 7.713907E+03 2.8808E-01 2.222222E+03 
3.25000e+00 1.40947e-06 0.01 7.094865E+03 3.132156E-01 2.222222E+03 
3.50000e+00 1.52447e-06 0.01 6.559657E+03 3.387711E-01 2.222222E+03 
3.75000e+00 1.64100e-06 1.1 6.70323E+05 3.646667E-01 2.444444E+05 
4.00000e+00 1.75889e-06 0.01 5.685404E+03 3.908644E-01 2.222222E+03 
4.25000e+00 1.88123e-06 1.1 5.847238E+05 4.180511E-01 2.444444E+05 
4.50000e+00 2.00782e-06 1.1 5.478579E+05 4.461822E-01 2.444444E+05 
4.75000e+00 2.14038e-06 1.1 5.139274E+05 4.7564E-01 2.444444E+05 
5.00000e+00 2.29420e-06 1.1 4.7947E+05 5.098222E-01 2.444444E+05 
5.25000e+00 2.44230e-06 1.1 4.503951E+05 5.427333E-01 2.444444E+05 
5.50000e+00 1.40021e-05 1.1 7.855964E+04 3.111578E+00 2.444444E+05 
5.75000e+00 3.78952e-06 2.1 5.541599E+05 8.421156E-01 4.666667E+05 
6.00000e+00 4.49677e-06 2.1 4.670019E+05 9.992822E-01 4.666667E+05 
6.25000e+00 5.03893e-06 2.1 4.167551E+05 1.119762E+00 4.666667E+05 
6.50000e+00 5.65737e-06 2.1 3.711972E+05 1.257193E+00 4.666667E+05 
6.75000e+00 6.58684e-06 0.01 1.518179E+03 1.463742E+00 2.222222E+03 
7.00000e+00 6.55312e-06 3.1 4.730571E+05 1.456249E+00 6.888889E+05 
7.25000e+00 8.01905e-06 3.1 3.865795E+05 1.782011E+00 6.888889E+05 
7.50000e+00 8.05116e-06 3.1 3.850377E+05 1.789147E+00 6.888889E+05 
7.75000e+00 7.74501e-06 0.01 1.291154E+03 1.721113E+00 2.222222E+03 
8.00000e+00 1.49393e-05 5.1 3.413815E+05 3.319844E+00 1.133333E+06 
8.25000e+00 9.56651e-06 6.1 6.376411E+05 2.125891E+00 1.355556E+06 
8.50000e+00 1.01264e-05 6.1 6.023858E+05 2.250311E+00 1.355556E+06 
8.75000e+00 1.15202e-05 9.1 7.899168E+05 2.560044E+00 2.022222E+06 
9.00000e+00 1.37433e-05 10.1 7.349036E+05 3.054067E+00 2.244444E+06 
9.25000e+00 1.22972e-05 13.1 1.065283E+06 2.732711E+00 2.911111E+06 
9.50000e+00 1.35024e-05 15.1 1.11832E+06 3.000533E+00 3.355556E+06 
9.75000e+00 1.46533e-05 16.1 1.098729E+06 3.256289E+00 3.577778E+06 
1.00000e+01 1.75007e-05 21.1 1.205666E+06 3.889044E+00 4.688889E+06 
1.02500e+01 1.63658e-05 23.2 1.41759E+06 3.636844E+00 5.155556E+06 
1.05000e+01 1.79054e-05 25.2 1.407397E+06 3.978978E+00 5.6E+06 
1.07500e+01 1.99671e-05 31.2 1.56257E+06 4.437133E+00 6.933333E+06 
1.10000e+01 2.56717e-05 33.2 1.293253E+06 5.704822E+00 7.377778E+06 
1.12500e+01 2.41379e-05 35.2 1.458288E+06 5.363978E+00 7.822222E+06 
1.15000e+01 4.13220e-05 43.2 1.045448E+06 9.182667E+00 9.6E+06 
1.17500e+01 3.24290e-05 45.2 1.393814E+06 7.206444E+00 1.004444E+07 
1.20000e+01 4.82177e-05 47.2 9.788936E+05 1.071504E+01 1.048889E+07 
1.22500e+01 5.31067e-05 56.3 1.06013E+06 1.180149E+01 1.251111E+07 
1.25000e+01 4.33474e-05 60.3 1.391087E+06 9.632756E+00 1.34E+07 
1.27500e+01 4.64040e-05 70.3 1.514956E+06 1.0312E+01 1.562222E+07 
1.30000e+01 5.46193e-05 72.3 1.323708E+06 1.213762E+01 1.606667E+07 
1.32500e+01 5.45709e-05 76.3 1.398181E+06 1.212687E+01 1.695556E+07 
1.35000e+01 6.55914e-05 88.4 1.347738E+06 1.457587E+01 1.964444E+07 
1.37500e+01 6.45361e-05 92.4 1.431757E+06 1.434136E+01 2.053333E+07 
1.40000e+01 8.38479e-05 93.4 1.113922E+06 1.863287E+01 2.075556E+07 
1.42500e+01 7.38172e-05 109.5 1.483394E+06 1.640382E+01 2.433333E+07 
1.45000e+01 8.83104e-05 111.5 1.262592E+06 1.962453E+01 2.477778E+07 
1.47500e+01 9.61654e-05 115.5 1.201056E+06 2.137009E+01 2.566667E+07 
1.50000e+01 9.52117e-05 130.5 1.37063E+06 2.115816E+01 2.9E+07 
