V(__) I(__) lux CurrC oeff. CurrA/m^-2. lux/m^-1
0.00000e+00 -3.17345e-11 0.01 -3.151145E+08 -7.052111E-06 2.222222E+03 
2.50000e-01 1.05108e-07 0.01 9.514024E+04 2.335733E-02 2.222222E+03 
5.00000e-01 2.18381e-07 0.01 4.579153E+04 4.852911E-02 2.222222E+03 
7.50000e-01 3.24074e-07 0.01 3.085715E+04 7.201644E-02 2.222222E+03 
1.00000e+00 4.30054e-07 1.1 2.557818E+06 9.556756E-02 2.444444E+05 
1.25000e+00 5.36361e-07 3.1 5.779689E+06 1.191913E-01 6.888889E+05 
1.50000e+00 6.42853e-07 7.1 1.104452E+07 1.428562E-01 1.577778E+06 
1.75000e+00 7.49756e-07 12.1 1.613858E+07 1.666124E-01 2.688889E+06 
2.00000e+00 8.57150e-07 0.01 1.166657E+04 1.904778E-01 2.222222E+03 
2.25000e+00 9.64724e-07 20.1 2.083497E+07 2.143831E-01 4.466667E+06 
2.50000e+00 1.06782e-06 31.2 2.921841E+07 2.372933E-01 6.933333E+06 
2.75000e+00 1.18774e-06 45.2 3.805547E+07 2.639422E-01 1.004444E+07 
3.00000e+00 1.29878e-06 0.01 7.699533E+03 2.886178E-01 2.222222E+03 
3.25000e+00 1.41184e-06 62.3 4.412681E+07 3.137422E-01 1.384444E+07 
3.50000e+00 1.52616e-06 82.4 5.399172E+07 3.391467E-01 1.831111E+07 
3.75000e+00 1.64246e-06 108.5 6.605945E+07 3.649911E-01 2.411111E+07 
4.00000e+00 1.76132e-06 138.6 7.869098E+07 3.914044E-01 3.08E+07 
4.25000e+00 1.88515e-06 173.7 9.214121E+07 4.189222E-01 3.86E+07 
4.50000e+00 2.01251e-06 0.01 4.968919E+03 4.472244E-01 2.222222E+03 
4.75000e+00 2.14499e-06 131.5 6.130565E+07 4.766644E-01 2.922222E+07 
5.00000e+00 2.29110e-06 0.01 4.364716E+03 5.091333E-01 2.222222E+03 
5.25000e+00 2.43320e-06 0.01 4.109814E+03 5.407111E-01 2.222222E+03 
5.50000e+00 2.59498e-06 0.01 3.853594E+03 5.766622E-01 2.222222E+03 
5.75000e+00 2.77640e-06 0.01 3.601786E+03 6.169778E-01 2.222222E+03 
6.00000e+00 2.97181e-06 0.01 3.364953E+03 6.604022E-01 2.222222E+03 
6.25000e+00 3.20157e-06 0.01 3.123468E+03 7.1146E-01 2.222222E+03 
6.50000e+00 3.46545e-06 0.01 2.885628E+03 7.701E-01 2.222222E+03 
6.75000e+00 3.76702e-06 0.01 2.654618E+03 8.371156E-01 2.222222E+03 
7.00000e+00 4.11666e-06 0.01 2.429154E+03 9.148133E-01 2.222222E+03 
7.25000e+00 4.52207e-06 0.01 2.211377E+03 1.004904E+00 2.222222E+03 
7.50000e+00 5.00966e-06 0.01 1.996143E+03 1.113258E+00 2.222222E+03 
7.75000e+00 5.57751e-06 0.01 1.792915E+03 1.239447E+00 2.222222E+03 
8.00000e+00 6.23911e-06 0.01 1.602793E+03 1.386469E+00 2.222222E+03 
8.25000e+00 6.98896e-06 0.01 1.430828E+03 1.553102E+00 2.222222E+03 
8.50000e+00 7.84675e-06 0.01 1.274413E+03 1.743722E+00 2.222222E+03 
8.75000e+00 8.86210e-06 0.01 1.128401E+03 1.969356E+00 2.222222E+03 
9.00000e+00 1.34080e-05 0.01 7.458234E+02 2.979556E+00 2.222222E+03 
9.25000e+00 1.16688e-05 0.01 8.569862E+02 2.593067E+00 2.222222E+03 
9.50000e+00 1.30333e-05 0.01 7.672654E+02 2.896289E+00 2.222222E+03 
9.75000e+00 1.45543e-05 0.01 6.870822E+02 3.234289E+00 2.222222E+03 
1.00000e+01 1.62634e-05 0.01 6.148776E+02 3.614089E+00 2.222222E+03 
1.02500e+01 1.84984e-05 0.01 5.405873E+02 4.110756E+00 2.222222E+03 
1.05000e+01 2.04416e-05 0.01 4.891985E+02 4.542578E+00 2.222222E+03 
1.07500e+01 2.27224e-05 0.01 4.400944E+02 5.049422E+00 2.222222E+03 
1.10000e+01 2.52343e-05 0.01 3.96286E+02 5.607622E+00 2.222222E+03 
1.12500e+01 2.77954e-05 0.01 3.597718E+02 6.176756E+00 2.222222E+03 
1.15000e+01 3.06500e-05 0.01 3.262643E+02 6.811111E+00 2.222222E+03 
1.17500e+01 3.38640e-05 0.01 2.952988E+02 7.525333E+00 2.222222E+03 
1.20000e+01 3.73146e-05 0.01 2.679916E+02 8.292133E+00 2.222222E+03 
1.22500e+01 4.13326e-05 0.01 2.419398E+02 9.185022E+00 2.222222E+03 
1.25000e+01 4.79992e-05 1.1 2.291705E+04 1.066649E+01 2.444444E+05 
1.27500e+01 4.94740e-05 1.1 2.22339E+04 1.099422E+01 2.444444E+05 
1.30000e+01 5.44880e-05 0.01 1.835266E+02 1.210844E+01 2.222222E+03 
1.32500e+01 6.01190e-05 2.2 3.659409E+04 1.335978E+01 4.888889E+05 
1.35000e+01 6.92127e-05 2.2 3.178607E+04 1.53806E+01 4.888889E+05 
1.37500e+01 7.62523e-05 2.2 2.885159E+04 1.694496E+01 4.888889E+05 
1.40000e+01 8.01938e-05 0.01 1.246979E+02 1.782084E+01 2.222222E+03 
1.42500e+01 8.75150e-05 2.2 2.513855E+04 1.944778E+01 4.888889E+05 
1.45000e+01 9.59051e-05 2.2 2.293934E+04 2.131224E+01 4.888889E+05 
1.47500e+01 1.08623e-04 2.2 2.025354E+04 2.413844E+01 4.888889E+05 
1.50000e+01 1.15781e-04 0.01 8.636996E+01 2.572911E+01 2.222222E+03 
