1.00000e-01 9.99951e-02 0 0E+00 2.222113E+04 0E+00
2.00000e-01 9.99949e-02 0 0E+00 2.222109E+04 0E+00
3.00000e-01 9.99950e-02 0 0E+00 2.222111E+04 0E+00
4.00000e-01 9.99951e-02 0 0E+00 2.222113E+04 0E+00
5.00000e-01 9.99953e-02 0 0E+00 2.222118E+04 0E+00
6.00000e-01 9.99953e-02 0 0E+00 2.222118E+04 0E+00
7.00000e-01 9.99953e-02 0 0E+00 2.222118E+04 0E+00
8.00000e-01 9.99954e-02 0 0E+00 2.22212E+04 0E+00
9.00000e-01 9.99955e-02 0 0E+00 2.222122E+04 0E+00
1.00000e+00 9.99953e-02 0 0E+00 2.222118E+04 0E+00
1.10000e+00 9.99953e-02 0 0E+00 2.222118E+04 0E+00
1.00000e+00 9.99952e-02 0 0E+00 2.222116E+04 0E+00
9.00000e-01 9.99954e-02 0 0E+00 2.22212E+04 0E+00
8.00000e-01 9.99955e-02 0 0E+00 2.222122E+04 0E+00
7.00000e-01 9.99956e-02 0 0E+00 2.222124E+04 0E+00
6.00000e-01 9.99954e-02 0 0E+00 2.22212E+04 0E+00
5.00000e-01 9.99954e-02 0 0E+00 2.22212E+04 0E+00
4.00000e-01 9.99953e-02 0 0E+00 2.222118E+04 0E+00
3.00000e-01 9.99952e-02 0 0E+00 2.222116E+04 0E+00
2.00000e-01 9.99954e-02 0 0E+00 2.22212E+04 0E+00
1.00000e-01 9.99952e-02 0 0E+00 2.222116E+04 0E+00
2.77556e-17 -2.50227e-04 0 -0E+00 -5.5606E+01 0E+00
-1.00000e-01 -9.89928e-02 0 -0E+00 -2.19984E+04 0E+00
