dt(__) I(__) lux CurrCoeff. CurrA/m^-2. lux/m^-2 %lux/m^-2
4.50000e-05 5.57904e-03 0 0E+00 1.239787E+03 0E+00 100.0
7.04760e-02 5.56097e-03 0 0E+00 1.235771E+03 0E+00 99.67610915139522
1.40839e-01 5.54609e-03 0 0E+00 1.232464E+03 0E+00 99.40939659869798
2.11187e-01 5.53575e-03 0 0E+00 1.230167E+03 0E+00 99.22406005334251
2.81547e-01 5.52741e-03 0 0E+00 1.228313E+03 0E+00 99.07457196937108
3.51894e-01 5.51999e-03 0 0E+00 1.226664E+03 0E+00 98.9415741776363
4.22251e-01 5.51429e-03 0 0E+00 1.225398E+03 0E+00 98.83940606269178
4.92601e-01 5.50925e-03 0 0E+00 1.224278E+03 0E+00 98.74906794000401
5.62951e-01 5.50410e-03 0 0E+00 1.223133E+03 0E+00 98.65675815194011
6.33285e-01 5.49915e-03 0 0E+00 1.222033E+03 0E+00 98.56803321001463
7.03632e-01 5.49488e-03 0 0E+00 1.221084E+03 0E+00 98.49149674495969
7.73961e-01 5.49211e-03 0 0E+00 1.220469E+03 0E+00 98.4418466259428
8.44298e-01 5.48927e-03 0 0E+00 1.219838E+03 0E+00 98.39094181077749
9.14651e-01 5.48669e-03 0 0E+00 1.219264E+03 0E+00 98.34469729559206
9.84981e-01 5.48435e-03 0 0E+00 1.218744E+03 0E+00 98.30275459577274
1.05534e+00 5.48181e-03 0 0E+00 1.21818E+03 0E+00 98.25722704981501
1.12566e+00 5.47854e-03 0 0E+00 1.217453E+03 0E+00 98.1986148154521
1.19601e+00 5.47611e-03 0 0E+00 1.216913E+03 0E+00 98.15505893487052
1.26636e+00 5.47452e-03 0 0E+00 1.21656E+03 0E+00 98.12655940807021
1.33669e+00 5.47206e-03 0 0E+00 1.216013E+03 0E+00 98.08246580056783
1.40703e+00 5.46999e-03 0 0E+00 1.215553E+03 0E+00 98.04536264303536
1.47736e+00 5.46909e-03 0 0E+00 1.215353E+03 0E+00 98.02923083541253
1.54769e+00 5.46664e-03 0 0E+00 1.214809E+03 0E+00 97.9853164702171
1.61802e+00 5.46487e-03 0 0E+00 1.214416E+03 0E+00 97.95359058189223
1.68836e+00 5.46428e-03 0 0E+00 1.214284E+03 0E+00 97.94301528578393
1.75871e+00 5.46174e-03 0 0E+00 1.21372E+03 0E+00 97.89748773982619
1.82904e+00 5.46114e-03 0 0E+00 1.213587E+03 0E+00 97.88673320141099
1.89937e+00 5.45982e-03 0 0E+00 1.213293E+03 0E+00 97.86307321689752
1.96970e+00 5.45875e-03 0 0E+00 1.213056E+03 0E+00 97.84389429005707
2.04017e+00 5.45701e-03 0 0E+00 1.212669E+03 0E+00 97.81270612865295
2.11064e+00 5.45686e-03 0 0E+00 1.212636E+03 0E+00 97.81001749404915
2.18105e+00 5.45567e-03 0 0E+00 1.212371E+03 0E+00 97.78868765952565
2.25152e+00 5.45438e-03 0 0E+00 1.212084E+03 0E+00 97.76556540193293
2.32197e+00 5.45192e-03 0 0E+00 1.211538E+03 0E+00 97.72147179443058
2.39243e+00 5.45052e-03 0 0E+00 1.211227E+03 0E+00 97.69637787146176
2.46287e+00 5.45002e-03 0 0E+00 1.211116E+03 0E+00 97.68741575611574
2.53332e+00 5.44788e-03 0 0E+00 1.21064E+03 0E+00 97.64905790243483
2.60370e+00 5.44689e-03 0 0E+00 1.21042E+03 0E+00 97.63131291404972
2.67415e+00 5.44579e-03 0 0E+00 1.210176E+03 0E+00 97.61159626028851
2.74461e+00 5.44344e-03 0 0E+00 1.209653E+03 0E+00 97.56947431816225
2.81507e+00 5.44272e-03 0 0E+00 1.209493E+03 0E+00 97.556568872064
2.88551e+00 5.44111e-03 0 0E+00 1.209136E+03 0E+00 97.52771086064986
2.95596e+00 5.44037e-03 0 0E+00 1.208971E+03 0E+00 97.51444692993776
3.02642e+00 5.43966e-03 0 0E+00 1.208813E+03 0E+00 97.50172072614642
3.09687e+00 5.43853e-03 0 0E+00 1.208562E+03 0E+00 97.48146634546443
3.16734e+00 5.43723e-03 0 0E+00 1.208273E+03 0E+00 97.45816484556484
3.23779e+00 5.43510e-03 0 0E+00 1.2078E+03 0E+00 97.41998623419083
3.30825e+00 5.43449e-03 0 0E+00 1.207664E+03 0E+00 97.4090524534687
3.37870e+00 5.43369e-03 0 0E+00 1.207487E+03 0E+00 97.39471306891507
3.44915e+00 5.43419e-03 0 0E+00 1.207598E+03 0E+00 97.40367518426108
3.51960e+00 5.43255e-03 0 0E+00 1.207233E+03 0E+00 97.37427944592618
3.59007e+00 5.43097e-03 0 0E+00 1.206882E+03 0E+00 97.34595916143279
3.66053e+00 5.42922e-03 0 0E+00 1.206493E+03 0E+00 97.31459175772176
3.73099e+00 5.42851e-03 0 0E+00 1.206336E+03 0E+00 97.30186555393041
3.80142e+00 5.42796e-03 0 0E+00 1.206213E+03 0E+00 97.2920072270498
3.87187e+00 5.42622e-03 0 0E+00 1.205827E+03 0E+00 97.26081906564569
3.94233e+00 5.42574e-03 0 0E+00 1.20572E+03 0E+00 97.25221543491352
4.01278e+00 5.42520e-03 0 0E+00 1.2056E+03 0E+00 97.24253635033983
4.08324e+00 5.42475e-03 0 0E+00 1.2055E+03 0E+00 97.23447044652843
4.15370e+00 5.42408e-03 0 0E+00 1.205351E+03 0E+00 97.22246121196477
4.22415e+00 5.42082e-03 0 0E+00 1.204627E+03 0E+00 97.16402821990879
4.29460e+00 5.41930e-03 0 0E+00 1.204289E+03 0E+00 97.13678338925693
4.36503e+00 5.41871e-03 0 0E+00 1.204158E+03 0E+00 97.12620809314863
4.43550e+00 5.41828e-03 0 0E+00 1.204062E+03 0E+00 97.11850067395106
4.50594e+00 5.41707e-03 0 0E+00 1.203793E+03 0E+00 97.09681235481374
4.57641e+00 5.41540e-03 0 0E+00 1.203422E+03 0E+00 97.06687888955805
4.64683e+00 5.41383e-03 0 0E+00 1.203073E+03 0E+00 97.03873784737158
4.71730e+00 5.41348e-03 0 0E+00 1.202996E+03 0E+00 97.03246436662938
4.78775e+00 5.41362e-03 0 0E+00 1.203027E+03 0E+00 97.03497375892626
4.85820e+00 5.41263e-03 0 0E+00 1.202807E+03 0E+00 97.01722877054115
4.92865e+00 5.41150e-03 0 0E+00 1.202556E+03 0E+00 96.99697438985919
4.99910e+00 5.41065e-03 0 0E+00 1.202367E+03 0E+00 96.98173879377097
5.06953e+00 5.40937e-03 0 0E+00 1.202082E+03 0E+00 96.95879577848518
5.14000e+00 5.40853e-03 0 0E+00 1.201896E+03 0E+00 96.94373942470389
5.21044e+00 5.40859e-03 0 0E+00 1.201909E+03 0E+00 96.9448148785454
5.28090e+00 5.40728e-03 0 0E+00 1.201618E+03 0E+00 96.92133413633888
5.35137e+00 5.40472e-03 0 0E+00 1.201049E+03 0E+00 96.87544810576729
5.42183e+00 5.40383e-03 0 0E+00 1.200851E+03 0E+00 96.8594955404514
5.49228e+00 5.40218e-03 0 0E+00 1.200484E+03 0E+00 96.82992055980958
5.56272e+00 5.40181e-03 0 0E+00 1.200402E+03 0E+00 96.82328859445353
5.63316e+00 5.40189e-03 0 0E+00 1.20042E+03 0E+00 96.82472253290888
5.70362e+00 5.40059e-03 0 0E+00 1.200131E+03 0E+00 96.80142103300926
5.77407e+00 5.39927e-03 0 0E+00 1.199838E+03 0E+00 96.7777610484958
5.84451e+00 5.39923e-03 0 0E+00 1.199829E+03 0E+00 96.7770440792681
5.91497e+00 5.39837e-03 0 0E+00 1.199638E+03 0E+00 96.76162924087298
5.98544e+00 5.39638e-03 0 0E+00 1.199196E+03 0E+00 96.72596002179587
6.05590e+00 5.39615e-03 0 0E+00 1.199144E+03 0E+00 96.72183744873668
6.12635e+00 5.39514e-03 0 0E+00 1.19892E+03 0E+00 96.70373397573775
6.19681e+00 5.39374e-03 0 0E+00 1.198609E+03 0E+00 96.67864005276893
6.26726e+00 5.39314e-03 0 0E+00 1.198476E+03 0E+00 96.66788551435373
6.33772e+00 5.39124e-03 0 0E+00 1.198053E+03 0E+00 96.63382947603888
6.40817e+00 5.39006e-03 0 0E+00 1.197791E+03 0E+00 96.6126788838223
6.47862e+00 5.38923e-03 0 0E+00 1.197607E+03 0E+00 96.59780177234794
6.54908e+00 5.38766e-03 0 0E+00 1.197258E+03 0E+00 96.56966073016144
6.61948e+00 5.38716e-03 0 0E+00 1.197147E+03 0E+00 96.56069861481544
6.68994e+00 5.38629e-03 0 0E+00 1.196953E+03 0E+00 96.54510453411339
6.76040e+00 5.38473e-03 0 0E+00 1.196607E+03 0E+00 96.51714273423384
6.83086e+00 5.38480e-03 0 0E+00 1.196622E+03 0E+00 96.5183974303823
6.90129e+00 5.38322e-03 0 0E+00 1.196271E+03 0E+00 96.49007714588889
6.97174e+00 5.38233e-03 0 0E+00 1.196073E+03 0E+00 96.474124580573
7.04219e+00 5.38123e-03 0 0E+00 1.195829E+03 0E+00 96.45440792681178
7.11264e+00 5.38079e-03 0 0E+00 1.195731E+03 0E+00 96.44652126530728
7.18310e+00 5.38068e-03 0 0E+00 1.195707E+03 0E+00 96.44454959993116
7.25355e+00 5.38053e-03 0 0E+00 1.195673E+03 0E+00 96.44186096532736
7.32400e+00 5.37961e-03 0 0E+00 1.195469E+03 0E+00 96.42537067309071
7.39446e+00 5.37911e-03 0 0E+00 1.195358E+03 0E+00 96.4164085577447
7.46494e+00 5.37731e-03 0 0E+00 1.194958E+03 0E+00 96.38414494249905
7.53541e+00 5.37609e-03 0 0E+00 1.194687E+03 0E+00 96.3622773810548
7.60583e+00 5.37634e-03 0 0E+00 1.194742E+03 0E+00 96.36675843872781
7.67630e+00 5.37530e-03 0 0E+00 1.194511E+03 0E+00 96.34811723880811
7.74675e+00 5.37349e-03 0 0E+00 1.194109E+03 0E+00 96.31567438125555
7.81720e+00 5.37354e-03 0 0E+00 1.19412E+03 0E+00 96.31657059279016
7.88766e+00 5.37213e-03 0 0E+00 1.193807E+03 0E+00 96.29129742751441
7.95813e+00 5.37256e-03 0 0E+00 1.193902E+03 0E+00 96.29900484671198
8.02859e+00 5.37049e-03 0 0E+00 1.193442E+03 0E+00 96.2619016891795
8.09902e+00 5.36928e-03 0 0E+00 1.193173E+03 0E+00 96.24021337004214
8.16948e+00 5.36851e-03 0 0E+00 1.193002E+03 0E+00 96.22641171240929
8.23992e+00 5.36826e-03 0 0E+00 1.192947E+03 0E+00 96.2219306547363
8.31033e+00 5.36792e-03 0 0E+00 1.192871E+03 0E+00 96.21583641630102
8.38075e+00 5.36751e-03 0 0E+00 1.19278E+03 0E+00 96.20848748171727
8.45119e+00 5.36646e-03 0 0E+00 1.192547E+03 0E+00 96.18966703949064
8.52164e+00 5.36522e-03 0 0E+00 1.192271E+03 0E+00 96.16744099343256
8.59209e+00 5.36290e-03 0 0E+00 1.191756E+03 0E+00 96.12585677822707
8.66257e+00 5.36243e-03 0 0E+00 1.191651E+03 0E+00 96.1174323898018
8.73303e+00 5.36152e-03 0 0E+00 1.191449E+03 0E+00 96.10112133987208
8.80345e+00 5.36018e-03 0 0E+00 1.191151E+03 0E+00 96.07710287074478
8.87387e+00 5.35948e-03 0 0E+00 1.190996E+03 0E+00 96.06455590926036
8.94433e+00 5.35885e-03 0 0E+00 1.190856E+03 0E+00 96.05326364392441
9.01474e+00 5.35793e-03 0 0E+00 1.190651E+03 0E+00 96.03677335168776
9.08519e+00 5.35653e-03 0 0E+00 1.19034E+03 0E+00 96.01167942871892
9.15565e+00 5.35660e-03 0 0E+00 1.190356E+03 0E+00 96.01293412486736
9.22610e+00 5.35500e-03 0 0E+00 1.19E+03 0E+00 95.98425535576014
9.29658e+00 5.35392e-03 0 0E+00 1.18976E+03 0E+00 95.96489718661275
9.36700e+00 5.35371e-03 0 0E+00 1.189713E+03 0E+00 95.96113309816742
9.43747e+00 5.35158e-03 0 0E+00 1.18924E+03 0E+00 95.92295448679343
9.50791e+00 5.35192e-03 0 0E+00 1.189316E+03 0E+00 95.92904872522871
9.57836e+00 5.35098e-03 0 0E+00 1.189107E+03 0E+00 95.9121999483782
9.64882e+00 5.34994e-03 0 0E+00 1.188876E+03 0E+00 95.8935587484585
9.71928e+00 5.34849e-03 0 0E+00 1.188553E+03 0E+00 95.86756861395509
9.78975e+00 5.34839e-03 0 0E+00 1.188531E+03 0E+00 95.86577619088587
9.86019e+00 5.34791e-03 0 0E+00 1.188424E+03 0E+00 95.85717256015371
9.93064e+00 5.34654e-03 0 0E+00 1.18812E+03 0E+00 95.83261636410566
1.00011e+01 5.34516e-03 0 0E+00 1.187813E+03 0E+00 95.80788092575065
1.00716e+01 5.34391e-03 0 0E+00 1.187536E+03 0E+00 95.78547563738564
1.01420e+01 5.34408e-03 0 0E+00 1.187573E+03 0E+00 95.78852275660329
1.02124e+01 5.34355e-03 0 0E+00 1.187456E+03 0E+00 95.77902291433651
1.02829e+01 5.34227e-03 0 0E+00 1.187171E+03 0E+00 95.75607989905073
1.03533e+01 5.34088e-03 0 0E+00 1.186862E+03 0E+00 95.73116521838882
1.04238e+01 5.34127e-03 0 0E+00 1.186949E+03 0E+00 95.73815566835871
1.04942e+01 5.33987e-03 0 0E+00 1.186638E+03 0E+00 95.71306174538988
1.05647e+01 5.34014e-03 0 0E+00 1.186698E+03 0E+00 95.71790128767672
1.06352e+01 5.33921e-03 0 0E+00 1.186491E+03 0E+00 95.70123175313314
1.07056e+01 5.33785e-03 0 0E+00 1.186189E+03 0E+00 95.67685479939199
1.07760e+01 5.33722e-03 0 0E+00 1.186049E+03 0E+00 95.66556253405604
1.08465e+01 5.33591e-03 0 0E+00 1.185758E+03 0E+00 95.64208179184949
1.09169e+01 5.33558e-03 0 0E+00 1.185684E+03 0E+00 95.63616679572114
1.09874e+01 5.33567e-03 0 0E+00 1.185704E+03 0E+00 95.6377799764834
1.10579e+01 5.33362e-03 0 0E+00 1.185249E+03 0E+00 95.60103530356477
1.11283e+01 5.33268e-03 0 0E+00 1.18504E+03 0E+00 95.58418652671428
1.11988e+01 5.33150e-03 0 0E+00 1.184778E+03 0E+00 95.56303593449769
1.12692e+01 5.33025e-03 0 0E+00 1.1845E+03 0E+00 95.54063064613266
1.13397e+01 5.33044e-03 0 0E+00 1.184542E+03 0E+00 95.54403624996414
1.14101e+01 5.32944e-03 0 0E+00 1.18432E+03 0E+00 95.52611201927215
1.14805e+01 5.32878e-03 0 0E+00 1.184173E+03 0E+00 95.51428202701538
1.15510e+01 5.32890e-03 0 0E+00 1.1842E+03 0E+00 95.51643293469843
1.16214e+01 5.32730e-03 0 0E+00 1.183844E+03 0E+00 95.48775416559121
1.16919e+01 5.32696e-03 0 0E+00 1.183769E+03 0E+00 95.48165992715593
1.17624e+01 5.32567e-03 0 0E+00 1.183482E+03 0E+00 95.45853766956321
1.18328e+01 5.32492e-03 0 0E+00 1.183316E+03 0E+00 95.44509449654421
1.19033e+01 5.32491e-03 0 0E+00 1.183313E+03 0E+00 95.44491525423729
1.19737e+01 5.32394e-03 0 0E+00 1.183098E+03 0E+00 95.42752875046602
1.20442e+01 5.32356e-03 0 0E+00 1.183013E+03 0E+00 95.42071754280305
1.21146e+01 5.32311e-03 0 0E+00 1.182913E+03 0E+00 95.41265163899165
1.21851e+01 5.32185e-03 0 0E+00 1.182633E+03 0E+00 95.39006710831971
1.22555e+01 5.32139e-03 0 0E+00 1.182531E+03 0E+00 95.38182196220136
1.23260e+01 5.32058e-03 0 0E+00 1.182351E+03 0E+00 95.36730333534085
1.23964e+01 5.32041e-03 0 0E+00 1.182313E+03 0E+00 95.3642562161232
1.24669e+01 5.31853e-03 0 0E+00 1.181896E+03 0E+00 95.3305586624222
1.25373e+01 5.31844e-03 0 0E+00 1.181876E+03 0E+00 95.32894548165991
1.26078e+01 5.31797e-03 0 0E+00 1.181771E+03 0E+00 95.32052109323466
1.26782e+01 5.31665e-03 0 0E+00 1.181478E+03 0E+00 95.29686110872122
1.27486e+01 5.31599e-03 0 0E+00 1.181331E+03 0E+00 95.28503111646447
1.28191e+01 5.31498e-03 0 0E+00 1.181107E+03 0E+00 95.26692764346554
1.28896e+01 5.31467e-03 0 0E+00 1.181038E+03 0E+00 95.261371131951
1.29600e+01 5.31315e-03 0 0E+00 1.1807E+03 0E+00 95.23412630129914
1.30305e+01 5.31296e-03 0 0E+00 1.180658E+03 0E+00 95.23072069746766
1.31009e+01 5.31191e-03 0 0E+00 1.180424E+03 0E+00 95.21190025524105
1.31714e+01 5.31248e-03 0 0E+00 1.180551E+03 0E+00 95.22211706673548
1.32418e+01 5.31114e-03 0 0E+00 1.180253E+03 0E+00 95.19809859760818
1.33123e+01 5.30968e-03 0 0E+00 1.179929E+03 0E+00 95.17192922079784
1.33827e+01 5.30916e-03 0 0E+00 1.179813E+03 0E+00 95.162608620838
1.34532e+01 5.30807e-03 0 0E+00 1.179571E+03 0E+00 95.14307120938369
1.35236e+01 5.30787e-03 0 0E+00 1.179527E+03 0E+00 95.13948636324528
1.35940e+01 5.30767e-03 0 0E+00 1.179482E+03 0E+00 95.13590151710687
1.36644e+01 5.30653e-03 0 0E+00 1.179229E+03 0E+00 95.11546789411798
1.37349e+01 5.30468e-03 0 0E+00 1.178818E+03 0E+00 95.08230806733775
1.38053e+01 5.30478e-03 0 0E+00 1.17884E+03 0E+00 95.08410049040694
1.38758e+01 5.30319e-03 0 0E+00 1.178487E+03 0E+00 95.05560096360664
1.39462e+01 5.30309e-03 0 0E+00 1.178464E+03 0E+00 95.05380854053745
1.40167e+01 5.30230e-03 0 0E+00 1.178289E+03 0E+00 95.03964839829074
1.40872e+01 5.30114e-03 0 0E+00 1.178031E+03 0E+00 95.01885629068799
1.41576e+01 5.30009e-03 0 0E+00 1.177798E+03 0E+00 95.0000358484614
1.42280e+01 5.29933e-03 0 0E+00 1.177629E+03 0E+00 94.98641343313544
1.42985e+01 5.29849e-03 0 0E+00 1.177442E+03 0E+00 94.97135707935415
1.43689e+01 5.29728e-03 0 0E+00 1.177173E+03 0E+00 94.9496687602168
1.44393e+01 5.29715e-03 0 0E+00 1.177144E+03 0E+00 94.94733861022684
1.45098e+01 5.29678e-03 0 0E+00 1.177062E+03 0E+00 94.94070664487079
1.45802e+01 5.29565e-03 0 0E+00 1.176811E+03 0E+00 94.92045226418881
1.46507e+01 5.29400e-03 0 0E+00 1.176444E+03 0E+00 94.89087728354698
1.47211e+01 5.29441e-03 0 0E+00 1.176536E+03 0E+00 94.89822621813072
1.47916e+01 5.29355e-03 0 0E+00 1.176344E+03 0E+00 94.88281137973559
1.48620e+01 5.29352e-03 0 0E+00 1.176338E+03 0E+00 94.88227365281482
1.49325e+01 5.29248e-03 0 0E+00 1.176107E+03 0E+00 94.8636324528951
1.50029e+01 5.29154e-03 0 0E+00 1.175898E+03 0E+00 94.84678367604462
1.51137e+01 5.29146e-03 0 0E+00 1.17588E+03 0E+00 94.84534973758926
1.51841e+01 5.29132e-03 0 0E+00 1.175849E+03 0E+00 94.84284034529239
1.52546e+01 5.28935e-03 0 0E+00 1.175411E+03 0E+00 94.8075296108291
1.53250e+01 5.28900e-03 0 0E+00 1.175333E+03 0E+00 94.8012561300869
1.53955e+01 5.28850e-03 0 0E+00 1.175222E+03 0E+00 94.79229401474088
1.54660e+01 5.28711e-03 0 0E+00 1.174913E+03 0E+00 94.76737933407898
1.55364e+01 5.28601e-03 0 0E+00 1.174669E+03 0E+00 94.74766268031775
1.56069e+01 5.28626e-03 0 0E+00 1.174724E+03 0E+00 94.75214373799076
1.56773e+01 5.28567e-03 0 0E+00 1.174593E+03 0E+00 94.74156844188246
1.57478e+01 5.28513e-03 0 0E+00 1.174473E+03 0E+00 94.73188935730877
1.58182e+01 5.28209e-03 0 0E+00 1.173798E+03 0E+00 94.67739969600503
1.58887e+01 5.28082e-03 0 0E+00 1.173516E+03 0E+00 94.65463592302619
1.59591e+01 5.28054e-03 0 0E+00 1.173453E+03 0E+00 94.64961713843242
1.60296e+01 5.27951e-03 0 0E+00 1.173224E+03 0E+00 94.63115518081965
1.61000e+01 5.27970e-03 0 0E+00 1.173267E+03 0E+00 94.63456078465113
1.61705e+01 5.27897e-03 0 0E+00 1.173104E+03 0E+00 94.62147609624593
1.62409e+01 5.27776e-03 0 0E+00 1.172836E+03 0E+00 94.5997877771086
1.63114e+01 5.27690e-03 0 0E+00 1.172644E+03 0E+00 94.58437293871346
1.63819e+01 5.27630e-03 0 0E+00 1.172511E+03 0E+00 94.57361840029826
1.64523e+01 5.27590e-03 0 0E+00 1.172422E+03 0E+00 94.56644870802144
1.65227e+01 5.27502e-03 0 0E+00 1.172227E+03 0E+00 94.55067538501247
1.65932e+01 5.27488e-03 0 0E+00 1.172196E+03 0E+00 94.54816599271558
1.66636e+01 5.27426e-03 0 0E+00 1.172058E+03 0E+00 94.53705296968654
1.67341e+01 5.27299e-03 0 0E+00 1.171776E+03 0E+00 94.51428919670767
1.68046e+01 5.27263e-03 0 0E+00 1.171696E+03 0E+00 94.50783647365856
1.68750e+01 5.27199e-03 0 0E+00 1.171553E+03 0E+00 94.49636496601565
1.69455e+01 5.27089e-03 0 0E+00 1.171309E+03 0E+00 94.47664831225444
1.70159e+01 5.27031e-03 0 0E+00 1.17118E+03 0E+00 94.46625225845307
1.70864e+01 5.26976e-03 0 0E+00 1.171058E+03 0E+00 94.45639393157245
1.71569e+01 5.26884e-03 0 0E+00 1.170853E+03 0E+00 94.4399036393358
1.72273e+01 5.26773e-03 0 0E+00 1.170607E+03 0E+00 94.42000774326766
1.72978e+01 5.26778e-03 0 0E+00 1.170618E+03 0E+00 94.42090395480224
1.73682e+01 5.26666e-03 0 0E+00 1.170369E+03 0E+00 94.40082881642721
1.74387e+01 5.26573e-03 0 0E+00 1.170162E+03 0E+00 94.38415928188361
1.75092e+01 5.26520e-03 0 0E+00 1.170044E+03 0E+00 94.37465943961685
1.75796e+01 5.26393e-03 0 0E+00 1.169762E+03 0E+00 94.35189566663799
1.76501e+01 5.26333e-03 0 0E+00 1.169629E+03 0E+00 94.34114112822277
1.77205e+01 5.26225e-03 0 0E+00 1.169389E+03 0E+00 94.32178295907538
1.77909e+01 5.26169e-03 0 0E+00 1.169264E+03 0E+00 94.31174538988786
1.78613e+01 5.26131e-03 0 0E+00 1.16918E+03 0E+00 94.3049341822249
1.79318e+01 5.26113e-03 0 0E+00 1.16914E+03 0E+00 94.30170782070034
1.80022e+01 5.25972e-03 0 0E+00 1.168827E+03 0E+00 94.27643465542458
1.80727e+01 5.26019e-03 0 0E+00 1.168931E+03 0E+00 94.28485904384983
1.81431e+01 5.25923e-03 0 0E+00 1.168718E+03 0E+00 94.2676517823855
1.82136e+01 5.25880e-03 0 0E+00 1.168622E+03 0E+00 94.25994436318793
1.82840e+01 5.25834e-03 0 0E+00 1.16852E+03 0E+00 94.2516992170696
1.83545e+01 5.25821e-03 0 0E+00 1.168491E+03 0E+00 94.24936906707963
1.84250e+01 5.25760e-03 0 0E+00 1.168356E+03 0E+00 94.2384352863575
1.84954e+01 5.25699e-03 0 0E+00 1.16822E+03 0E+00 94.22750150563536
1.85659e+01 5.25663e-03 0 0E+00 1.16814E+03 0E+00 94.22104878258624
1.86363e+01 5.25528e-03 0 0E+00 1.16784E+03 0E+00 94.19685107115203
1.87068e+01 5.25450e-03 0 0E+00 1.167667E+03 0E+00 94.18287017121224
1.87773e+01 5.25298e-03 0 0E+00 1.167329E+03 0E+00 94.15562534056039
1.88477e+01 5.25266e-03 0 0E+00 1.167258E+03 0E+00 94.14988958673894
1.89182e+01 5.25131e-03 0 0E+00 1.166958E+03 0E+00 94.12569187530471
1.89886e+01 5.25088e-03 0 0E+00 1.166862E+03 0E+00 94.11798445610714
1.90591e+01 5.25031e-03 0 0E+00 1.166736E+03 0E+00 94.1077676446127
1.91295e+01 5.24915e-03 0 0E+00 1.166478E+03 0E+00 94.08697553700995
1.92000e+01 5.24941e-03 0 0E+00 1.166536E+03 0E+00 94.09163583698987
1.92704e+01 5.24840e-03 0 0E+00 1.166311E+03 0E+00 94.07353236399092
1.93409e+01 5.24730e-03 0 0E+00 1.166067E+03 0E+00 94.05381571022971
1.94113e+01 5.24621e-03 0 0E+00 1.165824E+03 0E+00 94.0342782987754
1.94818e+01 5.24509e-03 0 0E+00 1.165576E+03 0E+00 94.01420316040036
1.95523e+01 5.24500e-03 0 0E+00 1.165556E+03 0E+00 94.01258997963807
1.96227e+01 5.24459e-03 0 0E+00 1.165464E+03 0E+00 94.00524104505435
1.96931e+01 5.24396e-03 0 0E+00 1.165324E+03 0E+00 93.99394877971837
1.97636e+01 5.24255e-03 0 0E+00 1.165011E+03 0E+00 93.96867561444263
1.98340e+01 5.24160e-03 0 0E+00 1.1648E+03 0E+00 93.9516475952852
1.99045e+01 5.24153e-03 0 0E+00 1.164784E+03 0E+00 93.95039289913676
1.99749e+01 5.24149e-03 0 0E+00 1.164776E+03 0E+00 93.94967592990908
2.00454e+01 5.24140e-03 0 0E+00 1.164756E+03 0E+00 93.94806274914681
2.01158e+01 5.24018e-03 0 0E+00 1.164484E+03 0E+00 93.92619518770253
2.01863e+01 5.23952e-03 0 0E+00 1.164338E+03 0E+00 93.9143651954458
2.02567e+01 5.23918e-03 0 0E+00 1.164262E+03 0E+00 93.90827095701052
2.03272e+01 5.23839e-03 0 0E+00 1.164087E+03 0E+00 93.89411081476382
2.03976e+01 5.23712e-03 0 0E+00 1.163804E+03 0E+00 93.87134704178496
2.04681e+01 5.23781e-03 0 0E+00 1.163958E+03 0E+00 93.88371476096245
2.05385e+01 5.23599e-03 0 0E+00 1.163553E+03 0E+00 93.85109266110298
2.06090e+01 5.23570e-03 0 0E+00 1.163489E+03 0E+00 93.8458946342023
2.06795e+01 5.23508e-03 0 0E+00 1.163351E+03 0E+00 93.83478161117324
2.07499e+01 5.23477e-03 0 0E+00 1.163282E+03 0E+00 93.82922509965871
2.08203e+01 5.23243e-03 0 0E+00 1.162762E+03 0E+00 93.7872823998394
2.08908e+01 5.23234e-03 0 0E+00 1.162742E+03 0E+00 93.7856692190771
2.09612e+01 5.23067e-03 0 0E+00 1.162371E+03 0E+00 93.75573575382143
2.10317e+01 5.23020e-03 0 0E+00 1.162267E+03 0E+00 93.7473113653962
2.11021e+01 5.22982e-03 0 0E+00 1.162182E+03 0E+00 93.74050015773321
2.11726e+01 5.22946e-03 0 0E+00 1.162102E+03 0E+00 93.7340474346841
2.12430e+01 5.22860e-03 0 0E+00 1.161911E+03 0E+00 93.71863259628896
2.13135e+01 5.22803e-03 0 0E+00 1.161784E+03 0E+00 93.70841578479451
2.13839e+01 5.22746e-03 0 0E+00 1.161658E+03 0E+00 93.69819897330005
2.14544e+01 5.22628e-03 0 0E+00 1.161396E+03 0E+00 93.67704838108348
2.15248e+01 5.22620e-03 0 0E+00 1.161378E+03 0E+00 93.67561444262813
2.15953e+01 5.22484e-03 0 0E+00 1.161076E+03 0E+00 93.65123748888696
2.16658e+01 5.22350e-03 0 0E+00 1.160778E+03 0E+00 93.62721901975966
2.17362e+01 5.22358e-03 0 0E+00 1.160796E+03 0E+00 93.62865295821503
2.18067e+01 5.22290e-03 0 0E+00 1.160644E+03 0E+00 93.61646448134447
2.18771e+01 5.22367e-03 0 0E+00 1.160816E+03 0E+00 93.63026613897732
2.19476e+01 5.22222e-03 0 0E+00 1.160493E+03 0E+00 93.60427600447387
2.20180e+01 5.22102e-03 0 0E+00 1.160227E+03 0E+00 93.58276692764345
2.20885e+01 5.22094e-03 0 0E+00 1.160209E+03 0E+00 93.58133298918811
2.21589e+01 5.21995e-03 0 0E+00 1.159989E+03 0E+00 93.563588000803
2.22294e+01 5.21939e-03 0 0E+00 1.159864E+03 0E+00 93.55355043161548
2.22998e+01 5.21846e-03 0 0E+00 1.159658E+03 0E+00 93.5368808970719
2.23703e+01 5.21776e-03 0 0E+00 1.159502E+03 0E+00 93.52433393558748
2.24407e+01 5.21726e-03 0 0E+00 1.159391E+03 0E+00 93.51537182024146
2.25112e+01 5.21658e-03 0 0E+00 1.15924E+03 0E+00 93.5031833433709
2.25816e+01 5.21569e-03 0 0E+00 1.159042E+03 0E+00 93.48723077805501
2.26521e+01 5.21548e-03 0 0E+00 1.158996E+03 0E+00 93.48346668960967
2.27225e+01 5.21489e-03 0 0E+00 1.158864E+03 0E+00 93.47289139350138
2.27930e+01 5.21413e-03 0 0E+00 1.158696E+03 0E+00 93.45926897817546
2.28635e+01 5.21381e-03 0 0E+00 1.158624E+03 0E+00 93.453533224354
2.29339e+01 5.21221e-03 0 0E+00 1.158269E+03 0E+00 93.42485445524679
2.30043e+01 5.21138e-03 0 0E+00 1.158084E+03 0E+00 93.4099773437724
2.30748e+01 5.21110e-03 0 0E+00 1.158022E+03 0E+00 93.40495855917862
2.31452e+01 5.21105e-03 0 0E+00 1.158011E+03 0E+00 93.40406234764404
2.32157e+01 5.21049e-03 0 0E+00 1.157887E+03 0E+00 93.3940247784565
2.32861e+01 5.20973e-03 0 0E+00 1.157718E+03 0E+00 93.38040236313057
2.33566e+01 5.20901e-03 0 0E+00 1.157558E+03 0E+00 93.36749691703233
2.34270e+01 5.20796e-03 0 0E+00 1.157324E+03 0E+00 93.3486764748057
2.34975e+01 5.20738e-03 0 0E+00 1.157196E+03 0E+00 93.33828042100433
2.35679e+01 5.20677e-03 0 0E+00 1.15706E+03 0E+00 93.3273466402822
2.36383e+01 5.20686e-03 0 0E+00 1.15708E+03 0E+00 93.32895982104448
2.37088e+01 5.20664e-03 0 0E+00 1.157031E+03 0E+00 93.32501649029223
2.37792e+01 5.20507e-03 0 0E+00 1.156682E+03 0E+00 93.29687544810577
2.38497e+01 5.20461e-03 0 0E+00 1.15658E+03 0E+00 93.28863030198744
2.39201e+01 5.20377e-03 0 0E+00 1.156393E+03 0E+00 93.27357394820613
2.39906e+01 5.20364e-03 0 0E+00 1.156364E+03 0E+00 93.27124379821616
2.40610e+01 5.20287e-03 0 0E+00 1.156193E+03 0E+00 93.25744214058334
2.41315e+01 5.20219e-03 0 0E+00 1.156042E+03 0E+00 93.24525366371275
2.42019e+01 5.20194e-03 0 0E+00 1.155987E+03 0E+00 93.24077260603976
2.42724e+01 5.20146e-03 0 0E+00 1.15588E+03 0E+00 93.23216897530757
2.43429e+01 5.20074e-03 0 0E+00 1.15572E+03 0E+00 93.2192635292093
2.44133e+01 5.19980e-03 0 0E+00 1.155511E+03 0E+00 93.20241475235882
2.44838e+01 5.19858e-03 0 0E+00 1.15524E+03 0E+00 93.18054719091457
2.45542e+01 5.19888e-03 0 0E+00 1.155307E+03 0E+00 93.18592446012217
2.46248e+01 5.19877e-03 0 0E+00 1.155282E+03 0E+00 93.18395279474605
2.46952e+01 5.19765e-03 0 0E+00 1.155033E+03 0E+00 93.16387765637099
2.47657e+01 5.19695e-03 0 0E+00 1.154878E+03 0E+00 93.15133069488657
2.48361e+01 5.19632e-03 0 0E+00 1.154738E+03 0E+00 93.1400384295506
2.49066e+01 5.19551e-03 0 0E+00 1.154558E+03 0E+00 93.12551980269008
2.49770e+01 5.19493e-03 0 0E+00 1.154429E+03 0E+00 93.11512374888869
2.50475e+01 5.19391e-03 0 0E+00 1.154202E+03 0E+00 93.09684103358283
2.51179e+01 5.19346e-03 0 0E+00 1.154102E+03 0E+00 93.08877512977142
2.51884e+01 5.19291e-03 0 0E+00 1.15398E+03 0E+00 93.07891680289083
2.52588e+01 5.19245e-03 0 0E+00 1.153878E+03 0E+00 93.0706716567725
2.53293e+01 5.19183e-03 0 0E+00 1.15374E+03 0E+00 93.05955863374342
2.53998e+01 5.19157e-03 0 0E+00 1.153682E+03 0E+00 93.05489833376352
2.54702e+01 5.19125e-03 0 0E+00 1.153611E+03 0E+00 93.04916257994205
2.55407e+01 5.19099e-03 0 0E+00 1.153553E+03 0E+00 93.04450227996216
2.56111e+01 5.19078e-03 0 0E+00 1.153507E+03 0E+00 93.04073819151682
2.56816e+01 5.18987e-03 0 0E+00 1.153304E+03 0E+00 93.02442714158707
2.57520e+01 5.19030e-03 0 0E+00 1.1534E+03 0E+00 93.03213456078464
2.58225e+01 5.18960e-03 0 0E+00 1.153244E+03 0E+00 93.01958759930022
2.58930e+01 5.18874e-03 0 0E+00 1.153053E+03 0E+00 93.00417276090509
2.59634e+01 5.18768e-03 0 0E+00 1.152818E+03 0E+00 92.98517307637155
2.60338e+01 5.18801e-03 0 0E+00 1.152891E+03 0E+00 92.99108807249992
2.61043e+01 5.18730e-03 0 0E+00 1.152733E+03 0E+00 92.97836186870859
2.61747e+01 5.18583e-03 0 0E+00 1.152407E+03 0E+00 92.95201324959132
2.62452e+01 5.18484e-03 0 0E+00 1.152187E+03 0E+00 92.93426826120621
2.63156e+01 5.18522e-03 0 0E+00 1.152271E+03 0E+00 92.94107946886919
2.63861e+01 5.18430e-03 0 0E+00 1.152067E+03 0E+00 92.92458917663254
2.64566e+01 5.18409e-03 0 0E+00 1.15202E+03 0E+00 92.92082508818721
2.65270e+01 5.18345e-03 0 0E+00 1.151878E+03 0E+00 92.90935358054432
2.65975e+01 5.18290e-03 0 0E+00 1.151756E+03 0E+00 92.89949525366372
2.66679e+01 5.18250e-03 0 0E+00 1.151667E+03 0E+00 92.8923255613869
2.67384e+01 5.18145e-03 0 0E+00 1.151433E+03 0E+00 92.87350511916027
2.68088e+01 5.18050e-03 0 0E+00 1.151222E+03 0E+00 92.85647710000286
2.68793e+01 5.17970e-03 0 0E+00 1.151044E+03 0E+00 92.84213771544924
2.69497e+01 5.17800e-03 0 0E+00 1.150667E+03 0E+00 92.81166652327282
2.70202e+01 5.17710e-03 0 0E+00 1.150467E+03 0E+00 92.79553471564999
2.70906e+01 5.17764e-03 0 0E+00 1.150587E+03 0E+00 92.80521380022368
2.71611e+01 5.17668e-03 0 0E+00 1.150373E+03 0E+00 92.78800653875935
2.72315e+01 5.17554e-03 0 0E+00 1.15012E+03 0E+00 92.76757291577046
2.73019e+01 5.17477e-03 0 0E+00 1.149949E+03 0E+00 92.7537712581376
2.73723e+01 5.17444e-03 0 0E+00 1.149876E+03 0E+00 92.74785626200924
2.74428e+01 5.17377e-03 0 0E+00 1.149727E+03 0E+00 92.73584702744557
2.75132e+01 5.17282e-03 0 0E+00 1.149516E+03 0E+00 92.71881900828816
2.75837e+01 5.17200e-03 0 0E+00 1.149333E+03 0E+00 92.7041211391207
2.76541e+01 5.17178e-03 0 0E+00 1.149284E+03 0E+00 92.70017780836847
2.77247e+01 5.17200e-03 0 0E+00 1.149333E+03 0E+00 92.7041211391207
2.77951e+01 5.17138e-03 0 0E+00 1.149196E+03 0E+00 92.69300811609165
2.78656e+01 5.17042e-03 0 0E+00 1.148982E+03 0E+00 92.67580085462731
2.79361e+01 5.17000e-03 0 0E+00 1.148889E+03 0E+00 92.66827267773667
2.80065e+01 5.16996e-03 0 0E+00 1.14888E+03 0E+00 92.66755570850898
2.80770e+01 5.16892e-03 0 0E+00 1.148649E+03 0E+00 92.64891450858927
2.81474e+01 5.16862e-03 0 0E+00 1.148582E+03 0E+00 92.64353723938167
2.82178e+01 5.16688e-03 0 0E+00 1.148196E+03 0E+00 92.61234907797757
2.82883e+01 5.16670e-03 0 0E+00 1.148156E+03 0E+00 92.609122716453
2.83587e+01 5.16622e-03 0 0E+00 1.148049E+03 0E+00 92.60051908572083
2.84292e+01 5.16644e-03 0 0E+00 1.148098E+03 0E+00 92.60446241647308
2.84997e+01 5.16615e-03 0 0E+00 1.148033E+03 0E+00 92.5992643895724
2.85701e+01 5.16584e-03 0 0E+00 1.147964E+03 0E+00 92.59370787805786
2.86406e+01 5.16545e-03 0 0E+00 1.147878E+03 0E+00 92.58671742808798
2.87110e+01 5.16398e-03 0 0E+00 1.147551E+03 0E+00 92.56036880897072
2.87815e+01 5.16389e-03 0 0E+00 1.147531E+03 0E+00 92.55875562820843
2.88519e+01 5.16288e-03 0 0E+00 1.147307E+03 0E+00 92.54065215520949
2.89224e+01 5.16270e-03 0 0E+00 1.147267E+03 0E+00 92.53742579368493
2.89928e+01 5.16209e-03 0 0E+00 1.147131E+03 0E+00 92.5264920129628
2.90633e+01 5.16085e-03 0 0E+00 1.146856E+03 0E+00 92.5042659669047
2.91337e+01 5.16082e-03 0 0E+00 1.146849E+03 0E+00 92.50372823998394
2.92042e+01 5.15968e-03 0 0E+00 1.146596E+03 0E+00 92.48329461699502
2.92747e+01 5.16023e-03 0 0E+00 1.146718E+03 0E+00 92.49315294387564
2.93451e+01 5.15951e-03 0 0E+00 1.146558E+03 0E+00 92.4802474977774
2.94156e+01 5.15975e-03 0 0E+00 1.146611E+03 0E+00 92.48454931314349
2.94860e+01 5.15790e-03 0 0E+00 1.1462E+03 0E+00 92.45138948636324
2.95565e+01 5.15659e-03 0 0E+00 1.145909E+03 0E+00 92.4279087441567
2.96269e+01 5.15642e-03 0 0E+00 1.145871E+03 0E+00 92.42486162493906
2.96974e+01 5.15671e-03 0 0E+00 1.145936E+03 0E+00 92.43005965183974
2.97678e+01 5.15576e-03 0 0E+00 1.145724E+03 0E+00 92.4130316326823
2.98382e+01 5.15546e-03 0 0E+00 1.145658E+03 0E+00 92.4076543634747
2.99087e+01 5.15499e-03 0 0E+00 1.145553E+03 0E+00 92.39922997504947
2.99791e+01 5.15432e-03 0 0E+00 1.145404E+03 0E+00 92.38722074048582
3.00496e+01 5.15324e-03 0 0E+00 1.145164E+03 0E+00 92.36786257133843
3.01200e+01 5.15268e-03 0 0E+00 1.14504E+03 0E+00 92.35782500215089
3.02307e+01 5.15201e-03 0 0E+00 1.144891E+03 0E+00 92.34581576758725
3.03012e+01 5.15136e-03 0 0E+00 1.144747E+03 0E+00 92.33416501763742
3.03716e+01 5.15069e-03 0 0E+00 1.144598E+03 0E+00 92.32215578307378
3.04421e+01 5.14955e-03 0 0E+00 1.144344E+03 0E+00 92.30172216008489
3.05125e+01 5.14927e-03 0 0E+00 1.144282E+03 0E+00 92.29670337549112
3.05830e+01 5.14904e-03 0 0E+00 1.144231E+03 0E+00 92.29258080243194
3.06534e+01 5.14842e-03 0 0E+00 1.144093E+03 0E+00 92.2814677794029
3.07239e+01 5.14756e-03 0 0E+00 1.143902E+03 0E+00 92.26605294100776
3.07943e+01 5.14677e-03 0 0E+00 1.143727E+03 0E+00 92.25189279876108
3.08648e+01 5.14537e-03 0 0E+00 1.143416E+03 0E+00 92.22679887579226
3.09352e+01 5.14462e-03 0 0E+00 1.143249E+03 0E+00 92.21335570277323
3.10057e+01 5.14452e-03 0 0E+00 1.143227E+03 0E+00 92.21156327970401
3.10761e+01 5.14382e-03 0 0E+00 1.143071E+03 0E+00 92.19901631821962
3.11466e+01 5.14330e-03 0 0E+00 1.142956E+03 0E+00 92.18969571825976
3.12170e+01 5.14318e-03 0 0E+00 1.142929E+03 0E+00 92.18754481057671
3.12875e+01 5.14154e-03 0 0E+00 1.142564E+03 0E+00 92.15814907224181
3.13580e+01 5.14188e-03 0 0E+00 1.14264E+03 0E+00 92.1642433106771
3.14284e+01 5.14071e-03 0 0E+00 1.14238E+03 0E+00 92.14327196076742
3.14988e+01 5.14058e-03 0 0E+00 1.142351E+03 0E+00 92.14094181077748
3.15693e+01 5.13986e-03 0 0E+00 1.142191E+03 0E+00 92.12803636467922
3.16398e+01 5.13910e-03 0 0E+00 1.142022E+03 0E+00 92.11441394935328
3.17102e+01 5.13901e-03 0 0E+00 1.142002E+03 0E+00 92.11280076859101
3.17807e+01 5.13796e-03 0 0E+00 1.141769E+03 0E+00 92.09398032636437
3.18511e+01 5.13775e-03 0 0E+00 1.141722E+03 0E+00 92.09021623791907
3.19216e+01 5.13731e-03 0 0E+00 1.141624E+03 0E+00 92.08232957641458
3.19920e+01 5.13675e-03 0 0E+00 1.1415E+03 0E+00 92.07229200722705
3.20625e+01 5.13638e-03 0 0E+00 1.141418E+03 0E+00 92.065660041871
3.21329e+01 5.13517e-03 0 0E+00 1.141149E+03 0E+00 92.04397172273366
3.22034e+01 5.13470e-03 0 0E+00 1.141044E+03 0E+00 92.0355473343084
3.22738e+01 5.13423e-03 0 0E+00 1.14094E+03 0E+00 92.02712294588315
3.23443e+01 5.13363e-03 0 0E+00 1.140807E+03 0E+00 92.01636840746795
3.24147e+01 5.13232e-03 0 0E+00 1.140516E+03 0E+00 91.9928876652614
3.24852e+01 5.13185e-03 0 0E+00 1.140411E+03 0E+00 91.98446327683615
3.25557e+01 5.13144e-03 0 0E+00 1.14032E+03 0E+00 91.97711434225243
3.26261e+01 5.13126e-03 0 0E+00 1.14028E+03 0E+00 91.97388798072788
3.26966e+01 5.13087e-03 0 0E+00 1.140193E+03 0E+00 91.96689753075796
3.27670e+01 5.13071e-03 0 0E+00 1.140158E+03 0E+00 91.96402965384726
3.28374e+01 5.13012e-03 0 0E+00 1.140027E+03 0E+00 91.95345435773896
3.29079e+01 5.13031e-03 0 0E+00 1.140069E+03 0E+00 91.95685996157044
3.29783e+01 5.12859e-03 0 0E+00 1.139687E+03 0E+00 91.92603028478017
3.30488e+01 5.12852e-03 0 0E+00 1.139671E+03 0E+00 91.92477558863172
3.31192e+01 5.12761e-03 0 0E+00 1.139469E+03 0E+00 91.90846453870199
3.31898e+01 5.12708e-03 0 0E+00 1.139351E+03 0E+00 91.89896469643523
3.32602e+01 5.12679e-03 0 0E+00 1.139287E+03 0E+00 91.89376666953454
3.33306e+01 5.12551e-03 0 0E+00 1.139002E+03 0E+00 91.87082365424875
3.34011e+01 5.12497e-03 0 0E+00 1.138882E+03 0E+00 91.86114456967508
3.34716e+01 5.12583e-03 0 0E+00 1.139073E+03 0E+00 91.87655940807021
3.35420e+01 5.12527e-03 0 0E+00 1.138949E+03 0E+00 91.86652183888268
3.36125e+01 5.12422e-03 0 0E+00 1.138716E+03 0E+00 91.84770139665603
3.36829e+01 5.12263e-03 0 0E+00 1.138362E+03 0E+00 91.81920186985575
3.37533e+01 5.12079e-03 0 0E+00 1.137953E+03 0E+00 91.78622128538241
3.38238e+01 5.12006e-03 0 0E+00 1.137791E+03 0E+00 91.77313659697724
3.38942e+01 5.11935e-03 0 0E+00 1.137633E+03 0E+00 91.76041039318592
3.39647e+01 5.11873e-03 0 0E+00 1.137496E+03 0E+00 91.74929737015687
3.40351e+01 5.11874e-03 0 0E+00 1.137498E+03 0E+00 91.7494766124638
3.41056e+01 5.11775e-03 0 0E+00 1.137278E+03 0E+00 91.73173162407869
3.41761e+01 5.11776e-03 0 0E+00 1.13728E+03 0E+00 91.7319108663856
3.42465e+01 5.11694e-03 0 0E+00 1.137098E+03 0E+00 91.71721299721817
3.43169e+01 5.11603e-03 0 0E+00 1.136896E+03 0E+00 91.7009019472884
3.43874e+01 5.11565e-03 0 0E+00 1.136811E+03 0E+00 91.69409073962545
3.44578e+01 5.11493e-03 0 0E+00 1.136651E+03 0E+00 91.6811852935272
3.45283e+01 5.11474e-03 0 0E+00 1.136609E+03 0E+00 91.67777968969573
3.45988e+01 5.11373e-03 0 0E+00 1.136384E+03 0E+00 91.65967621669678
3.46692e+01 5.11261e-03 0 0E+00 1.136136E+03 0E+00 91.6396010783217
3.47397e+01 5.11175e-03 0 0E+00 1.135944E+03 0E+00 91.62418623992659
3.48101e+01 5.11172e-03 0 0E+00 1.135938E+03 0E+00 91.6236485130058
3.48806e+01 5.11076e-03 0 0E+00 1.135724E+03 0E+00 91.60644125154147
3.49510e+01 5.11156e-03 0 0E+00 1.135902E+03 0E+00 91.6207806360951
3.50215e+01 5.11027e-03 0 0E+00 1.135616E+03 0E+00 91.59765837850239
3.50920e+01 5.10967e-03 0 0E+00 1.135482E+03 0E+00 91.58690384008719
3.51624e+01 5.10970e-03 0 0E+00 1.135489E+03 0E+00 91.58744156700794
3.52328e+01 5.10933e-03 0 0E+00 1.135407E+03 0E+00 91.58080960165188
3.53033e+01 5.10923e-03 0 0E+00 1.135384E+03 0E+00 91.57901717858269
3.53737e+01 5.10847e-03 0 0E+00 1.135216E+03 0E+00 91.56539476325676
3.54442e+01 5.10733e-03 0 0E+00 1.134962E+03 0E+00 91.54496114026786
3.55146e+01 5.10730e-03 0 0E+00 1.134956E+03 0E+00 91.54442341334709
3.55851e+01 5.10589e-03 0 0E+00 1.134642E+03 0E+00 91.51915024807134
3.56556e+01 5.10623e-03 0 0E+00 1.134718E+03 0E+00 91.52524448650662
3.57260e+01 5.10519e-03 0 0E+00 1.134487E+03 0E+00 91.50660328658692
3.57965e+01 5.10401e-03 0 0E+00 1.134224E+03 0E+00 91.48545269437035
3.58669e+01 5.10425e-03 0 0E+00 1.134278E+03 0E+00 91.48975450973644
3.59374e+01 5.10393e-03 0 0E+00 1.134207E+03 0E+00 91.48401875591499
3.60078e+01 5.10330e-03 0 0E+00 1.134067E+03 0E+00 91.472726490579
3.60783e+01 5.10241e-03 0 0E+00 1.133869E+03 0E+00 91.45677392526311
3.61487e+01 5.10121e-03 0 0E+00 1.133602E+03 0E+00 91.43526484843271
3.62192e+01 5.10138e-03 0 0E+00 1.13364E+03 0E+00 91.43831196765034
3.62897e+01 5.10035e-03 0 0E+00 1.133411E+03 0E+00 91.41985001003756
3.63601e+01 5.09962e-03 0 0E+00 1.133249E+03 0E+00 91.40676532163239
3.64306e+01 5.09949e-03 0 0E+00 1.13322E+03 0E+00 91.40443517164242
3.65010e+01 5.09893e-03 0 0E+00 1.133096E+03 0E+00 91.39439760245489
3.65715e+01 5.09825e-03 0 0E+00 1.132944E+03 0E+00 91.38220912558434
3.66419e+01 5.09726e-03 0 0E+00 1.132724E+03 0E+00 91.36446413719922
3.67124e+01 5.09670e-03 0 0E+00 1.1326E+03 0E+00 91.35442656801169
3.67828e+01 5.09646e-03 0 0E+00 1.132547E+03 0E+00 91.3501247526456
3.68532e+01 5.09652e-03 0 0E+00 1.13256E+03 0E+00 91.35120020648714
3.69237e+01 5.09578e-03 0 0E+00 1.132396E+03 0E+00 91.33793627577504
3.69941e+01 5.09519e-03 0 0E+00 1.132264E+03 0E+00 91.32736097966675
3.70646e+01 5.09463e-03 0 0E+00 1.13214E+03 0E+00 91.31732341047922
3.71350e+01 5.09442e-03 0 0E+00 1.132093E+03 0E+00 91.31355932203388
3.72055e+01 5.09341e-03 0 0E+00 1.131869E+03 0E+00 91.29545584903494
3.72760e+01 5.09254e-03 0 0E+00 1.131676E+03 0E+00 91.27986176833289
3.73464e+01 5.09157e-03 0 0E+00 1.13146E+03 0E+00 91.26247526456163
3.74169e+01 5.09130e-03 0 0E+00 1.1314E+03 0E+00 91.25763572227478
3.74873e+01 5.09082e-03 0 0E+00 1.131293E+03 0E+00 91.24903209154263
3.75577e+01 5.09015e-03 0 0E+00 1.131144E+03 0E+00 91.23702285697897
3.76282e+01 5.08977e-03 0 0E+00 1.13106E+03 0E+00 91.230211649316
3.76986e+01 5.08980e-03 0 0E+00 1.131067E+03 0E+00 91.23074937623676
3.77691e+01 5.08969e-03 0 0E+00 1.131042E+03 0E+00 91.22877771086064
3.78395e+01 5.08861e-03 0 0E+00 1.130802E+03 0E+00 91.20941954171326
3.79100e+01 5.08800e-03 0 0E+00 1.130667E+03 0E+00 91.19848576099112
3.79804e+01 5.08790e-03 0 0E+00 1.130644E+03 0E+00 91.19669333792194
3.80509e+01 5.08699e-03 0 0E+00 1.130442E+03 0E+00 91.18038228799219
3.81213e+01 5.08651e-03 0 0E+00 1.130336E+03 0E+00 91.17177865726002
3.81918e+01 5.08643e-03 0 0E+00 1.130318E+03 0E+00 91.17034471880467
3.82622e+01 5.08566e-03 0 0E+00 1.130147E+03 0E+00 91.1565430611718
3.83327e+01 5.08496e-03 0 0E+00 1.129991E+03 0E+00 91.1439960996874
3.84031e+01 5.08469e-03 0 0E+00 1.129931E+03 0E+00 91.13915655740055
3.84736e+01 5.08384e-03 0 0E+00 1.129742E+03 0E+00 91.12392096131235
3.85441e+01 5.08321e-03 0 0E+00 1.129602E+03 0E+00 91.11262869597637
3.86145e+01 5.08348e-03 0 0E+00 1.129662E+03 0E+00 91.11746823826319
3.86849e+01 5.08182e-03 0 0E+00 1.129293E+03 0E+00 91.08771401531446
3.87554e+01 5.08114e-03 0 0E+00 1.129142E+03 0E+00 91.07552553844387
3.88258e+01 5.08103e-03 0 0E+00 1.129118E+03 0E+00 91.07355387306775
3.88962e+01 5.08040e-03 0 0E+00 1.128978E+03 0E+00 91.06226160773178
3.89667e+01 5.07983e-03 0 0E+00 1.128851E+03 0E+00 91.05204479623733
3.90372e+01 5.07892e-03 0 0E+00 1.128649E+03 0E+00 91.0357337463076
3.91076e+01 5.07861e-03 0 0E+00 1.12858E+03 0E+00 91.03017723479307
3.91781e+01 5.07877e-03 0 0E+00 1.128616E+03 0E+00 91.0330451117038
3.92485e+01 5.07819e-03 0 0E+00 1.128487E+03 0E+00 91.02264905790243
3.93190e+01 5.07731e-03 0 0E+00 1.128291E+03 0E+00 91.00687573489344
3.93894e+01 5.07641e-03 0 0E+00 1.128091E+03 0E+00 90.99074392727064
3.94599e+01 5.07610e-03 0 0E+00 1.128022E+03 0E+00 90.98518741575612
3.95303e+01 5.07595e-03 0 0E+00 1.127989E+03 0E+00 90.98249878115232
3.96008e+01 5.07482e-03 0 0E+00 1.127738E+03 0E+00 90.96224440047033
3.96712e+01 5.07445e-03 0 0E+00 1.127656E+03 0E+00 90.95561243511429
3.97417e+01 5.07373e-03 0 0E+00 1.127496E+03 0E+00 90.94270698901605
