V(__) I(__) lux CurrC oeff. CurrA/m^-2. lux/m^-1
2.50000e-01 3.82276e-08 0 0E+00 8.495022E-03 0E+00 
5.00000e-01 9.62118e-08 0 0E+00 2.13804E-02 0E+00 
7.50000e-01 1.64082e-07 0 0E+00 3.646267E-02 0E+00 
1.00000e+00 2.51277e-07 0 0E+00 5.583933E-02 0E+00 
1.25000e+00 3.45767e-07 0 0E+00 7.683711E-02 0E+00 
1.50000e+00 4.47211e-07 0 0E+00 9.938022E-02 0E+00 
1.75000e+00 5.59049e-07 0 0E+00 1.242331E-01 0E+00 
2.00000e+00 6.78500e-07 0 0E+00 1.507778E-01 0E+00 
2.25000e+00 7.97591e-07 0 0E+00 1.772424E-01 0E+00 
2.50000e+00 9.21278e-07 0 0E+00 2.047284E-01 0E+00 
2.75000e+00 1.04211e-06 0 0E+00 2.3158E-01 0E+00 
3.00000e+00 1.17352e-06 0 0E+00 2.607822E-01 0E+00 
3.25000e+00 1.30284e-06 0 0E+00 2.8952E-01 0E+00 
3.50000e+00 1.43822e-06 0 0E+00 3.196044E-01 0E+00 
3.75000e+00 1.57327e-06 0 0E+00 3.496156E-01 0E+00 
4.00000e+00 1.71027e-06 0 0E+00 3.8006E-01 0E+00 
4.25000e+00 1.84403e-06 0 0E+00 4.097844E-01 0E+00 
4.50000e+00 1.99839e-06 0 0E+00 4.440867E-01 0E+00 
4.75000e+00 2.14797e-06 0 0E+00 4.773267E-01 0E+00 
5.00000e+00 2.29812e-06 0 0E+00 5.106933E-01 0E+00 
5.25000e+00 2.44637e-06 0 0E+00 5.436378E-01 0E+00 
5.50000e+00 2.61160e-06 0 0E+00 5.803556E-01 0E+00 
5.75000e+00 2.77372e-06 0 0E+00 6.163822E-01 0E+00 
6.00000e+00 2.96302e-06 0 0E+00 6.584489E-01 0E+00 
6.25000e+00 3.12772e-06 0 0E+00 6.950489E-01 0E+00 
6.50000e+00 3.35479e-06 0 0E+00 7.455089E-01 0E+00 
6.75000e+00 3.53646e-06 0 0E+00 7.8588E-01 0E+00 
7.00000e+00 3.75210e-06 0 0E+00 8.338E-01 0E+00 
7.25000e+00 4.00124e-06 0 0E+00 8.891644E-01 0E+00 
7.50000e+00 4.25968e-06 0 0E+00 9.465956E-01 0E+00 
7.75000e+00 4.53553e-06 0 0E+00 1.007896E+00 0E+00 
8.00000e+00 4.81919e-06 0 0E+00 1.070931E+00 0E+00 
8.25000e+00 5.13992e-06 0 0E+00 1.142204E+00 0E+00 
8.50000e+00 5.46988e-06 0 0E+00 1.215529E+00 0E+00 
8.75000e+00 5.88206e-06 0 0E+00 1.307124E+00 0E+00 
9.00000e+00 6.32014e-06 0 0E+00 1.404476E+00 0E+00 
9.25000e+00 6.78458e-06 0 0E+00 1.507684E+00 0E+00 
9.50000e+00 7.37437e-06 0 0E+00 1.638749E+00 0E+00 
9.75000e+00 8.02280e-06 0 0E+00 1.782844E+00 0E+00 
1.00000e+01 8.77644e-06 0 0E+00 1.95032E+00 0E+00 
1.02500e+01 9.57044e-06 0 0E+00 2.126764E+00 0E+00 
1.00000e+01 8.79309e-06 0 0E+00 1.95402E+00 0E+00 
9.75000e+00 8.06968e-06 0 0E+00 1.793262E+00 0E+00 
9.50000e+00 7.47953e-06 0 0E+00 1.662118E+00 0E+00 
9.25000e+00 6.92930e-06 0 0E+00 1.539844E+00 0E+00 
9.00000e+00 6.37008e-06 0 0E+00 1.415573E+00 0E+00 
8.75000e+00 5.83773e-06 0 0E+00 1.297273E+00 0E+00 
8.50000e+00 5.53185e-06 0 0E+00 1.2293E+00 0E+00 
8.25000e+00 5.16310e-06 0 0E+00 1.147356E+00 0E+00 
8.00000e+00 4.79810e-06 0 0E+00 1.066244E+00 0E+00 
7.75000e+00 4.47659e-06 0 0E+00 9.947978E-01 0E+00 
7.50000e+00 4.18911e-06 0 0E+00 9.309133E-01 0E+00 
7.25000e+00 3.90816e-06 0 0E+00 8.6848E-01 0E+00 
7.00000e+00 3.63034e-06 0 0E+00 8.067422E-01 0E+00 
6.75000e+00 3.43788e-06 0 0E+00 7.639733E-01 0E+00 
6.50000e+00 3.22764e-06 0 0E+00 7.172533E-01 0E+00 
6.25000e+00 3.05941e-06 0 0E+00 6.798689E-01 0E+00 
6.00000e+00 2.85676e-06 0 0E+00 6.348356E-01 0E+00 
5.75000e+00 2.70200e-06 0 0E+00 6.004444E-01 0E+00 
5.50000e+00 2.52241e-06 0 0E+00 5.605356E-01 0E+00 
5.25000e+00 2.37483e-06 0 0E+00 5.2774E-01 0E+00 
5.00000e+00 2.22771e-06 0 0E+00 4.950467E-01 0E+00 
4.75000e+00 2.09369e-06 0 0E+00 4.652644E-01 0E+00 
4.50000e+00 1.99748e-06 0 0E+00 4.438844E-01 0E+00 
4.25000e+00 1.95949e-06 0 0E+00 4.354422E-01 0E+00 
4.00000e+00 1.80866e-06 0 0E+00 4.019244E-01 0E+00 
3.75000e+00 1.67564e-06 0 0E+00 3.723644E-01 0E+00 
3.50000e+00 1.54167e-06 0 0E+00 3.425933E-01 0E+00 
3.25000e+00 1.41209e-06 0 0E+00 3.137978E-01 0E+00 
3.00000e+00 1.31815e-06 0 0E+00 2.929222E-01 0E+00 
2.75000e+00 1.18863e-06 0 0E+00 2.6414E-01 0E+00 
2.50000e+00 1.06217e-06 0 0E+00 2.360378E-01 0E+00 
2.25000e+00 9.38528e-07 0 0E+00 2.085618E-01 0E+00 
2.00000e+00 8.16226e-07 0 0E+00 1.813836E-01 0E+00 
1.75000e+00 7.00583e-07 0 0E+00 1.556851E-01 0E+00 
1.50000e+00 5.81755e-07 0 0E+00 1.292789E-01 0E+00 
1.25000e+00 4.70184e-07 0 0E+00 1.044853E-01 0E+00 
1.00000e+00 3.56501e-07 0 0E+00 7.922244E-02 0E+00 
7.50000e-01 2.49898e-07 0 0E+00 5.553289E-02 0E+00 
5.00000e-01 1.48493e-07 0 0E+00 3.299844E-02 0E+00 
2.50000e-01 6.63065e-08 0 0E+00 1.473478E-02 0E+00 
0.00000e+00 -1.08781e-09 0 -0E+00 -2.417356E-04 0E+00 
