V(__) I(__) lux CurrCoeff.  
0.00000e+00 4.08871e-12 0.099 9.086022E-07 2.2E+04 2.421302E+08
1.00000e+00 4.04426e-12 0.099 8.987244E-07 2.2E+04 2.447914E+08
2.00000e+00 4.93690e-12 0.099 1.097089E-06 2.2E+04 2.005307E+08
3.00000e+00 1.37470e-11 0.099 3.054889E-06 2.2E+04 7.201571E+07
4.00000e+00 7.48885e-11 0.099 1.664189E-05 2.2E+04 1.321965E+07
5.00000e+00 5.85368e-09 0.099 1.300818E-03 2.2E+04 1.691244E+05
6.00000e+00 1.03362e-07 0.099 2.296933E-02 2.2E+04 9.577988E+03
7.00000e+00 1.40370e-07 0.099 3.119333E-02 2.2E+04 7.052789E+03
8.00000e+00 2.86043e-07 0.099 6.356511E-02 2.2E+04 3.461018E+03
9.00000e+00 2.62426e-07 0.001 5.831689E-02 2.222222E+02 3.810598E+01
1.00000e+01 1.62351e-09 0.099 3.6078E-04 2.2E+04 6.097899E+05
1.10000e+01 1.03710e-09 0.099 2.304667E-04 2.2E+04 9.545849E+05
1.20000e+01 4.58532e-09 0.099 1.01896E-03 2.2E+04 2.159064E+05
1.30000e+01 4.72443e-08 0.099 1.049873E-02 2.2E+04 2.095491E+04
1.40000e+01 3.67630e-08 0.099 8.169556E-03 2.2E+04 2.692925E+04
1.50000e+01 6.18539e-08 0.099 1.374531E-02 2.2E+04 1.600546E+04
V(__) I(__) lux CurrCoeff.  
1.50000e+01 4.14366e-08 0.099 9.208133E-03 2.2E+04 2.389192E+04
1.40000e+01 4.79824e-08 0.099 1.066276E-02 2.2E+04 2.063257E+04
1.30000e+01 1.12280e-07 0.099 2.495111E-02 2.2E+04 8.817243E+03
1.20000e+01 1.06496e-07 0.099 2.366578E-02 2.2E+04 9.296124E+03
1.10000e+01 1.12389e-07 0.099 2.497533E-02 2.2E+04 8.808691E+03
1.00000e+01 4.31748e-08 0.099 9.5944E-03 2.2E+04 2.293004E+04
9.00000e+00 3.79063e-08 0.099 8.423622E-03 2.2E+04 2.611703E+04
8.00000e+00 3.96516e-08 0.099 8.811467E-03 2.2E+04 2.496747E+04
7.00000e+00 4.82294e-08 0.099 1.071764E-02 2.2E+04 2.05269E+04
6.00000e+00 9.94003e-08 0.099 2.208896E-02 2.2E+04 9.959728E+03
5.00000e+00 2.02150e-08 0.099 4.492222E-03 2.2E+04 4.897353E+04
4.00000e+00 5.77053e-08 0.099 1.28234E-02 2.2E+04 1.715614E+04
3.00000e+00 1.64547e-07 0.099 3.6566E-02 2.2E+04 6.016518E+03
2.00000e+00 1.58507e-08 0.099 3.522378E-03 2.2E+04 6.245781E+04
1.00000e+00 3.80268e-09 0.099 8.4504E-04 2.2E+04 2.603427E+05
0.00000e+00 -4.33713e-12 82.15899999999999 -9.638067E-07 1.825756E+07 -1.894317E+11
