>>head<<V(__) 	 I(__) 	 lux 	 CurrCoeff. 	 CurrA/m^-2. 	 lux/m^-1
8.00000e+00	1.56563e-05 	 1.1 	 1.4233E-05 	 3.479178E+00 	 2.444444E+05
8.00000e+00	1.77060e-05 	 1.1 	 1.609636E-05 	 3.934667E+00 	 2.444444E+05
8.00000e+00	1.20165e-05 	 1.1 	 1.092409E-05 	 2.670333E+00 	 2.444444E+05
8.00000e+00	1.18613e-05 	 1.1 	 1.0783E-05 	 2.635844E+00 	 2.444444E+05
8.00000e+00	2.93563e-05 	 1.1 	 2.668755E-05 	 6.523622E+00 	 2.444444E+05
8.00000e+00	3.37051e-05 	 1.1 	 3.0641E-05 	 7.490022E+00 	 2.444444E+05
8.00000e+00	3.35447e-05 	 1.1 	 3.049518E-05 	 7.454378E+00 	 2.444444E+05
8.00000e+00	2.66351e-05 	 1.1 	 2.421373E-05 	 5.918911E+00 	 2.444444E+05
8.00000e+00	3.23711e-05 	 1.1 	 2.942827E-05 	 7.193578E+00 	 2.444444E+05
8.00000e+00	3.25408e-05 	 1.1 	 2.958255E-05 	 7.231289E+00 	 2.444444E+05
8.00000e+00	2.54355e-05 	 1.1 	 2.312318E-05 	 5.652333E+00 	 2.444444E+05
8.00000e+00	2.33784e-05 	 1.1 	 2.125309E-05 	 5.1952E+00 	 2.444444E+05
8.00000e+00	2.70199e-05 	 1.1 	 2.456355E-05 	 6.004422E+00 	 2.444444E+05
8.00000e+00	1.81130e-05 	 1.1 	 1.646636E-05 	 4.025111E+00 	 2.444444E+05
8.00000e+00	1.98038e-05 	 1.1 	 1.800345E-05 	 4.400844E+00 	 2.444444E+05
8.00000e+00	1.95304e-05 	 1.1 	 1.775491E-05 	 4.340089E+00 	 2.444444E+05
8.00000e+00	1.98684e-05 	 1.1 	 1.806218E-05 	 4.4152E+00 	 2.444444E+05
8.00000e+00	2.16118e-05 	 1.1 	 1.964709E-05 	 4.802622E+00 	 2.444444E+05
8.00000e+00	1.94101e-05 	 1.1 	 1.764555E-05 	 4.313356E+00 	 2.444444E+05
8.00000e+00	2.27750e-05 	 1.1 	 2.070455E-05 	 5.061111E+00 	 2.444444E+05
8.00000e+00	1.94466e-05 	 1.1 	 1.767873E-05 	 4.321467E+00 	 2.444444E+05
8.00000e+00	1.88178e-05 	 1.1 	 1.710709E-05 	 4.181733E+00 	 2.444444E+05
8.00000e+00	1.92882e-05 	 1.1 	 1.753473E-05 	 4.286267E+00 	 2.444444E+05
8.00000e+00	1.97263e-05 	 1.1 	 1.7933E-05 	 4.383622E+00 	 2.444444E+05
8.00000e+00	1.75317e-05 	 1.1 	 1.593791E-05 	 3.895933E+00 	 2.444444E+05
8.00000e+00	1.57465e-05 	 1.1 	 1.4315E-05 	 3.499222E+00 	 2.444444E+05
8.00000e+00	1.12180e-05 	 1.1 	 1.019818E-05 	 2.492889E+00 	 2.444444E+05
8.00000e+00	1.09399e-05 	 1.1 	 9.945364E-06 	 2.431089E+00 	 2.444444E+05
8.00000e+00	1.17663e-05 	 1.1 	 1.069664E-05 	 2.614733E+00 	 2.444444E+05
8.00000e+00	1.13410e-05 	 1.1 	 1.031E-05 	 2.520222E+00 	 2.444444E+05
8.00000e+00	1.12959e-05 	 1.1 	 1.0269E-05 	 2.5102E+00 	 2.444444E+05
8.00000e+00	1.05254e-05 	 1.1 	 9.568545E-06 	 2.338978E+00 	 2.444444E+05
8.00000e+00	1.10513e-05 	 1.1 	 1.004664E-05 	 2.455844E+00 	 2.444444E+05
8.00000e+00	1.00114e-05 	 1.1 	 9.101273E-06 	 2.224756E+00 	 2.444444E+05
8.00000e+00	1.39368e-05 	 1.1 	 1.266982E-05 	 3.097067E+00 	 2.444444E+05
8.00000e+00	1.05895e-05 	 1.1 	 9.626818E-06 	 2.353222E+00 	 2.444444E+05
8.00000e+00	1.10080e-05 	 1.1 	 1.000727E-05 	 2.446222E+00 	 2.444444E+05
8.00000e+00	9.77705e-06 	 1.1 	 8.888227E-06 	 2.172678E+00 	 2.444444E+05
8.00000e+00	9.40521e-06 	 1.1 	 8.550191E-06 	 2.090047E+00 	 2.444444E+05
8.00000e+00	9.29108e-06 	 1.1 	 8.446436E-06 	 2.064684E+00 	 2.444444E+05
8.00000e+00	9.41041e-06 	 1.1 	 8.554918E-06 	 2.091202E+00 	 2.444444E+05
8.00000e+00	1.54938e-05 	 1.1 	 1.408527E-05 	 3.443067E+00 	 2.444444E+05
8.00000e+00	1.35085e-05 	 1.1 	 1.228045E-05 	 3.001889E+00 	 2.444444E+05
8.00000e+00	1.27907e-05 	 1.1 	 1.162791E-05 	 2.842378E+00 	 2.444444E+05
8.00000e+00	1.29054e-05 	 1.1 	 1.173218E-05 	 2.867867E+00 	 2.444444E+05
8.00000e+00	1.39601e-05 	 1.1 	 1.2691E-05 	 3.102244E+00 	 2.444444E+05
8.00000e+00	1.55618e-05 	 1.1 	 1.414709E-05 	 3.458178E+00 	 2.444444E+05
8.00000e+00	1.22267e-05 	 1.1 	 1.111518E-05 	 2.717044E+00 	 2.444444E+05
8.00000e+00	1.41581e-05 	 1.1 	 1.2871E-05 	 3.146244E+00 	 2.444444E+05
8.00000e+00	1.23835e-05 	 1.1 	 1.125773E-05 	 2.751889E+00 	 2.444444E+05
8.00000e+00	1.23134e-05 	 1.1 	 1.1194E-05 	 2.736311E+00 	 2.444444E+05
8.00000e+00	1.22704e-05 	 1.1 	 1.115491E-05 	 2.726756E+00 	 2.444444E+05
8.00000e+00	1.20262e-05 	 1.1 	 1.093291E-05 	 2.672489E+00 	 2.444444E+05
8.00000e+00	1.20148e-05 	 1.1 	 1.092255E-05 	 2.669956E+00 	 2.444444E+05
8.00000e+00	1.21910e-05 	 1.1 	 1.108273E-05 	 2.709111E+00 	 2.444444E+05
8.00000e+00	1.29299e-05 	 1.1 	 1.175445E-05 	 2.873311E+00 	 2.444444E+05
8.00000e+00	1.27065e-05 	 1.1 	 1.155136E-05 	 2.823667E+00 	 2.444444E+05
8.00000e+00	1.34834e-05 	 1.1 	 1.225764E-05 	 2.996311E+00 	 2.444444E+05
8.00000e+00	1.31464e-05 	 1.1 	 1.195127E-05 	 2.921422E+00 	 2.444444E+05
8.00000e+00	1.25486e-05 	 1.1 	 1.140782E-05 	 2.788578E+00 	 2.444444E+05
8.00000e+00	1.32502e-05 	 1.1 	 1.204564E-05 	 2.944489E+00 	 2.444444E+05
8.00000e+00	1.38737e-05 	 1.1 	 1.261245E-05 	 3.083044E+00 	 2.444444E+05
8.00000e+00	1.36573e-05 	 1.1 	 1.241573E-05 	 3.034956E+00 	 2.444444E+05
8.00000e+00	1.37334e-05 	 1.1 	 1.248491E-05 	 3.051867E+00 	 2.444444E+05
8.00000e+00	1.39186e-05 	 1.1 	 1.265327E-05 	 3.093022E+00 	 2.444444E+05
8.00000e+00	1.33261e-05 	 1.1 	 1.211464E-05 	 2.961356E+00 	 2.444444E+05
8.00000e+00	1.32505e-05 	 1.1 	 1.204591E-05 	 2.944556E+00 	 2.444444E+05
8.00000e+00	1.11179e-05 	 1.1 	 1.010718E-05 	 2.470644E+00 	 2.444444E+05
8.00000e+00	1.10545e-05 	 1.1 	 1.004955E-05 	 2.456556E+00 	 2.444444E+05
8.00000e+00	1.11498e-05 	 1.1 	 1.013618E-05 	 2.477733E+00 	 2.444444E+05
8.00000e+00	1.16249e-05 	 1.1 	 1.056809E-05 	 2.583311E+00 	 2.444444E+05
8.00000e+00	1.19050e-05 	 1.1 	 1.082273E-05 	 2.645556E+00 	 2.444444E+05
8.00000e+00	1.19498e-05 	 1.1 	 1.086345E-05 	 2.655511E+00 	 2.444444E+05
8.00000e+00	1.13023e-05 	 1.1 	 1.027482E-05 	 2.511622E+00 	 2.444444E+05
8.00000e+00	1.19000e-05 	 1.1 	 1.081818E-05 	 2.644444E+00 	 2.444444E+05
8.00000e+00	1.13624e-05 	 1.1 	 1.032945E-05 	 2.524978E+00 	 2.444444E+05
8.00000e+00	1.17733e-05 	 1.1 	 1.0703E-05 	 2.616289E+00 	 2.444444E+05
8.00000e+00	1.47382e-05 	 1.1 	 1.339836E-05 	 3.275156E+00 	 2.444444E+05
8.00000e+00	1.24365e-05 	 1.1 	 1.130591E-05 	 2.763667E+00 	 2.444444E+05
8.00000e+00	1.33922e-05 	 1.1 	 1.217473E-05 	 2.976044E+00 	 2.444444E+05
8.00000e+00	1.35193e-05 	 1.1 	 1.229027E-05 	 3.004289E+00 	 2.444444E+05
8.00000e+00	1.20310e-05 	 1.1 	 1.093727E-05 	 2.673556E+00 	 2.444444E+05
8.00000e+00	1.29026e-05 	 1.1 	 1.172964E-05 	 2.867244E+00 	 2.444444E+05
8.00000e+00	1.28699e-05 	 1.1 	 1.169991E-05 	 2.859978E+00 	 2.444444E+05
8.00000e+00	1.31892e-05 	 1.1 	 1.199018E-05 	 2.930933E+00 	 2.444444E+05
8.00000e+00	1.23189e-05 	 1.1 	 1.1199E-05 	 2.737533E+00 	 2.444444E+05
8.00000e+00	1.37474e-05 	 1.1 	 1.249764E-05 	 3.054978E+00 	 2.444444E+05
8.00000e+00	1.44738e-05 	 1.1 	 1.3158E-05 	 3.2164E+00 	 2.444444E+05
8.00000e+00	1.49861e-05 	 1.1 	 1.362373E-05 	 3.330244E+00 	 2.444444E+05
8.00000e+00	1.55167e-05 	 1.1 	 1.410609E-05 	 3.448156E+00 	 2.444444E+05
8.00000e+00	1.60740e-05 	 1.1 	 1.461273E-05 	 3.572E+00 	 2.444444E+05
8.00000e+00	1.68082e-05 	 1.1 	 1.528018E-05 	 3.735156E+00 	 2.444444E+05
8.00000e+00	1.52208e-05 	 1.1 	 1.383709E-05 	 3.3824E+00 	 2.444444E+05
8.00000e+00	1.62331e-05 	 1.1 	 1.475736E-05 	 3.607356E+00 	 2.444444E+05
8.00000e+00	1.74750e-05 	 1.1 	 1.588636E-05 	 3.883333E+00 	 2.444444E+05
8.00000e+00	1.81298e-05 	 1.1 	 1.648164E-05 	 4.028844E+00 	 2.444444E+05
8.00000e+00	1.68353e-05 	 1.1 	 1.530482E-05 	 3.741178E+00 	 2.444444E+05
8.00000e+00	1.62237e-05 	 1.1 	 1.474882E-05 	 3.605267E+00 	 2.444444E+05
8.00000e+00	1.57898e-05 	 1.1 	 1.435436E-05 	 3.508844E+00 	 2.444444E+05
8.00000e+00	1.61358e-05 	 1.1 	 1.466891E-05 	 3.585733E+00 	 2.444444E+05
8.00000e+00	1.58857e-05 	 1.1 	 1.444155E-05 	 3.530156E+00 	 2.444444E+05
8.00000e+00	1.50144e-05 	 1.1 	 1.364945E-05 	 3.336533E+00 	 2.444444E+05
8.00000e+00	1.66559e-05 	 1.1 	 1.514173E-05 	 3.701311E+00 	 2.444444E+05
8.00000e+00	1.88472e-05 	 1.1 	 1.713382E-05 	 4.188267E+00 	 2.444444E+05
8.00000e+00	1.80220e-05 	 1.1 	 1.638364E-05 	 4.004889E+00 	 2.444444E+05
8.00000e+00	2.12012e-05 	 1.1 	 1.927382E-05 	 4.711378E+00 	 2.444444E+05
8.00000e+00	1.98668e-05 	 1.1 	 1.806073E-05 	 4.414844E+00 	 2.444444E+05
8.00000e+00	2.04946e-05 	 1.1 	 1.863145E-05 	 4.554356E+00 	 2.444444E+05
8.00000e+00	1.93797e-05 	 1.1 	 1.761791E-05 	 4.3066E+00 	 2.444444E+05
8.00000e+00	1.95755e-05 	 1.1 	 1.779591E-05 	 4.350111E+00 	 2.444444E+05
8.00000e+00	1.85044e-05 	 1.1 	 1.682218E-05 	 4.112089E+00 	 2.444444E+05
8.00000e+00	2.00457e-05 	 1.1 	 1.822336E-05 	 4.4546E+00 	 2.444444E+05
8.00000e+00	1.97545e-05 	 1.1 	 1.795864E-05 	 4.389889E+00 	 2.444444E+05
8.00000e+00	1.96028e-05 	 1.1 	 1.782073E-05 	 4.356178E+00 	 2.444444E+05
8.00000e+00	1.79519e-05 	 1.1 	 1.631991E-05 	 3.989311E+00 	 2.444444E+05
8.00000e+00	1.79493e-05 	 1.1 	 1.631755E-05 	 3.988733E+00 	 2.444444E+05
8.00000e+00	1.97059e-05 	 1.1 	 1.791445E-05 	 4.379089E+00 	 2.444444E+05
8.00000e+00	2.13569e-05 	 1.1 	 1.941536E-05 	 4.745978E+00 	 2.444444E+05
8.00000e+00	1.87442e-05 	 1.1 	 1.704018E-05 	 4.165378E+00 	 2.444444E+05
8.00000e+00	1.82090e-05 	 1.1 	 1.655364E-05 	 4.046444E+00 	 2.444444E+05
8.00000e+00	1.84669e-05 	 1.1 	 1.678809E-05 	 4.103756E+00 	 2.444444E+05
8.00000e+00	2.05207e-05 	 1.1 	 1.865518E-05 	 4.560156E+00 	 2.444444E+05
8.00000e+00	1.73054e-05 	 1.1 	 1.573218E-05 	 3.845644E+00 	 2.444444E+05
8.00000e+00	1.66349e-05 	 1.1 	 1.512264E-05 	 3.696644E+00 	 2.444444E+05
8.00000e+00	1.65424e-05 	 1.1 	 1.503855E-05 	 3.676089E+00 	 2.444444E+05
8.00000e+00	1.58874e-05 	 1.1 	 1.444309E-05 	 3.530533E+00 	 2.444444E+05
8.00000e+00	1.62566e-05 	 1.1 	 1.477873E-05 	 3.612578E+00 	 2.444444E+05
8.00000e+00	1.66495e-05 	 1.1 	 1.513591E-05 	 3.699889E+00 	 2.444444E+05
8.00000e+00	1.81657e-05 	 1.1 	 1.651427E-05 	 4.036822E+00 	 2.444444E+05
8.00000e+00	1.73998e-05 	 1.1 	 1.5818E-05 	 3.866622E+00 	 2.444444E+05
8.00000e+00	1.68594e-05 	 1.1 	 1.532673E-05 	 3.746533E+00 	 2.444444E+05
8.00000e+00	1.83568e-05 	 1.1 	 1.6688E-05 	 4.079289E+00 	 2.444444E+05
8.00000e+00	1.80048e-05 	 1.1 	 1.6368E-05 	 4.001067E+00 	 2.444444E+05
8.00000e+00	1.79620e-05 	 1.1 	 1.632909E-05 	 3.991556E+00 	 2.444444E+05
8.00000e+00	1.84960e-05 	 1.1 	 1.681455E-05 	 4.110222E+00 	 2.444444E+05
8.00000e+00	1.97076e-05 	 1.1 	 1.7916E-05 	 4.379467E+00 	 2.444444E+05
8.00000e+00	2.03996e-05 	 1.1 	 1.854509E-05 	 4.533244E+00 	 2.444444E+05
8.00000e+00	1.94805e-05 	 1.1 	 1.770955E-05 	 4.329E+00 	 2.444444E+05
8.00000e+00	1.92455e-05 	 1.1 	 1.749591E-05 	 4.276778E+00 	 2.444444E+05
8.00000e+00	1.80946e-05 	 1.1 	 1.644964E-05 	 4.021022E+00 	 2.444444E+05
8.00000e+00	1.94500e-05 	 1.1 	 1.768182E-05 	 4.322222E+00 	 2.444444E+05
8.00000e+00	1.89499e-05 	 1.1 	 1.722718E-05 	 4.211089E+00 	 2.444444E+05
8.00000e+00	1.84609e-05 	 1.1 	 1.678264E-05 	 4.102422E+00 	 2.444444E+05
8.00000e+00	1.96031e-05 	 1.1 	 1.7821E-05 	 4.356244E+00 	 2.444444E+05
8.00000e+00	1.88123e-05 	 1.1 	 1.710209E-05 	 4.180511E+00 	 2.444444E+05
8.00000e+00	1.93764e-05 	 1.1 	 1.761491E-05 	 4.305867E+00 	 2.444444E+05
8.00000e+00	1.75842e-05 	 1.1 	 1.598564E-05 	 3.9076E+00 	 2.444444E+05
8.00000e+00	1.84470e-05 	 1.1 	 1.677E-05 	 4.099333E+00 	 2.444444E+05
8.00000e+00	1.83693e-05 	 1.1 	 1.669936E-05 	 4.082067E+00 	 2.444444E+05
8.00000e+00	1.84064e-05 	 1.1 	 1.673309E-05 	 4.090311E+00 	 2.444444E+05
8.00000e+00	1.79094e-05 	 1.1 	 1.628127E-05 	 3.979867E+00 	 2.444444E+05
8.00000e+00	1.93248e-05 	 1.1 	 1.7568E-05 	 4.2944E+00 	 2.444444E+05
8.00000e+00	1.89729e-05 	 1.1 	 1.724809E-05 	 4.2162E+00 	 2.444444E+05
8.00000e+00	1.80668e-05 	 1.1 	 1.642436E-05 	 4.014844E+00 	 2.444444E+05
8.00000e+00	1.92393e-05 	 1.1 	 1.749027E-05 	 4.2754E+00 	 2.444444E+05
8.00000e+00	1.77778e-05 	 1.1 	 1.616164E-05 	 3.950622E+00 	 2.444444E+05
8.00000e+00	1.72232e-05 	 1.1 	 1.565745E-05 	 3.827378E+00 	 2.444444E+05
8.00000e+00	1.75970e-05 	 1.1 	 1.599727E-05 	 3.910444E+00 	 2.444444E+05
8.00000e+00	1.76799e-05 	 1.1 	 1.607264E-05 	 3.928867E+00 	 2.444444E+05
8.00000e+00	1.63945e-05 	 1.1 	 1.490409E-05 	 3.643222E+00 	 2.444444E+05
8.00000e+00	1.74208e-05 	 1.1 	 1.583709E-05 	 3.871289E+00 	 2.444444E+05
8.00000e+00	1.90422e-05 	 1.1 	 1.731109E-05 	 4.2316E+00 	 2.444444E+05
8.00000e+00	1.89247e-05 	 1.1 	 1.720427E-05 	 4.205489E+00 	 2.444444E+05
8.00000e+00	1.89502e-05 	 1.1 	 1.722745E-05 	 4.211156E+00 	 2.444444E+05
8.00000e+00	2.05598e-05 	 1.1 	 1.869073E-05 	 4.568844E+00 	 2.444444E+05
8.00000e+00	2.09477e-05 	 1.1 	 1.904336E-05 	 4.655044E+00 	 2.444444E+05
8.00000e+00	1.90355e-05 	 1.1 	 1.7305E-05 	 4.230111E+00 	 2.444444E+05
8.00000e+00	1.82230e-05 	 1.1 	 1.656636E-05 	 4.049556E+00 	 2.444444E+05
8.00000e+00	1.70351e-05 	 1.1 	 1.548645E-05 	 3.785578E+00 	 2.444444E+05
8.00000e+00	1.62232e-05 	 1.1 	 1.474836E-05 	 3.605156E+00 	 2.444444E+05
8.00000e+00	1.64384e-05 	 1.1 	 1.4944E-05 	 3.652978E+00 	 2.444444E+05
8.00000e+00	1.77907e-05 	 1.1 	 1.617336E-05 	 3.953489E+00 	 2.444444E+05
8.00000e+00	1.74261e-05 	 1.1 	 1.584191E-05 	 3.872467E+00 	 2.444444E+05
8.00000e+00	1.76053e-05 	 1.1 	 1.600482E-05 	 3.912289E+00 	 2.444444E+05
8.00000e+00	1.68776e-05 	 1.1 	 1.534327E-05 	 3.750578E+00 	 2.444444E+05
8.00000e+00	1.65273e-05 	 1.1 	 1.502482E-05 	 3.672733E+00 	 2.444444E+05
8.00000e+00	1.52615e-05 	 1.1 	 1.387409E-05 	 3.391444E+00 	 2.444444E+05
8.00000e+00	1.52068e-05 	 1.1 	 1.382436E-05 	 3.379289E+00 	 2.444444E+05
8.00000e+00	1.47574e-05 	 1.1 	 1.341582E-05 	 3.279422E+00 	 2.444444E+05
8.00000e+00	1.44096e-05 	 1.1 	 1.309964E-05 	 3.202133E+00 	 2.444444E+05
8.00000e+00	1.42536e-05 	 1.1 	 1.295782E-05 	 3.167467E+00 	 2.444444E+05
8.00000e+00	1.44154e-05 	 1.1 	 1.310491E-05 	 3.203422E+00 	 2.444444E+05
8.00000e+00	1.43665e-05 	 1.1 	 1.306045E-05 	 3.192556E+00 	 2.444444E+05
8.00000e+00	1.41983e-05 	 1.1 	 1.290755E-05 	 3.155178E+00 	 2.444444E+05
8.00000e+00	1.47154e-05 	 1.1 	 1.337764E-05 	 3.270089E+00 	 2.444444E+05
8.00000e+00	1.65951e-05 	 1.1 	 1.508645E-05 	 3.6878E+00 	 2.444444E+05
8.00000e+00	1.48322e-05 	 1.1 	 1.348382E-05 	 3.296044E+00 	 2.444444E+05
8.00000e+00	1.53257e-05 	 1.1 	 1.393245E-05 	 3.405711E+00 	 2.444444E+05
8.00000e+00	1.57589e-05 	 1.1 	 1.432627E-05 	 3.501978E+00 	 2.444444E+05
8.00000e+00	1.50528e-05 	 1.1 	 1.368436E-05 	 3.345067E+00 	 2.444444E+05
8.00000e+00	1.82562e-05 	 1.1 	 1.659655E-05 	 4.056933E+00 	 2.444444E+05
8.00000e+00	1.62859e-05 	 1.1 	 1.480536E-05 	 3.619089E+00 	 2.444444E+05
8.00000e+00	1.68302e-05 	 1.1 	 1.530018E-05 	 3.740044E+00 	 2.444444E+05
8.00000e+00	1.63658e-05 	 1.1 	 1.4878E-05 	 3.636844E+00 	 2.444444E+05
8.00000e+00	1.70981e-05 	 1.1 	 1.554373E-05 	 3.799578E+00 	 2.444444E+05
8.00000e+00	1.60671e-05 	 1.1 	 1.460645E-05 	 3.570467E+00 	 2.444444E+05
8.00000e+00	1.56956e-05 	 1.1 	 1.426873E-05 	 3.487911E+00 	 2.444444E+05
8.00000e+00	1.53312e-05 	 1.1 	 1.393745E-05 	 3.406933E+00 	 2.444444E+05
8.00000e+00	1.47117e-05 	 1.1 	 1.337427E-05 	 3.269267E+00 	 2.444444E+05
8.00000e+00	1.47559e-05 	 1.1 	 1.341445E-05 	 3.279089E+00 	 2.444444E+05
8.00000e+00	1.55611e-05 	 1.1 	 1.414645E-05 	 3.458022E+00 	 2.444444E+05
8.00000e+00	1.48530e-05 	 1.1 	 1.350273E-05 	 3.300667E+00 	 2.444444E+05
8.00000e+00	1.52442e-05 	 1.1 	 1.385836E-05 	 3.3876E+00 	 2.444444E+05
8.00000e+00	1.62460e-05 	 1.1 	 1.476909E-05 	 3.610222E+00 	 2.444444E+05
8.00000e+00	1.51170e-05 	 1.1 	 1.374273E-05 	 3.359333E+00 	 2.444444E+05
8.00000e+00	1.45179e-05 	 1.1 	 1.319809E-05 	 3.2262E+00 	 2.444444E+05
8.00000e+00	1.50864e-05 	 1.1 	 1.371491E-05 	 3.352533E+00 	 2.444444E+05
8.00000e+00	1.52665e-05 	 1.1 	 1.387864E-05 	 3.392556E+00 	 2.444444E+05
8.00000e+00	1.64020e-05 	 1.1 	 1.491091E-05 	 3.644889E+00 	 2.444444E+05
8.00000e+00	1.66262e-05 	 1.1 	 1.511473E-05 	 3.694711E+00 	 2.444444E+05
8.00000e+00	1.73284e-05 	 1.1 	 1.575309E-05 	 3.850756E+00 	 2.444444E+05
8.00000e+00	1.69970e-05 	 1.1 	 1.545182E-05 	 3.777111E+00 	 2.444444E+05
8.00000e+00	1.84865e-05 	 1.1 	 1.680591E-05 	 4.108111E+00 	 2.444444E+05
8.00000e+00	1.77708e-05 	 1.1 	 1.615527E-05 	 3.949067E+00 	 2.444444E+05
8.00000e+00	1.78432e-05 	 1.1 	 1.622109E-05 	 3.965156E+00 	 2.444444E+05
8.00000e+00	1.71862e-05 	 1.1 	 1.562382E-05 	 3.819156E+00 	 2.444444E+05
8.00000e+00	1.55457e-05 	 1.1 	 1.413245E-05 	 3.4546E+00 	 2.444444E+05
8.00000e+00	1.40316e-05 	 1.1 	 1.2756E-05 	 3.118133E+00 	 2.444444E+05
8.00000e+00	1.42318e-05 	 1.1 	 1.2938E-05 	 3.162622E+00 	 2.444444E+05
8.00000e+00	1.46163e-05 	 1.1 	 1.328755E-05 	 3.248067E+00 	 2.444444E+05
8.00000e+00	1.45518e-05 	 1.1 	 1.322891E-05 	 3.233733E+00 	 2.444444E+05
8.00000e+00	1.48157e-05 	 1.1 	 1.346882E-05 	 3.292378E+00 	 2.444444E+05
8.00000e+00	1.56814e-05 	 1.1 	 1.425582E-05 	 3.484756E+00 	 2.444444E+05
8.00000e+00	1.58791e-05 	 1.1 	 1.443555E-05 	 3.528689E+00 	 2.444444E+05
8.00000e+00	1.66710e-05 	 1.1 	 1.515545E-05 	 3.704667E+00 	 2.444444E+05
8.00000e+00	1.53805e-05 	 1.1 	 1.398227E-05 	 3.417889E+00 	 2.444444E+05
8.00000e+00	1.61290e-05 	 1.1 	 1.466273E-05 	 3.584222E+00 	 2.444444E+05
8.00000e+00	1.70068e-05 	 1.1 	 1.546073E-05 	 3.779289E+00 	 2.444444E+05
8.00000e+00	1.55166e-05 	 1.1 	 1.4106E-05 	 3.448133E+00 	 2.444444E+05
8.00000e+00	1.59060e-05 	 1.1 	 1.446E-05 	 3.534667E+00 	 2.444444E+05
8.00000e+00	1.64604e-05 	 1.1 	 1.4964E-05 	 3.657867E+00 	 2.444444E+05
8.00000e+00	1.74459e-05 	 1.1 	 1.585991E-05 	 3.876867E+00 	 2.444444E+05
8.00000e+00	1.78535e-05 	 1.1 	 1.623045E-05 	 3.967444E+00 	 2.444444E+05
8.00000e+00	1.68493e-05 	 1.1 	 1.531755E-05 	 3.744289E+00 	 2.444444E+05
8.00000e+00	1.70694e-05 	 1.1 	 1.551764E-05 	 3.7932E+00 	 2.444444E+05
8.00000e+00	1.68724e-05 	 1.1 	 1.533855E-05 	 3.749422E+00 	 2.444444E+05
8.00000e+00	1.59883e-05 	 1.1 	 1.453482E-05 	 3.552956E+00 	 2.444444E+05
8.00000e+00	1.57240e-05 	 1.1 	 1.429455E-05 	 3.494222E+00 	 2.444444E+05
8.00000e+00	1.60798e-05 	 1.1 	 1.4618E-05 	 3.573289E+00 	 2.444444E+05
8.00000e+00	1.51836e-05 	 1.1 	 1.380327E-05 	 3.374133E+00 	 2.444444E+05
8.00000e+00	1.50678e-05 	 1.1 	 1.3698E-05 	 3.3484E+00 	 2.444444E+05
8.00000e+00	1.55310e-05 	 1.1 	 1.411909E-05 	 3.451333E+00 	 2.444444E+05
8.00000e+00	1.62048e-05 	 1.1 	 1.473164E-05 	 3.601067E+00 	 2.444444E+05
8.00000e+00	1.60987e-05 	 1.1 	 1.463518E-05 	 3.577489E+00 	 2.444444E+05
8.00000e+00	1.52554e-05 	 1.1 	 1.386855E-05 	 3.390089E+00 	 2.444444E+05
8.00000e+00	1.45777e-05 	 1.1 	 1.325245E-05 	 3.239489E+00 	 2.444444E+05
8.00000e+00	1.47512e-05 	 1.1 	 1.341018E-05 	 3.278044E+00 	 2.444444E+05
8.00000e+00	1.52510e-05 	 1.1 	 1.386455E-05 	 3.389111E+00 	 2.444444E+05
8.00000e+00	1.56332e-05 	 1.1 	 1.4212E-05 	 3.474044E+00 	 2.444444E+05
8.00000e+00	1.60087e-05 	 1.1 	 1.455336E-05 	 3.557489E+00 	 2.444444E+05
8.00000e+00	1.53919e-05 	 1.1 	 1.399264E-05 	 3.420422E+00 	 2.444444E+05
8.00000e+00	1.60393e-05 	 1.1 	 1.458118E-05 	 3.564289E+00 	 2.444444E+05
8.00000e+00	1.33985e-05 	 1.1 	 1.218045E-05 	 2.977444E+00 	 2.444444E+05
8.00000e+00	1.35893e-05 	 1.1 	 1.235391E-05 	 3.019844E+00 	 2.444444E+05
8.00000e+00	1.29185e-05 	 1.1 	 1.174409E-05 	 2.870778E+00 	 2.444444E+05
8.00000e+00	1.27100e-05 	 1.1 	 1.155455E-05 	 2.824444E+00 	 2.444444E+05
8.00000e+00	1.29883e-05 	 1.1 	 1.180755E-05 	 2.886289E+00 	 2.444444E+05
8.00000e+00	1.26296e-05 	 1.1 	 1.148145E-05 	 2.806578E+00 	 2.444444E+05
8.00000e+00	1.23040e-05 	 1.1 	 1.118545E-05 	 2.734222E+00 	 2.444444E+05
8.00000e+00	1.17442e-05 	 1.1 	 1.067655E-05 	 2.609822E+00 	 2.444444E+05
8.00000e+00	1.18240e-05 	 1.1 	 1.074909E-05 	 2.627556E+00 	 2.444444E+05
8.00000e+00	1.32277e-05 	 1.1 	 1.202518E-05 	 2.939489E+00 	 2.444444E+05
8.00000e+00	1.20402e-05 	 1.1 	 1.094564E-05 	 2.6756E+00 	 2.444444E+05
8.00000e+00	1.24603e-05 	 1.1 	 1.132755E-05 	 2.768956E+00 	 2.444444E+05
8.00000e+00	1.29252e-05 	 1.1 	 1.175018E-05 	 2.872267E+00 	 2.444444E+05
8.00000e+00	1.26261e-05 	 1.1 	 1.147827E-05 	 2.8058E+00 	 2.444444E+05
8.00000e+00	1.22448e-05 	 1.1 	 1.113164E-05 	 2.721067E+00 	 2.444444E+05
8.00000e+00	1.20179e-05 	 1.1 	 1.092536E-05 	 2.670644E+00 	 2.444444E+05
8.00000e+00	1.19892e-05 	 1.1 	 1.089927E-05 	 2.664267E+00 	 2.444444E+05
8.00000e+00	1.17703e-05 	 1.1 	 1.070027E-05 	 2.615622E+00 	 2.444444E+05
8.00000e+00	1.20077e-05 	 1.1 	 1.091609E-05 	 2.668378E+00 	 2.444444E+05
8.00000e+00	1.25299e-05 	 1.1 	 1.139082E-05 	 2.784422E+00 	 2.444444E+05
8.00000e+00	1.36677e-05 	 1.1 	 1.242518E-05 	 3.037267E+00 	 2.444444E+05
8.00000e+00	1.19319e-05 	 1.1 	 1.084718E-05 	 2.651533E+00 	 2.444444E+05
8.00000e+00	1.38050e-05 	 1.1 	 1.255E-05 	 3.067778E+00 	 2.444444E+05
8.00000e+00	1.31189e-05 	 1.1 	 1.192627E-05 	 2.915311E+00 	 2.444444E+05
8.00000e+00	1.33712e-05 	 1.1 	 1.215564E-05 	 2.971378E+00 	 2.444444E+05
8.00000e+00	1.23323e-05 	 1.1 	 1.121118E-05 	 2.740511E+00 	 2.444444E+05
8.00000e+00	1.31339e-05 	 1.1 	 1.193991E-05 	 2.918644E+00 	 2.444444E+05
8.00000e+00	1.46669e-05 	 1.1 	 1.333355E-05 	 3.259311E+00 	 2.444444E+05
8.00000e+00	1.38908e-05 	 1.1 	 1.2628E-05 	 3.086844E+00 	 2.444444E+05
8.00000e+00	1.45761e-05 	 1.1 	 1.3251E-05 	 3.239133E+00 	 2.444444E+05
8.00000e+00	1.40887e-05 	 1.1 	 1.280791E-05 	 3.130822E+00 	 2.444444E+05
8.00000e+00	1.30863e-05 	 1.1 	 1.189664E-05 	 2.908067E+00 	 2.444444E+05
8.00000e+00	1.30081e-05 	 1.1 	 1.182555E-05 	 2.890689E+00 	 2.444444E+05
8.00000e+00	1.24286e-05 	 1.1 	 1.129873E-05 	 2.761911E+00 	 2.444444E+05
8.00000e+00	1.30421e-05 	 1.1 	 1.185645E-05 	 2.898244E+00 	 2.444444E+05
8.00000e+00	1.21547e-05 	 1.1 	 1.104973E-05 	 2.701044E+00 	 2.444444E+05
8.00000e+00	1.26160e-05 	 1.1 	 1.146909E-05 	 2.803556E+00 	 2.444444E+05
8.00000e+00	1.30385e-05 	 1.1 	 1.185318E-05 	 2.897444E+00 	 2.444444E+05
8.00000e+00	1.21214e-05 	 1.1 	 1.101945E-05 	 2.693644E+00 	 2.444444E+05
8.00000e+00	1.25924e-05 	 1.1 	 1.144764E-05 	 2.798311E+00 	 2.444444E+05
8.00000e+00	1.28225e-05 	 1.1 	 1.165682E-05 	 2.849444E+00 	 2.444444E+05
8.00000e+00	1.24634e-05 	 1.1 	 1.133036E-05 	 2.769644E+00 	 2.444444E+05
8.00000e+00	1.35514e-05 	 1.1 	 1.231945E-05 	 3.011422E+00 	 2.444444E+05
8.00000e+00	1.28170e-05 	 1.1 	 1.165182E-05 	 2.848222E+00 	 2.444444E+05
8.00000e+00	1.29548e-05 	 1.1 	 1.177709E-05 	 2.878844E+00 	 2.444444E+05
8.00000e+00	1.32720e-05 	 1.1 	 1.206545E-05 	 2.949333E+00 	 2.444444E+05
8.00000e+00	1.23157e-05 	 1.1 	 1.119609E-05 	 2.736822E+00 	 2.444444E+05
8.00000e+00	1.31378e-05 	 1.1 	 1.194345E-05 	 2.919511E+00 	 2.444444E+05
8.00000e+00	1.32946e-05 	 1.1 	 1.2086E-05 	 2.954356E+00 	 2.444444E+05
8.00000e+00	1.33992e-05 	 1.1 	 1.218109E-05 	 2.9776E+00 	 2.444444E+05
8.00000e+00	1.33424e-05 	 1.1 	 1.212945E-05 	 2.964978E+00 	 2.444444E+05
8.00000e+00	1.32414e-05 	 1.1 	 1.203764E-05 	 2.942533E+00 	 2.444444E+05
8.00000e+00	1.29865e-05 	 1.1 	 1.180591E-05 	 2.885889E+00 	 2.444444E+05
8.00000e+00	1.30037e-05 	 1.1 	 1.182155E-05 	 2.889711E+00 	 2.444444E+05
8.00000e+00	1.27149e-05 	 1.1 	 1.1559E-05 	 2.825533E+00 	 2.444444E+05
8.00000e+00	1.29955e-05 	 1.1 	 1.181409E-05 	 2.887889E+00 	 2.444444E+05
8.00000e+00	1.39962e-05 	 1.1 	 1.272382E-05 	 3.110267E+00 	 2.444444E+05
8.00000e+00	1.50929e-05 	 1.1 	 1.372082E-05 	 3.353978E+00 	 2.444444E+05
8.00000e+00	1.55777e-05 	 1.1 	 1.416155E-05 	 3.461711E+00 	 2.444444E+05
8.00000e+00	1.39272e-05 	 1.1 	 1.266109E-05 	 3.094933E+00 	 2.444444E+05
8.00000e+00	1.40034e-05 	 1.1 	 1.273036E-05 	 3.111867E+00 	 2.444444E+05
8.00000e+00	1.53192e-05 	 1.1 	 1.392655E-05 	 3.404267E+00 	 2.444444E+05
8.00000e+00	1.46455e-05 	 1.1 	 1.331409E-05 	 3.254556E+00 	 2.444444E+05
8.00000e+00	1.60371e-05 	 1.1 	 1.457918E-05 	 3.5638E+00 	 2.444444E+05
8.00000e+00	1.63650e-05 	 1.1 	 1.487727E-05 	 3.636667E+00 	 2.444444E+05
8.00000e+00	1.45782e-05 	 1.1 	 1.325291E-05 	 3.2396E+00 	 2.444444E+05
8.00000e+00	1.55283e-05 	 1.1 	 1.411664E-05 	 3.450733E+00 	 2.444444E+05
8.00000e+00	1.58687e-05 	 1.1 	 1.442609E-05 	 3.526378E+00 	 2.444444E+05
8.00000e+00	1.67341e-05 	 1.1 	 1.521282E-05 	 3.718689E+00 	 2.444444E+05
8.00000e+00	1.65348e-05 	 1.1 	 1.503164E-05 	 3.6744E+00 	 2.444444E+05
8.00000e+00	1.58749e-05 	 1.1 	 1.443173E-05 	 3.527756E+00 	 2.444444E+05
8.00000e+00	1.68051e-05 	 1.1 	 1.527736E-05 	 3.734467E+00 	 2.444444E+05
8.00000e+00	1.57173e-05 	 1.1 	 1.428845E-05 	 3.492733E+00 	 2.444444E+05
8.00000e+00	1.59302e-05 	 1.1 	 1.4482E-05 	 3.540044E+00 	 2.444444E+05
8.00000e+00	1.58056e-05 	 1.1 	 1.436873E-05 	 3.512356E+00 	 2.444444E+05
8.00000e+00	1.39391e-05 	 1.1 	 1.267191E-05 	 3.097578E+00 	 2.444444E+05
8.00000e+00	1.41336e-05 	 1.1 	 1.284873E-05 	 3.1408E+00 	 2.444444E+05
8.00000e+00	1.51244e-05 	 1.1 	 1.374945E-05 	 3.360978E+00 	 2.444444E+05
8.00000e+00	1.50632e-05 	 1.1 	 1.369382E-05 	 3.347378E+00 	 2.444444E+05
8.00000e+00	1.60464e-05 	 1.1 	 1.458764E-05 	 3.565867E+00 	 2.444444E+05
8.00000e+00	1.62226e-05 	 1.1 	 1.474782E-05 	 3.605022E+00 	 2.444444E+05
8.00000e+00	1.67172e-05 	 1.1 	 1.519745E-05 	 3.714933E+00 	 2.444444E+05
8.00000e+00	1.52984e-05 	 1.1 	 1.390764E-05 	 3.399644E+00 	 2.444444E+05
8.00000e+00	1.60702e-05 	 1.1 	 1.460927E-05 	 3.571156E+00 	 2.444444E+05
8.00000e+00	1.62802e-05 	 1.1 	 1.480018E-05 	 3.617822E+00 	 2.444444E+05
8.00000e+00	1.68075e-05 	 1.1 	 1.527955E-05 	 3.735E+00 	 2.444444E+05
8.00000e+00	1.61207e-05 	 1.1 	 1.465518E-05 	 3.582378E+00 	 2.444444E+05
8.00000e+00	1.61576e-05 	 1.1 	 1.468873E-05 	 3.590578E+00 	 2.444444E+05
8.00000e+00	1.74927e-05 	 1.1 	 1.590245E-05 	 3.887267E+00 	 2.444444E+05
8.00000e+00	1.59383e-05 	 1.1 	 1.448936E-05 	 3.541844E+00 	 2.444444E+05
8.00000e+00	1.75296e-05 	 1.1 	 1.5936E-05 	 3.895467E+00 	 2.444444E+05
8.00000e+00	1.81319e-05 	 1.1 	 1.648355E-05 	 4.029311E+00 	 2.444444E+05
8.00000e+00	1.74721e-05 	 1.1 	 1.588373E-05 	 3.882689E+00 	 2.444444E+05
8.00000e+00	1.92384e-05 	 1.1 	 1.748945E-05 	 4.2752E+00 	 2.444444E+05
8.00000e+00	1.89915e-05 	 1.1 	 1.7265E-05 	 4.220333E+00 	 2.444444E+05
8.00000e+00	2.06605e-05 	 1.1 	 1.878227E-05 	 4.591222E+00 	 2.444444E+05
8.00000e+00	1.95422e-05 	 1.1 	 1.776564E-05 	 4.342711E+00 	 2.444444E+05
8.00000e+00	2.05581e-05 	 1.1 	 1.868918E-05 	 4.568467E+00 	 2.444444E+05
8.00000e+00	2.03944e-05 	 1.1 	 1.854036E-05 	 4.532089E+00 	 2.444444E+05
8.00000e+00	2.12572e-05 	 1.1 	 1.932473E-05 	 4.723822E+00 	 2.444444E+05
8.00000e+00	2.00215e-05 	 1.1 	 1.820136E-05 	 4.449222E+00 	 2.444444E+05
8.00000e+00	2.01835e-05 	 1.1 	 1.834864E-05 	 4.485222E+00 	 2.444444E+05
8.00000e+00	2.02589e-05 	 1.1 	 1.841718E-05 	 4.501978E+00 	 2.444444E+05
8.00000e+00	1.91366e-05 	 1.1 	 1.739691E-05 	 4.252578E+00 	 2.444444E+05
8.00000e+00	2.00278e-05 	 1.1 	 1.820709E-05 	 4.450622E+00 	 2.444444E+05
8.00000e+00	1.88315e-05 	 1.1 	 1.711955E-05 	 4.184778E+00 	 2.444444E+05
8.00000e+00	2.06138e-05 	 1.1 	 1.873982E-05 	 4.580844E+00 	 2.444444E+05
8.00000e+00	1.90140e-05 	 1.1 	 1.728545E-05 	 4.225333E+00 	 2.444444E+05
8.00000e+00	2.05723e-05 	 1.1 	 1.870209E-05 	 4.571622E+00 	 2.444444E+05
8.00000e+00	1.98047e-05 	 1.1 	 1.800427E-05 	 4.401044E+00 	 2.444444E+05
8.00000e+00	2.01473e-05 	 1.1 	 1.831573E-05 	 4.477178E+00 	 2.444444E+05
8.00000e+00	1.84905e-05 	 1.1 	 1.680955E-05 	 4.109E+00 	 2.444444E+05
8.00000e+00	1.71073e-05 	 1.1 	 1.555209E-05 	 3.801622E+00 	 2.444444E+05
8.00000e+00	1.64142e-05 	 1.1 	 1.4922E-05 	 3.6476E+00 	 2.444444E+05
8.00000e+00	1.67089e-05 	 1.1 	 1.518991E-05 	 3.713089E+00 	 2.444444E+05
8.00000e+00	1.62947e-05 	 1.1 	 1.481336E-05 	 3.621044E+00 	 2.444444E+05
8.00000e+00	1.78242e-05 	 1.1 	 1.620382E-05 	 3.960933E+00 	 2.444444E+05
8.00000e+00	1.73835e-05 	 1.1 	 1.580318E-05 	 3.863E+00 	 2.444444E+05
8.00000e+00	1.80021e-05 	 1.1 	 1.636555E-05 	 4.000467E+00 	 2.444444E+05
8.00000e+00	1.83805e-05 	 1.1 	 1.670955E-05 	 4.084556E+00 	 2.444444E+05
8.00000e+00	1.78925e-05 	 1.1 	 1.626591E-05 	 3.976111E+00 	 2.444444E+05
8.00000e+00	1.72466e-05 	 1.1 	 1.567873E-05 	 3.832578E+00 	 2.444444E+05
8.00000e+00	1.94457e-05 	 1.1 	 1.767791E-05 	 4.321267E+00 	 2.444444E+05
8.00000e+00	2.00874e-05 	 1.1 	 1.826127E-05 	 4.463867E+00 	 2.444444E+05
8.00000e+00	1.97015e-05 	 1.1 	 1.791045E-05 	 4.378111E+00 	 2.444444E+05
8.00000e+00	1.92060e-05 	 1.1 	 1.746E-05 	 4.268E+00 	 2.444444E+05
8.00000e+00	2.09985e-05 	 1.1 	 1.908955E-05 	 4.666333E+00 	 2.444444E+05
8.00000e+00	1.97378e-05 	 1.1 	 1.794345E-05 	 4.386178E+00 	 2.444444E+05
8.00000e+00	2.07798e-05 	 1.1 	 1.889073E-05 	 4.617733E+00 	 2.444444E+05
8.00000e+00	2.01295e-05 	 1.1 	 1.829955E-05 	 4.473222E+00 	 2.444444E+05
8.00000e+00	2.00938e-05 	 1.1 	 1.826709E-05 	 4.465289E+00 	 2.444444E+05
8.00000e+00	1.85484e-05 	 1.1 	 1.686218E-05 	 4.121867E+00 	 2.444444E+05
8.00000e+00	1.97511e-05 	 1.1 	 1.795555E-05 	 4.389133E+00 	 2.444444E+05
8.00000e+00	1.82782e-05 	 1.1 	 1.661655E-05 	 4.061822E+00 	 2.444444E+05
8.00000e+00	1.82581e-05 	 1.1 	 1.659827E-05 	 4.057356E+00 	 2.444444E+05
8.00000e+00	1.81102e-05 	 1.1 	 1.646382E-05 	 4.024489E+00 	 2.444444E+05
8.00000e+00	1.86677e-05 	 1.1 	 1.697064E-05 	 4.148378E+00 	 2.444444E+05
8.00000e+00	1.93093e-05 	 1.1 	 1.755391E-05 	 4.290956E+00 	 2.444444E+05
8.00000e+00	1.90757e-05 	 1.1 	 1.734155E-05 	 4.239044E+00 	 2.444444E+05
8.00000e+00	1.93294e-05 	 1.1 	 1.757218E-05 	 4.295422E+00 	 2.444444E+05
8.00000e+00	1.78410e-05 	 1.1 	 1.621909E-05 	 3.964667E+00 	 2.444444E+05
8.00000e+00	1.95931e-05 	 1.1 	 1.781191E-05 	 4.354022E+00 	 2.444444E+05
8.00000e+00	1.90099e-05 	 1.1 	 1.728173E-05 	 4.224422E+00 	 2.444444E+05
8.00000e+00	1.83201e-05 	 1.1 	 1.665464E-05 	 4.071133E+00 	 2.444444E+05
8.00000e+00	1.96271e-05 	 1.1 	 1.784282E-05 	 4.361578E+00 	 2.444444E+05
8.00000e+00	1.96594e-05 	 1.1 	 1.787218E-05 	 4.368756E+00 	 2.444444E+05
8.00000e+00	1.88209e-05 	 1.1 	 1.710991E-05 	 4.182422E+00 	 2.444444E+05
8.00000e+00	1.81687e-05 	 1.1 	 1.6517E-05 	 4.037489E+00 	 2.444444E+05
8.00000e+00	1.87216e-05 	 1.1 	 1.701964E-05 	 4.160356E+00 	 2.444444E+05
8.00000e+00	1.87889e-05 	 1.1 	 1.708082E-05 	 4.175311E+00 	 2.444444E+05
8.00000e+00	1.90924e-05 	 1.1 	 1.735673E-05 	 4.242756E+00 	 2.444444E+05
8.00000e+00	1.73272e-05 	 1.1 	 1.5752E-05 	 3.850489E+00 	 2.444444E+05
8.00000e+00	1.82710e-05 	 1.1 	 1.661E-05 	 4.060222E+00 	 2.444444E+05
8.00000e+00	1.83525e-05 	 1.1 	 1.668409E-05 	 4.078333E+00 	 2.444444E+05
8.00000e+00	1.93005e-05 	 1.1 	 1.754591E-05 	 4.289E+00 	 2.444444E+05
8.00000e+00	1.76485e-05 	 1.1 	 1.604409E-05 	 3.921889E+00 	 2.444444E+05
8.00000e+00	1.57208e-05 	 1.1 	 1.429164E-05 	 3.493511E+00 	 2.444444E+05
8.00000e+00	1.48253e-05 	 1.1 	 1.347755E-05 	 3.294511E+00 	 2.444444E+05
8.00000e+00	1.43202e-05 	 1.1 	 1.301836E-05 	 3.182267E+00 	 2.444444E+05
8.00000e+00	1.41602e-05 	 1.1 	 1.287291E-05 	 3.146711E+00 	 2.444444E+05
8.00000e+00	1.45267e-05 	 1.1 	 1.320609E-05 	 3.228156E+00 	 2.444444E+05
8.00000e+00	1.59847e-05 	 1.1 	 1.453155E-05 	 3.552156E+00 	 2.444444E+05
8.00000e+00	1.76460e-05 	 1.1 	 1.604182E-05 	 3.921333E+00 	 2.444444E+05
8.00000e+00	1.70491e-05 	 1.1 	 1.549918E-05 	 3.788689E+00 	 2.444444E+05
8.00000e+00	1.69279e-05 	 1.1 	 1.5389E-05 	 3.761756E+00 	 2.444444E+05
8.00000e+00	1.66497e-05 	 1.1 	 1.513609E-05 	 3.699933E+00 	 2.444444E+05
8.00000e+00	1.62710e-05 	 1.1 	 1.479182E-05 	 3.615778E+00 	 2.444444E+05
8.00000e+00	1.58912e-05 	 1.1 	 1.444655E-05 	 3.531378E+00 	 2.444444E+05
8.00000e+00	1.58189e-05 	 1.1 	 1.438082E-05 	 3.515311E+00 	 2.444444E+05
8.00000e+00	1.64180e-05 	 1.1 	 1.492545E-05 	 3.648444E+00 	 2.444444E+05
8.00000e+00	1.56553e-05 	 1.1 	 1.423209E-05 	 3.478956E+00 	 2.444444E+05
8.00000e+00	1.52240e-05 	 1.1 	 1.384E-05 	 3.383111E+00 	 2.444444E+05
8.00000e+00	1.56445e-05 	 1.1 	 1.422227E-05 	 3.476556E+00 	 2.444444E+05
8.00000e+00	1.58908e-05 	 1.1 	 1.444618E-05 	 3.531289E+00 	 2.444444E+05
8.00000e+00	1.53854e-05 	 1.1 	 1.398673E-05 	 3.418978E+00 	 2.444444E+05
8.00000e+00	1.61408e-05 	 1.1 	 1.467345E-05 	 3.586844E+00 	 2.444444E+05
8.00000e+00	1.61012e-05 	 1.1 	 1.463745E-05 	 3.578044E+00 	 2.444444E+05
8.00000e+00	1.56913e-05 	 1.1 	 1.426482E-05 	 3.486956E+00 	 2.444444E+05
8.00000e+00	1.49598e-05 	 1.1 	 1.359982E-05 	 3.3244E+00 	 2.444444E+05
8.00000e+00	1.54436e-05 	 1.1 	 1.403964E-05 	 3.431911E+00 	 2.444444E+05
8.00000e+00	1.51560e-05 	 1.1 	 1.377818E-05 	 3.368E+00 	 2.444444E+05
8.00000e+00	1.65597e-05 	 1.1 	 1.505427E-05 	 3.679933E+00 	 2.444444E+05
8.00000e+00	1.60306e-05 	 1.1 	 1.457327E-05 	 3.562356E+00 	 2.444444E+05
8.00000e+00	1.34001e-05 	 1.1 	 1.218191E-05 	 2.9778E+00 	 2.444444E+05
8.00000e+00	1.37760e-05 	 1.1 	 1.252364E-05 	 3.061333E+00 	 2.444444E+05
8.00000e+00	1.40431e-05 	 1.1 	 1.276645E-05 	 3.120689E+00 	 2.444444E+05
8.00000e+00	1.43011e-05 	 1.1 	 1.3001E-05 	 3.178022E+00 	 2.444444E+05
8.00000e+00	1.58338e-05 	 1.1 	 1.439436E-05 	 3.518622E+00 	 2.444444E+05
8.00000e+00	1.35588e-05 	 1.1 	 1.232618E-05 	 3.013067E+00 	 2.444444E+05
8.00000e+00	1.35951e-05 	 1.1 	 1.235918E-05 	 3.021133E+00 	 2.444444E+05
8.00000e+00	1.47123e-05 	 1.1 	 1.337482E-05 	 3.2694E+00 	 2.444444E+05
8.00000e+00	1.42975e-05 	 1.1 	 1.299773E-05 	 3.177222E+00 	 2.444444E+05
8.00000e+00	1.45179e-05 	 1.1 	 1.319809E-05 	 3.2262E+00 	 2.444444E+05
8.00000e+00	1.46846e-05 	 1.1 	 1.334964E-05 	 3.263244E+00 	 2.444444E+05
8.00000e+00	1.47729e-05 	 1.1 	 1.342991E-05 	 3.282867E+00 	 2.444444E+05
8.00000e+00	1.51640e-05 	 1.1 	 1.378545E-05 	 3.369778E+00 	 2.444444E+05
8.00000e+00	1.34869e-05 	 1.1 	 1.226082E-05 	 2.997089E+00 	 2.444444E+05
8.00000e+00	1.38175e-05 	 1.1 	 1.256136E-05 	 3.070556E+00 	 2.444444E+05
8.00000e+00	1.37635e-05 	 1.1 	 1.251227E-05 	 3.058556E+00 	 2.444444E+05
8.00000e+00	1.31096e-05 	 1.1 	 1.191782E-05 	 2.913244E+00 	 2.444444E+05
8.00000e+00	1.30343e-05 	 1.1 	 1.184936E-05 	 2.896511E+00 	 2.444444E+05
8.00000e+00	1.48665e-05 	 1.1 	 1.3515E-05 	 3.303667E+00 	 2.444444E+05
8.00000e+00	1.21466e-05 	 1.1 	 1.104236E-05 	 2.699244E+00 	 2.444444E+05
8.00000e+00	1.20404e-05 	 1.1 	 1.094582E-05 	 2.675644E+00 	 2.444444E+05
8.00000e+00	1.25042e-05 	 1.1 	 1.136745E-05 	 2.778711E+00 	 2.444444E+05
8.00000e+00	1.23889e-05 	 1.1 	 1.126264E-05 	 2.753089E+00 	 2.444444E+05
8.00000e+00	1.29204e-05 	 1.1 	 1.174582E-05 	 2.8712E+00 	 2.444444E+05
8.00000e+00	1.12196e-05 	 1.1 	 1.019964E-05 	 2.493244E+00 	 2.444444E+05
8.00000e+00	1.29521e-05 	 1.1 	 1.177464E-05 	 2.878244E+00 	 2.444444E+05
8.00000e+00	1.22913e-05 	 1.1 	 1.117391E-05 	 2.7314E+00 	 2.444444E+05
8.00000e+00	1.30921e-05 	 1.1 	 1.190191E-05 	 2.909356E+00 	 2.444444E+05
8.00000e+00	1.36880e-05 	 1.1 	 1.244364E-05 	 3.041778E+00 	 2.444444E+05
8.00000e+00	1.39944e-05 	 1.1 	 1.272218E-05 	 3.109867E+00 	 2.444444E+05
8.00000e+00	1.30475e-05 	 1.1 	 1.186136E-05 	 2.899444E+00 	 2.444444E+05
8.00000e+00	1.50515e-05 	 1.1 	 1.368318E-05 	 3.344778E+00 	 2.444444E+05
8.00000e+00	1.45765e-05 	 1.1 	 1.325136E-05 	 3.239222E+00 	 2.444444E+05
8.00000e+00	1.47609e-05 	 1.1 	 1.3419E-05 	 3.2802E+00 	 2.444444E+05
8.00000e+00	1.42908e-05 	 1.1 	 1.299164E-05 	 3.175733E+00 	 2.444444E+05
8.00000e+00	1.55736e-05 	 1.1 	 1.415782E-05 	 3.4608E+00 	 2.444444E+05
8.00000e+00	1.61419e-05 	 1.1 	 1.467445E-05 	 3.587089E+00 	 2.444444E+05
8.00000e+00	1.41433e-05 	 1.1 	 1.285755E-05 	 3.142956E+00 	 2.444444E+05
8.00000e+00	1.32840e-05 	 1.1 	 1.207636E-05 	 2.952E+00 	 2.444444E+05
8.00000e+00	1.35607e-05 	 1.1 	 1.232791E-05 	 3.013489E+00 	 2.444444E+05
8.00000e+00	1.49021e-05 	 1.1 	 1.354736E-05 	 3.311578E+00 	 2.444444E+05
8.00000e+00	1.36393e-05 	 1.1 	 1.239936E-05 	 3.030956E+00 	 2.444444E+05
8.00000e+00	1.43705e-05 	 1.1 	 1.306409E-05 	 3.193444E+00 	 2.444444E+05
8.00000e+00	1.44491e-05 	 1.1 	 1.313555E-05 	 3.210911E+00 	 2.444444E+05
8.00000e+00	1.50770e-05 	 1.1 	 1.370636E-05 	 3.350444E+00 	 2.444444E+05
8.00000e+00	1.55428e-05 	 1.1 	 1.412982E-05 	 3.453956E+00 	 2.444444E+05
8.00000e+00	1.68405e-05 	 1.1 	 1.530955E-05 	 3.742333E+00 	 2.444444E+05
8.00000e+00	1.48911e-05 	 1.1 	 1.353736E-05 	 3.309133E+00 	 2.444444E+05
8.00000e+00	1.57012e-05 	 1.1 	 1.427382E-05 	 3.489156E+00 	 2.444444E+05
8.00000e+00	1.44599e-05 	 1.1 	 1.314536E-05 	 3.213311E+00 	 2.444444E+05
8.00000e+00	1.49590e-05 	 1.1 	 1.359909E-05 	 3.324222E+00 	 2.444444E+05
8.00000e+00	1.68874e-05 	 1.1 	 1.535218E-05 	 3.752756E+00 	 2.444444E+05
8.00000e+00	1.57864e-05 	 1.1 	 1.435127E-05 	 3.508089E+00 	 2.444444E+05
8.00000e+00	1.52937e-05 	 1.1 	 1.390336E-05 	 3.3986E+00 	 2.444444E+05
8.00000e+00	1.67303e-05 	 1.1 	 1.520936E-05 	 3.717844E+00 	 2.444444E+05
8.00000e+00	1.62004e-05 	 1.1 	 1.472764E-05 	 3.600089E+00 	 2.444444E+05
8.00000e+00	1.68342e-05 	 1.1 	 1.530382E-05 	 3.740933E+00 	 2.444444E+05
8.00000e+00	1.56169e-05 	 1.1 	 1.419718E-05 	 3.470422E+00 	 2.444444E+05
8.00000e+00	1.50202e-05 	 1.1 	 1.365473E-05 	 3.337822E+00 	 2.444444E+05
8.00000e+00	1.57297e-05 	 1.1 	 1.429973E-05 	 3.495489E+00 	 2.444444E+05
8.00000e+00	1.68867e-05 	 1.1 	 1.535155E-05 	 3.7526E+00 	 2.444444E+05
8.00000e+00	1.45686e-05 	 1.1 	 1.324418E-05 	 3.237467E+00 	 2.444444E+05
8.00000e+00	1.45946e-05 	 1.1 	 1.326782E-05 	 3.243244E+00 	 2.444444E+05
8.00000e+00	1.48278e-05 	 1.1 	 1.347982E-05 	 3.295067E+00 	 2.444444E+05
8.00000e+00	1.40709e-05 	 1.1 	 1.279173E-05 	 3.126867E+00 	 2.444444E+05
8.00000e+00	1.42456e-05 	 1.1 	 1.295055E-05 	 3.165689E+00 	 2.444444E+05
8.00000e+00	1.52547e-05 	 1.1 	 1.386791E-05 	 3.389933E+00 	 2.444444E+05
8.00000e+00	1.45315e-05 	 1.1 	 1.321045E-05 	 3.229222E+00 	 2.444444E+05
8.00000e+00	1.48722e-05 	 1.1 	 1.352018E-05 	 3.304933E+00 	 2.444444E+05
8.00000e+00	1.52934e-05 	 1.1 	 1.390309E-05 	 3.398533E+00 	 2.444444E+05
8.00000e+00	1.56136e-05 	 1.1 	 1.419418E-05 	 3.469689E+00 	 2.444444E+05
8.00000e+00	1.50821e-05 	 1.1 	 1.3711E-05 	 3.351578E+00 	 2.444444E+05
8.00000e+00	1.42598e-05 	 1.1 	 1.296345E-05 	 3.168844E+00 	 2.444444E+05
8.00000e+00	1.41922e-05 	 1.1 	 1.2902E-05 	 3.153822E+00 	 2.444444E+05
8.00000e+00	1.36441e-05 	 1.1 	 1.240373E-05 	 3.032022E+00 	 2.444444E+05
8.00000e+00	1.46351e-05 	 1.1 	 1.330464E-05 	 3.252244E+00 	 2.444444E+05
8.00000e+00	1.47454e-05 	 1.1 	 1.340491E-05 	 3.276756E+00 	 2.444444E+05
8.00000e+00	1.46179e-05 	 1.1 	 1.3289E-05 	 3.248422E+00 	 2.444444E+05
8.00000e+00	1.41570e-05 	 1.1 	 1.287E-05 	 3.146E+00 	 2.444444E+05
8.00000e+00	1.41837e-05 	 1.1 	 1.289427E-05 	 3.151933E+00 	 2.444444E+05
8.00000e+00	1.40504e-05 	 1.1 	 1.277309E-05 	 3.122311E+00 	 2.444444E+05
8.00000e+00	1.43058e-05 	 1.1 	 1.300527E-05 	 3.179067E+00 	 2.444444E+05
8.00000e+00	1.43402e-05 	 1.1 	 1.303655E-05 	 3.186711E+00 	 2.444444E+05
8.00000e+00	1.48455e-05 	 1.1 	 1.349591E-05 	 3.299E+00 	 2.444444E+05
8.00000e+00	1.51193e-05 	 1.1 	 1.374482E-05 	 3.359844E+00 	 2.444444E+05
8.00000e+00	1.58757e-05 	 1.1 	 1.443245E-05 	 3.527933E+00 	 2.444444E+05
8.00000e+00	1.46027e-05 	 1.1 	 1.327518E-05 	 3.245044E+00 	 2.444444E+05
8.00000e+00	1.46791e-05 	 1.1 	 1.334464E-05 	 3.262022E+00 	 2.444444E+05
8.00000e+00	1.54885e-05 	 1.1 	 1.408045E-05 	 3.441889E+00 	 2.444444E+05
8.00000e+00	1.53983e-05 	 1.1 	 1.399845E-05 	 3.421844E+00 	 2.444444E+05
8.00000e+00	1.45936e-05 	 1.1 	 1.326691E-05 	 3.243022E+00 	 2.444444E+05
8.00000e+00	1.34942e-05 	 1.1 	 1.226745E-05 	 2.998711E+00 	 2.444444E+05
8.00000e+00	1.41602e-05 	 1.1 	 1.287291E-05 	 3.146711E+00 	 2.444444E+05
8.00000e+00	1.52324e-05 	 1.1 	 1.384764E-05 	 3.384978E+00 	 2.444444E+05
8.00000e+00	1.63788e-05 	 1.1 	 1.488982E-05 	 3.639733E+00 	 2.444444E+05
8.00000e+00	1.55737e-05 	 1.1 	 1.415791E-05 	 3.460822E+00 	 2.444444E+05
8.00000e+00	1.54075e-05 	 1.1 	 1.400682E-05 	 3.423889E+00 	 2.444444E+05
8.00000e+00	1.54952e-05 	 1.1 	 1.408655E-05 	 3.443378E+00 	 2.444444E+05
8.00000e+00	1.45978e-05 	 1.1 	 1.327073E-05 	 3.243956E+00 	 2.444444E+05
8.00000e+00	1.64444e-05 	 1.1 	 1.494945E-05 	 3.654311E+00 	 2.444444E+05
8.00000e+00	1.66383e-05 	 1.1 	 1.512573E-05 	 3.6974E+00 	 2.444444E+05
8.00000e+00	1.53897e-05 	 1.1 	 1.399064E-05 	 3.419933E+00 	 2.444444E+05
8.00000e+00	1.48536e-05 	 1.1 	 1.350327E-05 	 3.3008E+00 	 2.444444E+05
8.00000e+00	1.50844e-05 	 1.1 	 1.371309E-05 	 3.352089E+00 	 2.444444E+05
8.00000e+00	1.57119e-05 	 1.1 	 1.428355E-05 	 3.491533E+00 	 2.444444E+05
8.00000e+00	1.43913e-05 	 1.1 	 1.3083E-05 	 3.198067E+00 	 2.444444E+05
8.00000e+00	1.38376e-05 	 1.1 	 1.257964E-05 	 3.075022E+00 	 2.444444E+05
8.00000e+00	1.38733e-05 	 1.1 	 1.261209E-05 	 3.082956E+00 	 2.444444E+05
8.00000e+00	1.45398e-05 	 1.1 	 1.3218E-05 	 3.231067E+00 	 2.444444E+05
8.00000e+00	1.60246e-05 	 1.1 	 1.456782E-05 	 3.561022E+00 	 2.444444E+05
8.00000e+00	1.66392e-05 	 1.1 	 1.512655E-05 	 3.6976E+00 	 2.444444E+05
8.00000e+00	1.60434e-05 	 1.1 	 1.458491E-05 	 3.5652E+00 	 2.444444E+05
8.00000e+00	1.65133e-05 	 1.1 	 1.501209E-05 	 3.669622E+00 	 2.444444E+05
8.00000e+00	1.72702e-05 	 1.1 	 1.570018E-05 	 3.837822E+00 	 2.444444E+05
8.00000e+00	1.55268e-05 	 1.1 	 1.411527E-05 	 3.4504E+00 	 2.444444E+05
8.00000e+00	1.48001e-05 	 1.1 	 1.345464E-05 	 3.288911E+00 	 2.444444E+05
8.00000e+00	1.60660e-05 	 1.1 	 1.460545E-05 	 3.570222E+00 	 2.444444E+05
8.00000e+00	1.51792e-05 	 1.1 	 1.379927E-05 	 3.373156E+00 	 2.444444E+05
8.00000e+00	1.56594e-05 	 1.1 	 1.423582E-05 	 3.479867E+00 	 2.444444E+05
8.00000e+00	1.62753e-05 	 1.1 	 1.479573E-05 	 3.616733E+00 	 2.444444E+05
8.00000e+00	1.66221e-05 	 1.1 	 1.5111E-05 	 3.6938E+00 	 2.444444E+05
8.00000e+00	1.59862e-05 	 1.1 	 1.453291E-05 	 3.552489E+00 	 2.444444E+05
8.00000e+00	1.67124e-05 	 1.1 	 1.519309E-05 	 3.713867E+00 	 2.444444E+05
8.00000e+00	1.63677e-05 	 1.1 	 1.487973E-05 	 3.637267E+00 	 2.444444E+05
8.00000e+00	1.52258e-05 	 1.1 	 1.384164E-05 	 3.383511E+00 	 2.444444E+05
8.00000e+00	1.45334e-05 	 1.1 	 1.321218E-05 	 3.229644E+00 	 2.444444E+05
8.00000e+00	1.50400e-05 	 1.1 	 1.367273E-05 	 3.342222E+00 	 2.444444E+05
8.00000e+00	1.48878e-05 	 1.1 	 1.353436E-05 	 3.3084E+00 	 2.444444E+05
8.00000e+00	1.51697e-05 	 1.1 	 1.379064E-05 	 3.371044E+00 	 2.444444E+05
8.00000e+00	1.67147e-05 	 1.1 	 1.519518E-05 	 3.714378E+00 	 2.444444E+05
8.00000e+00	1.79090e-05 	 1.1 	 1.628091E-05 	 3.979778E+00 	 2.444444E+05
8.00000e+00	1.67250e-05 	 1.1 	 1.520455E-05 	 3.716667E+00 	 2.444444E+05
8.00000e+00	1.51108e-05 	 1.1 	 1.373709E-05 	 3.357956E+00 	 2.444444E+05
8.00000e+00	1.60882e-05 	 1.1 	 1.462564E-05 	 3.575156E+00 	 2.444444E+05
8.00000e+00	1.68821e-05 	 1.1 	 1.534736E-05 	 3.751578E+00 	 2.444444E+05
8.00000e+00	1.56564e-05 	 1.1 	 1.423309E-05 	 3.4792E+00 	 2.444444E+05
8.00000e+00	1.60726e-05 	 1.1 	 1.461145E-05 	 3.571689E+00 	 2.444444E+05
8.00000e+00	1.54466e-05 	 1.1 	 1.404236E-05 	 3.432578E+00 	 2.444444E+05
8.00000e+00	1.72079e-05 	 1.1 	 1.564355E-05 	 3.823978E+00 	 2.444444E+05
8.00000e+00	1.64968e-05 	 1.1 	 1.499709E-05 	 3.665956E+00 	 2.444444E+05
8.00000e+00	1.54177e-05 	 1.1 	 1.401609E-05 	 3.426156E+00 	 2.444444E+05
8.00000e+00	1.36824e-05 	 1.1 	 1.243855E-05 	 3.040533E+00 	 2.444444E+05
8.00000e+00	1.52299e-05 	 1.1 	 1.384536E-05 	 3.384422E+00 	 2.444444E+05
8.00000e+00	1.58695e-05 	 1.1 	 1.442682E-05 	 3.526556E+00 	 2.444444E+05
8.00000e+00	1.55265e-05 	 1.1 	 1.4115E-05 	 3.450333E+00 	 2.444444E+05
8.00000e+00	1.62470e-05 	 1.1 	 1.477E-05 	 3.610444E+00 	 2.444444E+05
8.00000e+00	1.40551e-05 	 1.1 	 1.277736E-05 	 3.123356E+00 	 2.444444E+05
8.00000e+00	1.55691e-05 	 1.1 	 1.415373E-05 	 3.4598E+00 	 2.444444E+05
8.00000e+00	1.47195e-05 	 1.1 	 1.338136E-05 	 3.271E+00 	 2.444444E+05
8.00000e+00	1.44460e-05 	 1.1 	 1.313273E-05 	 3.210222E+00 	 2.444444E+05
8.00000e+00	1.47155e-05 	 1.1 	 1.337773E-05 	 3.270111E+00 	 2.444444E+05
8.00000e+00	1.47503e-05 	 1.1 	 1.340936E-05 	 3.277844E+00 	 2.444444E+05
8.00000e+00	1.40958e-05 	 1.1 	 1.281436E-05 	 3.1324E+00 	 2.444444E+05
8.00000e+00	1.46437e-05 	 1.1 	 1.331245E-05 	 3.254156E+00 	 2.444444E+05
8.00000e+00	1.53981e-05 	 1.1 	 1.399827E-05 	 3.4218E+00 	 2.444444E+05
8.00000e+00	1.42728e-05 	 1.1 	 1.297527E-05 	 3.171733E+00 	 2.444444E+05
8.00000e+00	1.47192e-05 	 1.1 	 1.338109E-05 	 3.270933E+00 	 2.444444E+05
8.00000e+00	1.42651e-05 	 1.1 	 1.296827E-05 	 3.170022E+00 	 2.444444E+05
8.00000e+00	1.39370e-05 	 1.1 	 1.267E-05 	 3.097111E+00 	 2.444444E+05
8.00000e+00	1.54840e-05 	 1.1 	 1.407636E-05 	 3.440889E+00 	 2.444444E+05
8.00000e+00	1.60842e-05 	 1.1 	 1.4622E-05 	 3.574267E+00 	 2.444444E+05
8.00000e+00	1.51649e-05 	 1.1 	 1.378627E-05 	 3.369978E+00 	 2.444444E+05
8.00000e+00	1.62266e-05 	 1.1 	 1.475145E-05 	 3.605911E+00 	 2.444444E+05
8.00000e+00	1.57424e-05 	 1.1 	 1.431127E-05 	 3.498311E+00 	 2.444444E+05
8.00000e+00	1.60849e-05 	 1.1 	 1.462264E-05 	 3.574422E+00 	 2.444444E+05
8.00000e+00	1.56693e-05 	 1.1 	 1.424482E-05 	 3.482067E+00 	 2.444444E+05
8.00000e+00	1.56530e-05 	 1.1 	 1.423E-05 	 3.478444E+00 	 2.444444E+05
8.00000e+00	1.57184e-05 	 1.1 	 1.428945E-05 	 3.492978E+00 	 2.444444E+05
8.00000e+00	1.71513e-05 	 1.1 	 1.559209E-05 	 3.8114E+00 	 2.444444E+05
8.00000e+00	1.58004e-05 	 1.1 	 1.4364E-05 	 3.5112E+00 	 2.444444E+05
8.00000e+00	1.53054e-05 	 1.1 	 1.3914E-05 	 3.4012E+00 	 2.444444E+05
8.00000e+00	1.53013e-05 	 1.1 	 1.391027E-05 	 3.400289E+00 	 2.444444E+05
8.00000e+00	1.44011e-05 	 1.1 	 1.309191E-05 	 3.200244E+00 	 2.444444E+05
8.00000e+00	1.39776e-05 	 1.1 	 1.270691E-05 	 3.106133E+00 	 2.444444E+05
8.00000e+00	1.40940e-05 	 1.1 	 1.281273E-05 	 3.132E+00 	 2.444444E+05
8.00000e+00	1.55193e-05 	 1.1 	 1.410845E-05 	 3.448733E+00 	 2.444444E+05
8.00000e+00	1.39464e-05 	 1.1 	 1.267855E-05 	 3.0992E+00 	 2.444444E+05
8.00000e+00	1.43152e-05 	 1.1 	 1.301382E-05 	 3.181156E+00 	 2.444444E+05
8.00000e+00	1.43342e-05 	 1.1 	 1.303109E-05 	 3.185378E+00 	 2.444444E+05
8.00000e+00	1.36144e-05 	 1.1 	 1.237673E-05 	 3.025422E+00 	 2.444444E+05
8.00000e+00	1.44419e-05 	 1.1 	 1.3129E-05 	 3.209311E+00 	 2.444444E+05
8.00000e+00	1.67559e-05 	 1.1 	 1.523264E-05 	 3.723533E+00 	 2.444444E+05
8.00000e+00	1.62537e-05 	 1.1 	 1.477609E-05 	 3.611933E+00 	 2.444444E+05
8.00000e+00	1.56769e-05 	 1.1 	 1.425173E-05 	 3.483756E+00 	 2.444444E+05
8.00000e+00	1.55496e-05 	 1.1 	 1.4136E-05 	 3.455467E+00 	 2.444444E+05
8.00000e+00	1.58983e-05 	 1.1 	 1.4453E-05 	 3.532956E+00 	 2.444444E+05
8.00000e+00	1.73487e-05 	 1.1 	 1.577155E-05 	 3.855267E+00 	 2.444444E+05
8.00000e+00	1.60634e-05 	 1.1 	 1.460309E-05 	 3.569644E+00 	 2.444444E+05
8.00000e+00	1.62524e-05 	 1.1 	 1.477491E-05 	 3.611644E+00 	 2.444444E+05
8.00000e+00	1.77888e-05 	 1.1 	 1.617164E-05 	 3.953067E+00 	 2.444444E+05
8.00000e+00	1.81063e-05 	 1.1 	 1.646027E-05 	 4.023622E+00 	 2.444444E+05
8.00000e+00	1.68721e-05 	 1.1 	 1.533827E-05 	 3.749356E+00 	 2.444444E+05
8.00000e+00	1.56642e-05 	 1.1 	 1.424018E-05 	 3.480933E+00 	 2.444444E+05
8.00000e+00	1.71495e-05 	 1.1 	 1.559045E-05 	 3.811E+00 	 2.444444E+05
8.00000e+00	1.82514e-05 	 1.1 	 1.659218E-05 	 4.055867E+00 	 2.444444E+05
8.00000e+00	1.74407e-05 	 1.1 	 1.585518E-05 	 3.875711E+00 	 2.444444E+05
8.00000e+00	1.78990e-05 	 1.1 	 1.627182E-05 	 3.977556E+00 	 2.444444E+05
8.00000e+00	1.82098e-05 	 1.1 	 1.655436E-05 	 4.046622E+00 	 2.444444E+05
8.00000e+00	1.93466e-05 	 1.1 	 1.758782E-05 	 4.299244E+00 	 2.444444E+05
8.00000e+00	1.90471e-05 	 1.1 	 1.731555E-05 	 4.232689E+00 	 2.444444E+05
8.00000e+00	1.92534e-05 	 1.1 	 1.750309E-05 	 4.278533E+00 	 2.444444E+05
8.00000e+00	1.70675e-05 	 1.1 	 1.551591E-05 	 3.792778E+00 	 2.444444E+05
8.00000e+00	1.92932e-05 	 1.1 	 1.753927E-05 	 4.287378E+00 	 2.444444E+05
8.00000e+00	1.95729e-05 	 1.1 	 1.779355E-05 	 4.349533E+00 	 2.444444E+05
8.00000e+00	1.84603e-05 	 1.1 	 1.678209E-05 	 4.102289E+00 	 2.444444E+05
8.00000e+00	1.66623e-05 	 1.1 	 1.514755E-05 	 3.702733E+00 	 2.444444E+05
8.00000e+00	1.72671e-05 	 1.1 	 1.569736E-05 	 3.837133E+00 	 2.444444E+05
8.00000e+00	1.62478e-05 	 1.1 	 1.477073E-05 	 3.610622E+00 	 2.444444E+05
8.00000e+00	1.61061e-05 	 1.1 	 1.464191E-05 	 3.579133E+00 	 2.444444E+05
8.00000e+00	1.60768e-05 	 1.1 	 1.461527E-05 	 3.572622E+00 	 2.444444E+05
8.00000e+00	1.68730e-05 	 1.1 	 1.533909E-05 	 3.749556E+00 	 2.444444E+05
8.00000e+00	1.55578e-05 	 1.1 	 1.414345E-05 	 3.457289E+00 	 2.444444E+05
8.00000e+00	1.52840e-05 	 1.1 	 1.389455E-05 	 3.396444E+00 	 2.444444E+05
8.00000e+00	1.46695e-05 	 1.1 	 1.333591E-05 	 3.259889E+00 	 2.444444E+05
8.00000e+00	1.51674e-05 	 1.1 	 1.378855E-05 	 3.370533E+00 	 2.444444E+05
8.00000e+00	1.59171e-05 	 1.1 	 1.447009E-05 	 3.537133E+00 	 2.444444E+05
8.00000e+00	1.56635e-05 	 1.1 	 1.423955E-05 	 3.480778E+00 	 2.444444E+05
8.00000e+00	1.39974e-05 	 1.1 	 1.272491E-05 	 3.110533E+00 	 2.444444E+05
8.00000e+00	1.44074e-05 	 1.1 	 1.309764E-05 	 3.201644E+00 	 2.444444E+05
8.00000e+00	1.50439e-05 	 1.1 	 1.367627E-05 	 3.343089E+00 	 2.444444E+05
8.00000e+00	1.52198e-05 	 1.1 	 1.383618E-05 	 3.382178E+00 	 2.444444E+05
8.00000e+00	1.48634e-05 	 1.1 	 1.351218E-05 	 3.302978E+00 	 2.444444E+05
8.00000e+00	1.56004e-05 	 1.1 	 1.418218E-05 	 3.466756E+00 	 2.444444E+05
8.00000e+00	1.75378e-05 	 1.1 	 1.594345E-05 	 3.897289E+00 	 2.444444E+05
8.00000e+00	1.64294e-05 	 1.1 	 1.493582E-05 	 3.650978E+00 	 2.444444E+05
8.00000e+00	1.70010e-05 	 1.1 	 1.545545E-05 	 3.778E+00 	 2.444444E+05
8.00000e+00	1.63505e-05 	 1.1 	 1.486409E-05 	 3.633444E+00 	 2.444444E+05
8.00000e+00	1.60174e-05 	 1.1 	 1.456127E-05 	 3.559422E+00 	 2.444444E+05
8.00000e+00	1.58960e-05 	 1.1 	 1.445091E-05 	 3.532444E+00 	 2.444444E+05
8.00000e+00	2.04717e-05 	 1.1 	 1.861064E-05 	 4.549267E+00 	 2.444444E+05
8.00000e+00	1.71023e-05 	 1.1 	 1.554755E-05 	 3.800511E+00 	 2.444444E+05
8.00000e+00	1.71147e-05 	 1.1 	 1.555882E-05 	 3.803267E+00 	 2.444444E+05
8.00000e+00	1.69852e-05 	 1.1 	 1.544109E-05 	 3.774489E+00 	 2.444444E+05
8.00000e+00	1.71949e-05 	 1.1 	 1.563173E-05 	 3.821089E+00 	 2.444444E+05
8.00000e+00	1.59888e-05 	 1.1 	 1.453527E-05 	 3.553067E+00 	 2.444444E+05
8.00000e+00	1.59790e-05 	 1.1 	 1.452636E-05 	 3.550889E+00 	 2.444444E+05
8.00000e+00	1.62322e-05 	 1.1 	 1.475655E-05 	 3.607156E+00 	 2.444444E+05
8.00000e+00	1.48368e-05 	 1.1 	 1.3488E-05 	 3.297067E+00 	 2.444444E+05
8.00000e+00	1.48701e-05 	 1.1 	 1.351827E-05 	 3.304467E+00 	 2.444444E+05
8.00000e+00	1.51537e-05 	 1.1 	 1.377609E-05 	 3.367489E+00 	 2.444444E+05
8.00000e+00	1.55462e-05 	 1.1 	 1.413291E-05 	 3.454711E+00 	 2.444444E+05
8.00000e+00	1.56629e-05 	 1.1 	 1.4239E-05 	 3.480644E+00 	 2.444444E+05
8.00000e+00	1.64696e-05 	 1.1 	 1.497236E-05 	 3.659911E+00 	 2.444444E+05
8.00000e+00	1.58477e-05 	 1.1 	 1.4407E-05 	 3.521711E+00 	 2.444444E+05
8.00000e+00	1.47374e-05 	 1.1 	 1.339764E-05 	 3.274978E+00 	 2.444444E+05
8.00000e+00	1.51956e-05 	 1.1 	 1.381418E-05 	 3.3768E+00 	 2.444444E+05
8.00000e+00	1.71461e-05 	 1.1 	 1.558736E-05 	 3.810244E+00 	 2.444444E+05
8.00000e+00	1.63473e-05 	 1.1 	 1.486118E-05 	 3.632733E+00 	 2.444444E+05
8.00000e+00	1.57532e-05 	 1.1 	 1.432109E-05 	 3.500711E+00 	 2.444444E+05
8.00000e+00	1.66844e-05 	 1.1 	 1.516764E-05 	 3.707644E+00 	 2.444444E+05
8.00000e+00	1.77668e-05 	 1.1 	 1.615164E-05 	 3.948178E+00 	 2.444444E+05
8.00000e+00	1.79056e-05 	 1.1 	 1.627782E-05 	 3.979022E+00 	 2.444444E+05
8.00000e+00	1.96794e-05 	 1.1 	 1.789036E-05 	 4.3732E+00 	 2.444444E+05
8.00000e+00	2.03558e-05 	 1.1 	 1.850527E-05 	 4.523511E+00 	 2.444444E+05
8.00000e+00	1.89252e-05 	 1.1 	 1.720473E-05 	 4.2056E+00 	 2.444444E+05
8.00000e+00	1.98267e-05 	 1.1 	 1.802427E-05 	 4.405933E+00 	 2.444444E+05
8.00000e+00	1.87422e-05 	 1.1 	 1.703836E-05 	 4.164933E+00 	 2.444444E+05
8.00000e+00	2.03612e-05 	 1.1 	 1.851018E-05 	 4.524711E+00 	 2.444444E+05
8.00000e+00	2.13004e-05 	 1.1 	 1.9364E-05 	 4.733422E+00 	 2.444444E+05
8.00000e+00	1.76874e-05 	 1.1 	 1.607945E-05 	 3.930533E+00 	 2.444444E+05
8.00000e+00	1.68418e-05 	 1.1 	 1.531073E-05 	 3.742622E+00 	 2.444444E+05
8.00000e+00	1.67218e-05 	 1.1 	 1.520164E-05 	 3.715956E+00 	 2.444444E+05
8.00000e+00	1.69937e-05 	 1.1 	 1.544882E-05 	 3.776378E+00 	 2.444444E+05
8.00000e+00	1.58339e-05 	 1.1 	 1.439445E-05 	 3.518644E+00 	 2.444444E+05
8.00000e+00	1.71751e-05 	 1.1 	 1.561373E-05 	 3.816689E+00 	 2.444444E+05
8.00000e+00	1.80586e-05 	 1.1 	 1.641691E-05 	 4.013022E+00 	 2.444444E+05
8.00000e+00	1.59713e-05 	 1.1 	 1.451936E-05 	 3.549178E+00 	 2.444444E+05
8.00000e+00	1.70110e-05 	 1.1 	 1.546455E-05 	 3.780222E+00 	 2.444444E+05
8.00000e+00	1.89297e-05 	 1.1 	 1.720882E-05 	 4.2066E+00 	 2.444444E+05
8.00000e+00	1.71036e-05 	 1.1 	 1.554873E-05 	 3.8008E+00 	 2.444444E+05
8.00000e+00	1.79719e-05 	 1.1 	 1.633809E-05 	 3.993756E+00 	 2.444444E+05
8.00000e+00	1.72104e-05 	 1.1 	 1.564582E-05 	 3.824533E+00 	 2.444444E+05
8.00000e+00	1.70148e-05 	 1.1 	 1.5468E-05 	 3.781067E+00 	 2.444444E+05
8.00000e+00	1.73529e-05 	 1.1 	 1.577536E-05 	 3.8562E+00 	 2.444444E+05
8.00000e+00	1.78932e-05 	 1.1 	 1.626655E-05 	 3.976267E+00 	 2.444444E+05
8.00000e+00	1.87873e-05 	 1.1 	 1.707936E-05 	 4.174956E+00 	 2.444444E+05
8.00000e+00	1.82834e-05 	 1.1 	 1.662127E-05 	 4.062978E+00 	 2.444444E+05
8.00000e+00	1.89810e-05 	 1.1 	 1.725545E-05 	 4.218E+00 	 2.444444E+05
8.00000e+00	2.06049e-05 	 1.1 	 1.873173E-05 	 4.578867E+00 	 2.444444E+05
8.00000e+00	2.02053e-05 	 1.1 	 1.836845E-05 	 4.490067E+00 	 2.444444E+05
8.00000e+00	1.89175e-05 	 1.1 	 1.719773E-05 	 4.203889E+00 	 2.444444E+05
8.00000e+00	2.00340e-05 	 1.1 	 1.821273E-05 	 4.452E+00 	 2.444444E+05
8.00000e+00	2.08717e-05 	 1.1 	 1.897427E-05 	 4.638156E+00 	 2.444444E+05
8.00000e+00	1.92618e-05 	 1.1 	 1.751073E-05 	 4.2804E+00 	 2.444444E+05
8.00000e+00	2.22991e-05 	 1.1 	 2.027191E-05 	 4.955356E+00 	 2.444444E+05
8.00000e+00	2.09288e-05 	 1.1 	 1.902618E-05 	 4.650844E+00 	 2.444444E+05
8.00000e+00	1.91585e-05 	 1.1 	 1.741682E-05 	 4.257444E+00 	 2.444444E+05
8.00000e+00	1.96635e-05 	 1.1 	 1.787591E-05 	 4.369667E+00 	 2.444444E+05
8.00000e+00	1.98945e-05 	 1.1 	 1.808591E-05 	 4.421E+00 	 2.444444E+05
8.00000e+00	2.03525e-05 	 1.1 	 1.850227E-05 	 4.522778E+00 	 2.444444E+05
8.00000e+00	2.05249e-05 	 1.1 	 1.8659E-05 	 4.561089E+00 	 2.444444E+05
8.00000e+00	1.86607e-05 	 1.1 	 1.696427E-05 	 4.146822E+00 	 2.444444E+05
8.00000e+00	1.91034e-05 	 1.1 	 1.736673E-05 	 4.2452E+00 	 2.444444E+05
8.00000e+00	1.74713e-05 	 1.1 	 1.5883E-05 	 3.882511E+00 	 2.444444E+05
8.00000e+00	1.86033e-05 	 1.1 	 1.691209E-05 	 4.134067E+00 	 2.444444E+05
8.00000e+00	1.98132e-05 	 1.1 	 1.8012E-05 	 4.402933E+00 	 2.444444E+05
8.00000e+00	1.92958e-05 	 1.1 	 1.754164E-05 	 4.287956E+00 	 2.444444E+05
8.00000e+00	2.08884e-05 	 1.1 	 1.898945E-05 	 4.641867E+00 	 2.444444E+05
8.00000e+00	2.18252e-05 	 1.1 	 1.984109E-05 	 4.850044E+00 	 2.444444E+05
8.00000e+00	2.24717e-05 	 1.1 	 2.042882E-05 	 4.993711E+00 	 2.444444E+05
8.00000e+00	1.92465e-05 	 1.1 	 1.749682E-05 	 4.277E+00 	 2.444444E+05
8.00000e+00	1.91688e-05 	 1.1 	 1.742618E-05 	 4.259733E+00 	 2.444444E+05
8.00000e+00	1.78430e-05 	 1.1 	 1.622091E-05 	 3.965111E+00 	 2.444444E+05
8.00000e+00	1.74802e-05 	 1.1 	 1.589109E-05 	 3.884489E+00 	 2.444444E+05
8.00000e+00	1.77163e-05 	 1.1 	 1.610573E-05 	 3.936956E+00 	 2.444444E+05
8.00000e+00	1.82759e-05 	 1.1 	 1.661445E-05 	 4.061311E+00 	 2.444444E+05
8.00000e+00	1.78853e-05 	 1.1 	 1.625936E-05 	 3.974511E+00 	 2.444444E+05
8.00000e+00	1.72791e-05 	 1.1 	 1.570827E-05 	 3.8398E+00 	 2.444444E+05
8.00000e+00	1.73025e-05 	 1.1 	 1.572955E-05 	 3.845E+00 	 2.444444E+05
8.00000e+00	1.70520e-05 	 1.1 	 1.550182E-05 	 3.789333E+00 	 2.444444E+05
8.00000e+00	1.72890e-05 	 1.1 	 1.571727E-05 	 3.842E+00 	 2.444444E+05
8.00000e+00	1.67292e-05 	 1.1 	 1.520836E-05 	 3.7176E+00 	 2.444444E+05
8.00000e+00	1.61146e-05 	 1.1 	 1.464964E-05 	 3.581022E+00 	 2.444444E+05
8.00000e+00	1.70473e-05 	 1.1 	 1.549755E-05 	 3.788289E+00 	 2.444444E+05
8.00000e+00	1.60215e-05 	 1.1 	 1.4565E-05 	 3.560333E+00 	 2.444444E+05
8.00000e+00	1.57823e-05 	 1.1 	 1.434755E-05 	 3.507178E+00 	 2.444444E+05
8.00000e+00	1.49242e-05 	 1.1 	 1.356745E-05 	 3.316489E+00 	 2.444444E+05
8.00000e+00	1.46224e-05 	 1.1 	 1.329309E-05 	 3.249422E+00 	 2.444444E+05
8.00000e+00	1.47726e-05 	 1.1 	 1.342964E-05 	 3.2828E+00 	 2.444444E+05
8.00000e+00	1.41109e-05 	 1.1 	 1.282809E-05 	 3.135756E+00 	 2.444444E+05
8.00000e+00	1.40639e-05 	 1.1 	 1.278536E-05 	 3.125311E+00 	 2.444444E+05
8.00000e+00	1.73395e-05 	 1.1 	 1.576318E-05 	 3.853222E+00 	 2.444444E+05
8.00000e+00	1.84386e-05 	 1.1 	 1.676236E-05 	 4.097467E+00 	 2.444444E+05
8.00000e+00	1.67861e-05 	 1.1 	 1.526009E-05 	 3.730244E+00 	 2.444444E+05
8.00000e+00	1.76619e-05 	 1.1 	 1.605627E-05 	 3.924867E+00 	 2.444444E+05
8.00000e+00	1.63923e-05 	 1.1 	 1.490209E-05 	 3.642733E+00 	 2.444444E+05
8.00000e+00	1.63161e-05 	 1.1 	 1.483282E-05 	 3.6258E+00 	 2.444444E+05
8.00000e+00	1.58360e-05 	 1.1 	 1.439636E-05 	 3.519111E+00 	 2.444444E+05
8.00000e+00	1.45779e-05 	 1.1 	 1.325264E-05 	 3.239533E+00 	 2.444444E+05
8.00000e+00	1.58451e-05 	 1.1 	 1.440464E-05 	 3.521133E+00 	 2.444444E+05
8.00000e+00	1.60956e-05 	 1.1 	 1.463236E-05 	 3.5768E+00 	 2.444444E+05
8.00000e+00	1.61478e-05 	 1.1 	 1.467982E-05 	 3.5884E+00 	 2.444444E+05
8.00000e+00	1.67357e-05 	 1.1 	 1.521427E-05 	 3.719044E+00 	 2.444444E+05
8.00000e+00	1.86240e-05 	 1.1 	 1.693091E-05 	 4.138667E+00 	 2.444444E+05
8.00000e+00	1.72118e-05 	 1.1 	 1.564709E-05 	 3.824844E+00 	 2.444444E+05
8.00000e+00	1.81603e-05 	 1.1 	 1.650936E-05 	 4.035622E+00 	 2.444444E+05
8.00000e+00	1.82385e-05 	 1.1 	 1.658045E-05 	 4.053E+00 	 2.444444E+05
8.00000e+00	1.76249e-05 	 1.1 	 1.602264E-05 	 3.916644E+00 	 2.444444E+05
8.00000e+00	1.82389e-05 	 1.1 	 1.658082E-05 	 4.053089E+00 	 2.444444E+05
8.00000e+00	1.86170e-05 	 1.1 	 1.692455E-05 	 4.137111E+00 	 2.444444E+05
8.00000e+00	1.80894e-05 	 1.1 	 1.644491E-05 	 4.019867E+00 	 2.444444E+05
8.00000e+00	1.90971e-05 	 1.1 	 1.7361E-05 	 4.2438E+00 	 2.444444E+05
8.00000e+00	1.84227e-05 	 1.1 	 1.674791E-05 	 4.093933E+00 	 2.444444E+05
8.00000e+00	1.89818e-05 	 1.1 	 1.725618E-05 	 4.218178E+00 	 2.444444E+05
8.00000e+00	2.19522e-05 	 1.1 	 1.995655E-05 	 4.878267E+00 	 2.444444E+05
8.00000e+00	1.89299e-05 	 1.1 	 1.7209E-05 	 4.206644E+00 	 2.444444E+05
8.00000e+00	2.04164e-05 	 1.1 	 1.856036E-05 	 4.536978E+00 	 2.444444E+05
8.00000e+00	2.08988e-05 	 1.1 	 1.899891E-05 	 4.644178E+00 	 2.444444E+05
8.00000e+00	1.96107e-05 	 1.1 	 1.782791E-05 	 4.357933E+00 	 2.444444E+05
8.00000e+00	2.07445e-05 	 1.1 	 1.885864E-05 	 4.609889E+00 	 2.444444E+05
8.00000e+00	2.29656e-05 	 1.1 	 2.087782E-05 	 5.103467E+00 	 2.444444E+05
8.00000e+00	2.09244e-05 	 1.1 	 1.902218E-05 	 4.649867E+00 	 2.444444E+05
8.00000e+00	1.95079e-05 	 1.1 	 1.773445E-05 	 4.335089E+00 	 2.444444E+05
8.00000e+00	1.97033e-05 	 1.1 	 1.791209E-05 	 4.378511E+00 	 2.444444E+05
8.00000e+00	2.00402e-05 	 1.1 	 1.821836E-05 	 4.453378E+00 	 2.444444E+05
8.00000e+00	2.20870e-05 	 1.1 	 2.007909E-05 	 4.908222E+00 	 2.444444E+05
8.00000e+00	2.20988e-05 	 1.1 	 2.008982E-05 	 4.910844E+00 	 2.444444E+05
8.00000e+00	2.22900e-05 	 1.1 	 2.026364E-05 	 4.953333E+00 	 2.444444E+05
8.00000e+00	2.17145e-05 	 1.1 	 1.974045E-05 	 4.825444E+00 	 2.444444E+05
8.00000e+00	1.94045e-05 	 1.1 	 1.764045E-05 	 4.312111E+00 	 2.444444E+05
8.00000e+00	2.11842e-05 	 1.1 	 1.925836E-05 	 4.7076E+00 	 2.444444E+05
8.00000e+00	2.12151e-05 	 1.1 	 1.928645E-05 	 4.714467E+00 	 2.444444E+05
8.00000e+00	2.04742e-05 	 1.1 	 1.861291E-05 	 4.549822E+00 	 2.444444E+05
8.00000e+00	1.95482e-05 	 1.1 	 1.777109E-05 	 4.344044E+00 	 2.444444E+05
8.00000e+00	2.07297e-05 	 1.1 	 1.884518E-05 	 4.6066E+00 	 2.444444E+05
8.00000e+00	2.24505e-05 	 1.1 	 2.040955E-05 	 4.989E+00 	 2.444444E+05
8.00000e+00	2.02094e-05 	 1.1 	 1.837218E-05 	 4.490978E+00 	 2.444444E+05
8.00000e+00	2.08947e-05 	 1.1 	 1.899518E-05 	 4.643267E+00 	 2.444444E+05
8.00000e+00	2.15086e-05 	 1.1 	 1.955327E-05 	 4.779689E+00 	 2.444444E+05
8.00000e+00	2.32694e-05 	 1.1 	 2.1154E-05 	 5.170978E+00 	 2.444444E+05
8.00000e+00	2.56958e-05 	 1.1 	 2.335982E-05 	 5.710178E+00 	 2.444444E+05
8.00000e+00	2.27174e-05 	 1.1 	 2.065218E-05 	 5.048311E+00 	 2.444444E+05
8.00000e+00	2.21813e-05 	 1.1 	 2.016482E-05 	 4.929178E+00 	 2.444444E+05
8.00000e+00	2.44378e-05 	 1.1 	 2.221618E-05 	 5.430622E+00 	 2.444444E+05
8.00000e+00	2.38481e-05 	 1.1 	 2.168009E-05 	 5.299578E+00 	 2.444444E+05
8.00000e+00	2.31944e-05 	 1.1 	 2.108582E-05 	 5.154311E+00 	 2.444444E+05
8.00000e+00	2.29680e-05 	 1.1 	 2.088E-05 	 5.104E+00 	 2.444444E+05
8.00000e+00	2.17050e-05 	 1.1 	 1.973182E-05 	 4.823333E+00 	 2.444444E+05
8.00000e+00	2.28221e-05 	 1.1 	 2.074736E-05 	 5.071578E+00 	 2.444444E+05
8.00000e+00	2.12997e-05 	 1.1 	 1.936336E-05 	 4.733267E+00 	 2.444444E+05
8.00000e+00	2.19488e-05 	 1.1 	 1.995345E-05 	 4.877511E+00 	 2.444444E+05
8.00000e+00	2.27474e-05 	 1.1 	 2.067945E-05 	 5.054978E+00 	 2.444444E+05
8.00000e+00	2.16277e-05 	 1.1 	 1.966155E-05 	 4.806156E+00 	 2.444444E+05
8.00000e+00	2.30964e-05 	 1.1 	 2.099673E-05 	 5.132533E+00 	 2.444444E+05
8.00000e+00	2.40859e-05 	 1.1 	 2.189627E-05 	 5.352422E+00 	 2.444444E+05
8.00000e+00	2.13782e-05 	 1.1 	 1.943473E-05 	 4.750711E+00 	 2.444444E+05
8.00000e+00	2.17922e-05 	 1.1 	 1.981109E-05 	 4.842711E+00 	 2.444444E+05
8.00000e+00	2.55696e-05 	 1.1 	 2.324509E-05 	 5.682133E+00 	 2.444444E+05
8.00000e+00	1.84264e-05 	 1.1 	 1.675127E-05 	 4.094756E+00 	 2.444444E+05
8.00000e+00	1.88202e-05 	 1.1 	 1.710927E-05 	 4.182267E+00 	 2.444444E+05
8.00000e+00	1.92255e-05 	 1.1 	 1.747773E-05 	 4.272333E+00 	 2.444444E+05
8.00000e+00	1.89858e-05 	 1.1 	 1.725982E-05 	 4.219067E+00 	 2.444444E+05
8.00000e+00	2.20926e-05 	 1.1 	 2.008418E-05 	 4.909467E+00 	 2.444444E+05
8.00000e+00	1.79285e-05 	 1.1 	 1.629864E-05 	 3.984111E+00 	 2.444444E+05
8.00000e+00	1.89583e-05 	 1.1 	 1.723482E-05 	 4.212956E+00 	 2.444444E+05
8.00000e+00	2.15407e-05 	 1.1 	 1.958245E-05 	 4.786822E+00 	 2.444444E+05
8.00000e+00	1.89247e-05 	 1.1 	 1.720427E-05 	 4.205489E+00 	 2.444444E+05
8.00000e+00	1.87147e-05 	 1.1 	 1.701336E-05 	 4.158822E+00 	 2.444444E+05
8.00000e+00	1.80676e-05 	 1.1 	 1.642509E-05 	 4.015022E+00 	 2.444444E+05
8.00000e+00	1.91189e-05 	 1.1 	 1.738082E-05 	 4.248644E+00 	 2.444444E+05
8.00000e+00	2.18448e-05 	 1.1 	 1.985891E-05 	 4.8544E+00 	 2.444444E+05
8.00000e+00	1.80550e-05 	 1.1 	 1.641364E-05 	 4.012222E+00 	 2.444444E+05
8.00000e+00	1.80513e-05 	 1.1 	 1.641027E-05 	 4.0114E+00 	 2.444444E+05
8.00000e+00	2.01045e-05 	 1.1 	 1.827682E-05 	 4.467667E+00 	 2.444444E+05
8.00000e+00	1.86768e-05 	 1.1 	 1.697891E-05 	 4.1504E+00 	 2.444444E+05
8.00000e+00	1.91360e-05 	 1.1 	 1.739636E-05 	 4.252444E+00 	 2.444444E+05
8.00000e+00	1.89973e-05 	 1.1 	 1.727027E-05 	 4.221622E+00 	 2.444444E+05
8.00000e+00	1.71403e-05 	 1.1 	 1.558209E-05 	 3.808956E+00 	 2.444444E+05
8.00000e+00	1.69965e-05 	 1.1 	 1.545136E-05 	 3.777E+00 	 2.444444E+05
8.00000e+00	1.72338e-05 	 1.1 	 1.566709E-05 	 3.829733E+00 	 2.444444E+05
8.00000e+00	1.69317e-05 	 1.1 	 1.539245E-05 	 3.7626E+00 	 2.444444E+05
8.00000e+00	1.75235e-05 	 1.1 	 1.593045E-05 	 3.894111E+00 	 2.444444E+05
8.00000e+00	1.77385e-05 	 1.1 	 1.612591E-05 	 3.941889E+00 	 2.444444E+05
8.00000e+00	1.73208e-05 	 1.1 	 1.574618E-05 	 3.849067E+00 	 2.444444E+05
8.00000e+00	1.64732e-05 	 1.1 	 1.497564E-05 	 3.660711E+00 	 2.444444E+05
8.00000e+00	1.79540e-05 	 1.1 	 1.632182E-05 	 3.989778E+00 	 2.444444E+05
8.00000e+00	1.82486e-05 	 1.1 	 1.658964E-05 	 4.055244E+00 	 2.444444E+05
8.00000e+00	1.67706e-05 	 1.1 	 1.5246E-05 	 3.7268E+00 	 2.444444E+05
8.00000e+00	1.82586e-05 	 1.1 	 1.659873E-05 	 4.057467E+00 	 2.444444E+05
8.00000e+00	1.72482e-05 	 1.1 	 1.568018E-05 	 3.832933E+00 	 2.444444E+05
8.00000e+00	2.31449e-05 	 1.1 	 2.104082E-05 	 5.143311E+00 	 2.444444E+05
8.00000e+00	1.88393e-05 	 1.1 	 1.712664E-05 	 4.186511E+00 	 2.444444E+05
8.00000e+00	1.85339e-05 	 1.1 	 1.6849E-05 	 4.118644E+00 	 2.444444E+05
8.00000e+00	1.87221e-05 	 1.1 	 1.702009E-05 	 4.160467E+00 	 2.444444E+05
8.00000e+00	1.90493e-05 	 1.1 	 1.731755E-05 	 4.233178E+00 	 2.444444E+05
8.00000e+00	1.92376e-05 	 1.1 	 1.748873E-05 	 4.275022E+00 	 2.444444E+05
8.00000e+00	1.93936e-05 	 1.1 	 1.763055E-05 	 4.309689E+00 	 2.444444E+05
8.00000e+00	2.08418e-05 	 1.1 	 1.894709E-05 	 4.631511E+00 	 2.444444E+05
8.00000e+00	2.00062e-05 	 1.1 	 1.818745E-05 	 4.445822E+00 	 2.444444E+05
8.00000e+00	1.81640e-05 	 1.1 	 1.651273E-05 	 4.036444E+00 	 2.444444E+05
8.00000e+00	1.58237e-05 	 1.1 	 1.438518E-05 	 3.516378E+00 	 2.444444E+05
8.00000e+00	1.64456e-05 	 1.1 	 1.495055E-05 	 3.654578E+00 	 2.444444E+05
8.00000e+00	1.74218e-05 	 1.1 	 1.5838E-05 	 3.871511E+00 	 2.444444E+05
8.00000e+00	1.65154e-05 	 1.1 	 1.5014E-05 	 3.670089E+00 	 2.444444E+05
8.00000e+00	1.68818e-05 	 1.1 	 1.534709E-05 	 3.751511E+00 	 2.444444E+05
8.00000e+00	1.74679e-05 	 1.1 	 1.587991E-05 	 3.881756E+00 	 2.444444E+05
8.00000e+00	1.72730e-05 	 1.1 	 1.570273E-05 	 3.838444E+00 	 2.444444E+05
8.00000e+00	1.82342e-05 	 1.1 	 1.657655E-05 	 4.052044E+00 	 2.444444E+05
8.00000e+00	1.68427e-05 	 1.1 	 1.531155E-05 	 3.742822E+00 	 2.444444E+05
8.00000e+00	1.70258e-05 	 1.1 	 1.5478E-05 	 3.783511E+00 	 2.444444E+05
8.00000e+00	1.70771e-05 	 1.1 	 1.552464E-05 	 3.794911E+00 	 2.444444E+05
8.00000e+00	1.65284e-05 	 1.1 	 1.502582E-05 	 3.672978E+00 	 2.444444E+05
8.00000e+00	1.67893e-05 	 1.1 	 1.5263E-05 	 3.730956E+00 	 2.444444E+05
8.00000e+00	1.61905e-05 	 1.1 	 1.471864E-05 	 3.597889E+00 	 2.444444E+05
8.00000e+00	1.78029e-05 	 1.1 	 1.618445E-05 	 3.9562E+00 	 2.444444E+05
8.00000e+00	1.79012e-05 	 1.1 	 1.627382E-05 	 3.978044E+00 	 2.444444E+05
8.00000e+00	1.70105e-05 	 1.1 	 1.546409E-05 	 3.780111E+00 	 2.444444E+05
8.00000e+00	1.80983e-05 	 1.1 	 1.6453E-05 	 4.021844E+00 	 2.444444E+05
8.00000e+00	1.83280e-05 	 1.1 	 1.666182E-05 	 4.072889E+00 	 2.444444E+05
8.00000e+00	1.93840e-05 	 1.1 	 1.762182E-05 	 4.307556E+00 	 2.444444E+05
8.00000e+00	1.68883e-05 	 1.1 	 1.5353E-05 	 3.752956E+00 	 2.444444E+05
8.00000e+00	1.73159e-05 	 1.1 	 1.574173E-05 	 3.847978E+00 	 2.444444E+05
8.00000e+00	1.76620e-05 	 1.1 	 1.605636E-05 	 3.924889E+00 	 2.444444E+05
8.00000e+00	1.61381e-05 	 1.1 	 1.4671E-05 	 3.586244E+00 	 2.444444E+05
8.00000e+00	1.78630e-05 	 1.1 	 1.623909E-05 	 3.969556E+00 	 2.444444E+05
8.00000e+00	1.75097e-05 	 1.1 	 1.591791E-05 	 3.891044E+00 	 2.444444E+05
8.00000e+00	1.70207e-05 	 1.1 	 1.547336E-05 	 3.782378E+00 	 2.444444E+05
8.00000e+00	1.72845e-05 	 1.1 	 1.571318E-05 	 3.841E+00 	 2.444444E+05
8.00000e+00	1.66330e-05 	 1.1 	 1.512091E-05 	 3.696222E+00 	 2.444444E+05
8.00000e+00	1.57520e-05 	 1.1 	 1.432E-05 	 3.500444E+00 	 2.444444E+05
8.00000e+00	1.67808e-05 	 1.1 	 1.525527E-05 	 3.729067E+00 	 2.444444E+05
8.00000e+00	1.54919e-05 	 1.1 	 1.408355E-05 	 3.442644E+00 	 2.444444E+05
8.00000e+00	1.68352e-05 	 1.1 	 1.530473E-05 	 3.741156E+00 	 2.444444E+05
8.00000e+00	1.62077e-05 	 1.1 	 1.473427E-05 	 3.601711E+00 	 2.444444E+05
8.00000e+00	1.62392e-05 	 1.1 	 1.476291E-05 	 3.608711E+00 	 2.444444E+05
8.00000e+00	1.66746e-05 	 1.1 	 1.515873E-05 	 3.705467E+00 	 2.444444E+05
8.00000e+00	1.70413e-05 	 1.1 	 1.549209E-05 	 3.786956E+00 	 2.444444E+05
8.00000e+00	1.70511e-05 	 1.1 	 1.5501E-05 	 3.789133E+00 	 2.444444E+05
8.00000e+00	1.72779e-05 	 1.1 	 1.570718E-05 	 3.839533E+00 	 2.444444E+05
8.00000e+00	1.64906e-05 	 1.1 	 1.499145E-05 	 3.664578E+00 	 2.444444E+05
8.00000e+00	1.76399e-05 	 1.1 	 1.603627E-05 	 3.919978E+00 	 2.444444E+05
8.00000e+00	1.83413e-05 	 1.1 	 1.667391E-05 	 4.075844E+00 	 2.444444E+05
8.00000e+00	1.72743e-05 	 1.1 	 1.570391E-05 	 3.838733E+00 	 2.444444E+05
8.00000e+00	1.56522e-05 	 1.1 	 1.422927E-05 	 3.478267E+00 	 2.444444E+05
8.00000e+00	1.54260e-05 	 1.1 	 1.402364E-05 	 3.428E+00 	 2.444444E+05
8.00000e+00	1.52888e-05 	 1.1 	 1.389891E-05 	 3.397511E+00 	 2.444444E+05
8.00000e+00	1.62770e-05 	 1.1 	 1.479727E-05 	 3.617111E+00 	 2.444444E+05
8.00000e+00	1.54627e-05 	 1.1 	 1.4057E-05 	 3.436156E+00 	 2.444444E+05
8.00000e+00	1.70740e-05 	 1.1 	 1.552182E-05 	 3.794222E+00 	 2.444444E+05
8.00000e+00	1.64934e-05 	 1.1 	 1.4994E-05 	 3.6652E+00 	 2.444444E+05
8.00000e+00	1.66917e-05 	 1.1 	 1.517427E-05 	 3.709267E+00 	 2.444444E+05
8.00000e+00	1.58141e-05 	 1.1 	 1.437645E-05 	 3.514244E+00 	 2.444444E+05
8.00000e+00	1.55545e-05 	 1.1 	 1.414045E-05 	 3.456556E+00 	 2.444444E+05
8.00000e+00	1.68355e-05 	 1.1 	 1.5305E-05 	 3.741222E+00 	 2.444444E+05
8.00000e+00	1.79346e-05 	 1.1 	 1.630418E-05 	 3.985467E+00 	 2.444444E+05
8.00000e+00	1.90271e-05 	 1.1 	 1.729736E-05 	 4.228244E+00 	 2.444444E+05
8.00000e+00	1.95166e-05 	 1.1 	 1.774236E-05 	 4.337022E+00 	 2.444444E+05
8.00000e+00	1.74190e-05 	 1.1 	 1.583545E-05 	 3.870889E+00 	 2.444444E+05
8.00000e+00	1.84477e-05 	 1.1 	 1.677064E-05 	 4.099489E+00 	 2.444444E+05
8.00000e+00	1.70831e-05 	 1.1 	 1.553009E-05 	 3.796244E+00 	 2.444444E+05
8.00000e+00	1.84039e-05 	 1.1 	 1.673082E-05 	 4.089756E+00 	 2.444444E+05
8.00000e+00	1.65110e-05 	 1.1 	 1.501E-05 	 3.669111E+00 	 2.444444E+05
8.00000e+00	1.60931e-05 	 1.1 	 1.463009E-05 	 3.576244E+00 	 2.444444E+05
8.00000e+00	1.64348e-05 	 1.1 	 1.494073E-05 	 3.652178E+00 	 2.444444E+05
8.00000e+00	1.71420e-05 	 1.1 	 1.558364E-05 	 3.809333E+00 	 2.444444E+05
8.00000e+00	1.85498e-05 	 1.1 	 1.686345E-05 	 4.122178E+00 	 2.444444E+05
8.00000e+00	1.72407e-05 	 1.1 	 1.567336E-05 	 3.831267E+00 	 2.444444E+05
8.00000e+00	1.78123e-05 	 1.1 	 1.6193E-05 	 3.958289E+00 	 2.444444E+05
8.00000e+00	2.10361e-05 	 1.1 	 1.912373E-05 	 4.674689E+00 	 2.444444E+05
8.00000e+00	1.87173e-05 	 1.1 	 1.701573E-05 	 4.1594E+00 	 2.444444E+05
8.00000e+00	2.08031e-05 	 1.1 	 1.891191E-05 	 4.622911E+00 	 2.444444E+05
8.00000e+00	2.31536e-05 	 1.1 	 2.104873E-05 	 5.145244E+00 	 2.444444E+05
8.00000e+00	1.94365e-05 	 1.1 	 1.766955E-05 	 4.319222E+00 	 2.444444E+05
8.00000e+00	1.79149e-05 	 1.1 	 1.628627E-05 	 3.981089E+00 	 2.444444E+05
8.00000e+00	1.95116e-05 	 1.1 	 1.773782E-05 	 4.335911E+00 	 2.444444E+05
8.00000e+00	1.85314e-05 	 1.1 	 1.684673E-05 	 4.118089E+00 	 2.444444E+05
8.00000e+00	1.89629e-05 	 1.1 	 1.7239E-05 	 4.213978E+00 	 2.444444E+05
8.00000e+00	2.04406e-05 	 1.1 	 1.858236E-05 	 4.542356E+00 	 2.444444E+05
8.00000e+00	1.99020e-05 	 1.1 	 1.809273E-05 	 4.422667E+00 	 2.444444E+05
8.00000e+00	2.00795e-05 	 1.1 	 1.825409E-05 	 4.462111E+00 	 2.444444E+05
8.00000e+00	1.98472e-05 	 1.1 	 1.804291E-05 	 4.410489E+00 	 2.444444E+05
8.00000e+00	1.95359e-05 	 1.1 	 1.775991E-05 	 4.341311E+00 	 2.444444E+05
8.00000e+00	1.96282e-05 	 1.1 	 1.784382E-05 	 4.361822E+00 	 2.444444E+05
8.00000e+00	2.05374e-05 	 1.1 	 1.867036E-05 	 4.563867E+00 	 2.444444E+05
8.00000e+00	2.07122e-05 	 1.1 	 1.882927E-05 	 4.602711E+00 	 2.444444E+05
8.00000e+00	1.99892e-05 	 1.1 	 1.8172E-05 	 4.442044E+00 	 2.444444E+05
8.00000e+00	2.00341e-05 	 1.1 	 1.821282E-05 	 4.452022E+00 	 2.444444E+05
8.00000e+00	2.14259e-05 	 1.1 	 1.947809E-05 	 4.761311E+00 	 2.444444E+05
8.00000e+00	2.42641e-05 	 1.1 	 2.205827E-05 	 5.392022E+00 	 2.444444E+05
8.00000e+00	2.01799e-05 	 1.1 	 1.834536E-05 	 4.484422E+00 	 2.444444E+05
8.00000e+00	2.17580e-05 	 1.1 	 1.978E-05 	 4.835111E+00 	 2.444444E+05
8.00000e+00	2.11861e-05 	 1.1 	 1.926009E-05 	 4.708022E+00 	 2.444444E+05
8.00000e+00	2.16894e-05 	 1.1 	 1.971764E-05 	 4.819867E+00 	 2.444444E+05
8.00000e+00	2.16886e-05 	 1.1 	 1.971691E-05 	 4.819689E+00 	 2.444444E+05
8.00000e+00	2.24168e-05 	 1.1 	 2.037891E-05 	 4.981511E+00 	 2.444444E+05
8.00000e+00	2.07973e-05 	 1.1 	 1.890664E-05 	 4.621622E+00 	 2.444444E+05
8.00000e+00	2.21151e-05 	 1.1 	 2.010464E-05 	 4.914467E+00 	 2.444444E+05
8.00000e+00	2.25334e-05 	 1.1 	 2.048491E-05 	 5.007422E+00 	 2.444444E+05
8.00000e+00	2.21547e-05 	 1.1 	 2.014064E-05 	 4.923267E+00 	 2.444444E+05
8.00000e+00	2.21073e-05 	 1.1 	 2.009755E-05 	 4.912733E+00 	 2.444444E+05
8.00000e+00	2.18198e-05 	 1.1 	 1.983618E-05 	 4.848844E+00 	 2.444444E+05
8.00000e+00	2.30008e-05 	 1.1 	 2.090982E-05 	 5.111289E+00 	 2.444444E+05
8.00000e+00	2.43830e-05 	 1.1 	 2.216636E-05 	 5.418444E+00 	 2.444444E+05
8.00000e+00	2.42275e-05 	 1.1 	 2.2025E-05 	 5.383889E+00 	 2.444444E+05
8.00000e+00	2.30150e-05 	 1.1 	 2.092273E-05 	 5.114444E+00 	 2.444444E+05
8.00000e+00	2.13435e-05 	 1.1 	 1.940318E-05 	 4.743E+00 	 2.444444E+05
8.00000e+00	2.14481e-05 	 1.1 	 1.949827E-05 	 4.766244E+00 	 2.444444E+05
8.00000e+00	2.15862e-05 	 1.1 	 1.962382E-05 	 4.796933E+00 	 2.444444E+05
8.00000e+00	2.12180e-05 	 1.1 	 1.928909E-05 	 4.715111E+00 	 2.444444E+05
8.00000e+00	2.31428e-05 	 1.1 	 2.103891E-05 	 5.142844E+00 	 2.444444E+05
8.00000e+00	2.21298e-05 	 1.1 	 2.0118E-05 	 4.917733E+00 	 2.444444E+05
8.00000e+00	2.17227e-05 	 1.1 	 1.974791E-05 	 4.827267E+00 	 2.444444E+05
8.00000e+00	2.25048e-05 	 1.1 	 2.045891E-05 	 5.001067E+00 	 2.444444E+05
8.00000e+00	2.12227e-05 	 1.1 	 1.929336E-05 	 4.716156E+00 	 2.444444E+05
8.00000e+00	2.27940e-05 	 1.1 	 2.072182E-05 	 5.065333E+00 	 2.444444E+05
8.00000e+00	2.17410e-05 	 1.1 	 1.976455E-05 	 4.831333E+00 	 2.444444E+05
8.00000e+00	2.08556e-05 	 1.1 	 1.895964E-05 	 4.634578E+00 	 2.444444E+05
8.00000e+00	2.28507e-05 	 1.1 	 2.077336E-05 	 5.077933E+00 	 2.444444E+05
8.00000e+00	2.43551e-05 	 1.1 	 2.2141E-05 	 5.412244E+00 	 2.444444E+05
8.00000e+00	2.41074e-05 	 1.1 	 2.191582E-05 	 5.3572E+00 	 2.444444E+05
8.00000e+00	2.29777e-05 	 1.1 	 2.088882E-05 	 5.106156E+00 	 2.444444E+05
8.00000e+00	2.38452e-05 	 1.1 	 2.167745E-05 	 5.298933E+00 	 2.444444E+05
8.00000e+00	2.25800e-05 	 1.1 	 2.052727E-05 	 5.017778E+00 	 2.444444E+05
8.00000e+00	2.32834e-05 	 1.1 	 2.116673E-05 	 5.174089E+00 	 2.444444E+05
8.00000e+00	2.13201e-05 	 1.1 	 1.938191E-05 	 4.7378E+00 	 2.444444E+05
8.00000e+00	2.24122e-05 	 1.1 	 2.037473E-05 	 4.980489E+00 	 2.444444E+05
8.00000e+00	2.26488e-05 	 1.1 	 2.058982E-05 	 5.033067E+00 	 2.444444E+05
8.00000e+00	2.29029e-05 	 1.1 	 2.082082E-05 	 5.089533E+00 	 2.444444E+05
8.00000e+00	2.23112e-05 	 1.1 	 2.028291E-05 	 4.958044E+00 	 2.444444E+05
8.00000e+00	2.16825e-05 	 1.1 	 1.971136E-05 	 4.818333E+00 	 2.444444E+05
8.00000e+00	2.23435e-05 	 1.1 	 2.031227E-05 	 4.965222E+00 	 2.444444E+05
8.00000e+00	2.15046e-05 	 1.1 	 1.954964E-05 	 4.7788E+00 	 2.444444E+05
8.00000e+00	2.19290e-05 	 1.1 	 1.993545E-05 	 4.873111E+00 	 2.444444E+05
8.00000e+00	2.28133e-05 	 1.1 	 2.073936E-05 	 5.069622E+00 	 2.444444E+05
8.00000e+00	2.39698e-05 	 1.1 	 2.179073E-05 	 5.326622E+00 	 2.444444E+05
8.00000e+00	2.37344e-05 	 1.1 	 2.157673E-05 	 5.274311E+00 	 2.444444E+05
8.00000e+00	2.32745e-05 	 1.1 	 2.115864E-05 	 5.172111E+00 	 2.444444E+05
8.00000e+00	2.37955e-05 	 1.1 	 2.163227E-05 	 5.287889E+00 	 2.444444E+05
8.00000e+00	2.38086e-05 	 1.1 	 2.164418E-05 	 5.2908E+00 	 2.444444E+05
8.00000e+00	2.29622e-05 	 1.1 	 2.087473E-05 	 5.102711E+00 	 2.444444E+05
8.00000e+00	2.33719e-05 	 1.1 	 2.124718E-05 	 5.193756E+00 	 2.444444E+05
8.00000e+00	2.29362e-05 	 1.1 	 2.085109E-05 	 5.096933E+00 	 2.444444E+05
8.00000e+00	2.32644e-05 	 1.1 	 2.114945E-05 	 5.169867E+00 	 2.444444E+05
8.00000e+00	2.42070e-05 	 1.1 	 2.200636E-05 	 5.379333E+00 	 2.444444E+05
8.00000e+00	2.56796e-05 	 1.1 	 2.334509E-05 	 5.706578E+00 	 2.444444E+05
8.00000e+00	2.30889e-05 	 1.1 	 2.098991E-05 	 5.130867E+00 	 2.444444E+05
8.00000e+00	2.26948e-05 	 1.1 	 2.063164E-05 	 5.043289E+00 	 2.444444E+05
8.00000e+00	2.28113e-05 	 1.1 	 2.073755E-05 	 5.069178E+00 	 2.444444E+05
8.00000e+00	2.36056e-05 	 1.1 	 2.145964E-05 	 5.245689E+00 	 2.444444E+05
8.00000e+00	2.20765e-05 	 1.1 	 2.006955E-05 	 4.905889E+00 	 2.444444E+05
8.00000e+00	2.19457e-05 	 1.1 	 1.995064E-05 	 4.876822E+00 	 2.444444E+05
8.00000e+00	2.37824e-05 	 1.1 	 2.162036E-05 	 5.284978E+00 	 2.444444E+05
8.00000e+00	2.42099e-05 	 1.1 	 2.2009E-05 	 5.379978E+00 	 2.444444E+05
8.00000e+00	2.47544e-05 	 1.1 	 2.2504E-05 	 5.500978E+00 	 2.444444E+05
8.00000e+00	2.42033e-05 	 1.1 	 2.2003E-05 	 5.378511E+00 	 2.444444E+05
8.00000e+00	2.36115e-05 	 1.1 	 2.1465E-05 	 5.247E+00 	 2.444444E+05
8.00000e+00	2.24088e-05 	 1.1 	 2.037164E-05 	 4.979733E+00 	 2.444444E+05
8.00000e+00	2.29412e-05 	 1.1 	 2.085564E-05 	 5.098044E+00 	 2.444444E+05
8.00000e+00	2.49518e-05 	 1.1 	 2.268345E-05 	 5.544844E+00 	 2.444444E+05
8.00000e+00	2.06788e-05 	 1.1 	 1.879891E-05 	 4.595289E+00 	 2.444444E+05
8.00000e+00	2.22692e-05 	 1.1 	 2.024473E-05 	 4.948711E+00 	 2.444444E+05
8.00000e+00	2.10126e-05 	 1.1 	 1.910236E-05 	 4.669467E+00 	 2.444444E+05
8.00000e+00	2.07369e-05 	 1.1 	 1.885173E-05 	 4.6082E+00 	 2.444444E+05
8.00000e+00	2.04893e-05 	 1.1 	 1.862664E-05 	 4.553178E+00 	 2.444444E+05
8.00000e+00	1.95550e-05 	 1.1 	 1.777727E-05 	 4.345556E+00 	 2.444444E+05
8.00000e+00	2.07643e-05 	 1.1 	 1.887664E-05 	 4.614289E+00 	 2.444444E+05
8.00000e+00	1.92259e-05 	 1.1 	 1.747809E-05 	 4.272422E+00 	 2.444444E+05
8.00000e+00	1.93360e-05 	 1.1 	 1.757818E-05 	 4.296889E+00 	 2.444444E+05
8.00000e+00	2.05566e-05 	 1.1 	 1.868782E-05 	 4.568133E+00 	 2.444444E+05
8.00000e+00	2.05312e-05 	 1.1 	 1.866473E-05 	 4.562489E+00 	 2.444444E+05
8.00000e+00	1.96317e-05 	 1.1 	 1.7847E-05 	 4.3626E+00 	 2.444444E+05
8.00000e+00	1.98342e-05 	 1.1 	 1.803109E-05 	 4.4076E+00 	 2.444444E+05
8.00000e+00	1.94914e-05 	 1.1 	 1.771945E-05 	 4.331422E+00 	 2.444444E+05
8.00000e+00	1.98379e-05 	 1.1 	 1.803445E-05 	 4.408422E+00 	 2.444444E+05
8.00000e+00	1.89696e-05 	 1.1 	 1.724509E-05 	 4.215467E+00 	 2.444444E+05
8.00000e+00	1.76290e-05 	 1.1 	 1.602636E-05 	 3.917556E+00 	 2.444444E+05
8.00000e+00	1.94005e-05 	 1.1 	 1.763682E-05 	 4.311222E+00 	 2.444444E+05
8.00000e+00	1.87238e-05 	 1.1 	 1.702164E-05 	 4.160844E+00 	 2.444444E+05
8.00000e+00	1.79920e-05 	 1.1 	 1.635636E-05 	 3.998222E+00 	 2.444444E+05
8.00000e+00	1.85990e-05 	 1.1 	 1.690818E-05 	 4.133111E+00 	 2.444444E+05
8.00000e+00	1.73607e-05 	 1.1 	 1.578245E-05 	 3.857933E+00 	 2.444444E+05
8.00000e+00	1.84001e-05 	 1.1 	 1.672736E-05 	 4.088911E+00 	 2.444444E+05
8.00000e+00	1.68749e-05 	 1.1 	 1.534082E-05 	 3.749978E+00 	 2.444444E+05
8.00000e+00	1.69174e-05 	 1.1 	 1.537945E-05 	 3.759422E+00 	 2.444444E+05
8.00000e+00	1.73413e-05 	 1.1 	 1.576482E-05 	 3.853622E+00 	 2.444444E+05
8.00000e+00	1.66337e-05 	 1.1 	 1.512155E-05 	 3.696378E+00 	 2.444444E+05
8.00000e+00	1.76063e-05 	 1.1 	 1.600573E-05 	 3.912511E+00 	 2.444444E+05
8.00000e+00	1.76763e-05 	 1.1 	 1.606936E-05 	 3.928067E+00 	 2.444444E+05
8.00000e+00	1.71364e-05 	 1.1 	 1.557855E-05 	 3.808089E+00 	 2.444444E+05
8.00000e+00	1.71398e-05 	 1.1 	 1.558164E-05 	 3.808844E+00 	 2.444444E+05
8.00000e+00	1.75392e-05 	 1.1 	 1.594473E-05 	 3.8976E+00 	 2.444444E+05
8.00000e+00	1.78025e-05 	 1.1 	 1.618409E-05 	 3.956111E+00 	 2.444444E+05
8.00000e+00	1.73086e-05 	 1.1 	 1.573509E-05 	 3.846356E+00 	 2.444444E+05
8.00000e+00	1.79827e-05 	 1.1 	 1.634791E-05 	 3.996156E+00 	 2.444444E+05
8.00000e+00	1.67173e-05 	 1.1 	 1.519755E-05 	 3.714956E+00 	 2.444444E+05
8.00000e+00	1.65523e-05 	 1.1 	 1.504755E-05 	 3.678289E+00 	 2.444444E+05
8.00000e+00	1.66076e-05 	 1.1 	 1.509782E-05 	 3.690578E+00 	 2.444444E+05
8.00000e+00	1.70057e-05 	 1.1 	 1.545973E-05 	 3.779044E+00 	 2.444444E+05
8.00000e+00	1.65391e-05 	 1.1 	 1.503555E-05 	 3.675356E+00 	 2.444444E+05
8.00000e+00	1.74386e-05 	 1.1 	 1.585327E-05 	 3.875244E+00 	 2.444444E+05
8.00000e+00	1.71622e-05 	 1.1 	 1.5602E-05 	 3.813822E+00 	 2.444444E+05
8.00000e+00	1.71846e-05 	 1.1 	 1.562236E-05 	 3.8188E+00 	 2.444444E+05
8.00000e+00	1.58695e-05 	 1.1 	 1.442682E-05 	 3.526556E+00 	 2.444444E+05
8.00000e+00	1.63537e-05 	 1.1 	 1.4867E-05 	 3.634156E+00 	 2.444444E+05
8.00000e+00	1.62020e-05 	 1.1 	 1.472909E-05 	 3.600444E+00 	 2.444444E+05
8.00000e+00	1.72254e-05 	 1.1 	 1.565945E-05 	 3.827867E+00 	 2.444444E+05
8.00000e+00	1.68941e-05 	 1.1 	 1.535827E-05 	 3.754244E+00 	 2.444444E+05
8.00000e+00	1.89402e-05 	 1.1 	 1.721836E-05 	 4.208933E+00 	 2.444444E+05
8.00000e+00	1.81152e-05 	 1.1 	 1.646836E-05 	 4.0256E+00 	 2.444444E+05
8.00000e+00	1.67068e-05 	 1.1 	 1.5188E-05 	 3.712622E+00 	 2.444444E+05
8.00000e+00	1.73000e-05 	 1.1 	 1.572727E-05 	 3.844444E+00 	 2.444444E+05
8.00000e+00	1.86852e-05 	 1.1 	 1.698655E-05 	 4.152267E+00 	 2.444444E+05
8.00000e+00	1.77667e-05 	 1.1 	 1.615155E-05 	 3.948156E+00 	 2.444444E+05
8.00000e+00	1.89296e-05 	 1.1 	 1.720873E-05 	 4.206578E+00 	 2.444444E+05
8.00000e+00	1.89310e-05 	 1.1 	 1.721E-05 	 4.206889E+00 	 2.444444E+05
8.00000e+00	1.83496e-05 	 1.1 	 1.668145E-05 	 4.077689E+00 	 2.444444E+05
8.00000e+00	1.80698e-05 	 1.1 	 1.642709E-05 	 4.015511E+00 	 2.444444E+05
8.00000e+00	1.81997e-05 	 1.1 	 1.654518E-05 	 4.044378E+00 	 2.444444E+05
8.00000e+00	1.75340e-05 	 1.1 	 1.594E-05 	 3.896444E+00 	 2.444444E+05
8.00000e+00	1.85771e-05 	 1.1 	 1.688827E-05 	 4.128244E+00 	 2.444444E+05
8.00000e+00	1.81980e-05 	 1.1 	 1.654364E-05 	 4.044E+00 	 2.444444E+05
8.00000e+00	1.88447e-05 	 1.1 	 1.713155E-05 	 4.187711E+00 	 2.444444E+05
8.00000e+00	1.98843e-05 	 1.1 	 1.807664E-05 	 4.418733E+00 	 2.444444E+05
8.00000e+00	1.74739e-05 	 1.1 	 1.588536E-05 	 3.883089E+00 	 2.444444E+05
8.00000e+00	1.91529e-05 	 1.1 	 1.741173E-05 	 4.2562E+00 	 2.444444E+05
8.00000e+00	1.88567e-05 	 1.1 	 1.714245E-05 	 4.190378E+00 	 2.444444E+05
8.00000e+00	1.98552e-05 	 1.1 	 1.805018E-05 	 4.412267E+00 	 2.444444E+05
8.00000e+00	1.95319e-05 	 1.1 	 1.775627E-05 	 4.340422E+00 	 2.444444E+05
8.00000e+00	1.91918e-05 	 1.1 	 1.744709E-05 	 4.264844E+00 	 2.444444E+05
8.00000e+00	1.93327e-05 	 1.1 	 1.757518E-05 	 4.296156E+00 	 2.444444E+05
8.00000e+00	2.01785e-05 	 1.1 	 1.834409E-05 	 4.484111E+00 	 2.444444E+05
8.00000e+00	2.03053e-05 	 1.1 	 1.845936E-05 	 4.512289E+00 	 2.444444E+05
8.00000e+00	2.00798e-05 	 1.1 	 1.825436E-05 	 4.462178E+00 	 2.444444E+05
8.00000e+00	1.98386e-05 	 1.1 	 1.803509E-05 	 4.408578E+00 	 2.444444E+05
8.00000e+00	2.05444e-05 	 1.1 	 1.867673E-05 	 4.565422E+00 	 2.444444E+05
8.00000e+00	2.20254e-05 	 1.1 	 2.002309E-05 	 4.894533E+00 	 2.444444E+05
8.00000e+00	2.00668e-05 	 1.1 	 1.824255E-05 	 4.459289E+00 	 2.444444E+05
8.00000e+00	2.02263e-05 	 1.1 	 1.838755E-05 	 4.494733E+00 	 2.444444E+05
8.00000e+00	1.84833e-05 	 1.1 	 1.6803E-05 	 4.1074E+00 	 2.444444E+05
8.00000e+00	1.93837e-05 	 1.1 	 1.762155E-05 	 4.307489E+00 	 2.444444E+05
8.00000e+00	2.00850e-05 	 1.1 	 1.825909E-05 	 4.463333E+00 	 2.444444E+05
8.00000e+00	2.09333e-05 	 1.1 	 1.903027E-05 	 4.651844E+00 	 2.444444E+05
8.00000e+00	2.10782e-05 	 1.1 	 1.9162E-05 	 4.684044E+00 	 2.444444E+05
8.00000e+00	2.03530e-05 	 1.1 	 1.850273E-05 	 4.522889E+00 	 2.444444E+05
8.00000e+00	2.28370e-05 	 1.1 	 2.076091E-05 	 5.074889E+00 	 2.444444E+05
8.00000e+00	2.30399e-05 	 1.1 	 2.094536E-05 	 5.119978E+00 	 2.444444E+05
8.00000e+00	2.19431e-05 	 1.1 	 1.994827E-05 	 4.876244E+00 	 2.444444E+05
8.00000e+00	2.17133e-05 	 1.1 	 1.973936E-05 	 4.825178E+00 	 2.444444E+05
8.00000e+00	1.98996e-05 	 1.1 	 1.809055E-05 	 4.422133E+00 	 2.444444E+05
8.00000e+00	2.05219e-05 	 1.1 	 1.865627E-05 	 4.560422E+00 	 2.444444E+05
8.00000e+00	2.24080e-05 	 1.1 	 2.037091E-05 	 4.979556E+00 	 2.444444E+05
8.00000e+00	2.19467e-05 	 1.1 	 1.995155E-05 	 4.877044E+00 	 2.444444E+05
8.00000e+00	2.17816e-05 	 1.1 	 1.980145E-05 	 4.840356E+00 	 2.444444E+05
8.00000e+00	2.26382e-05 	 1.1 	 2.058018E-05 	 5.030711E+00 	 2.444444E+05
8.00000e+00	2.16718e-05 	 1.1 	 1.970164E-05 	 4.815956E+00 	 2.444444E+05
8.00000e+00	2.30040e-05 	 1.1 	 2.091273E-05 	 5.112E+00 	 2.444444E+05
8.00000e+00	2.16833e-05 	 1.1 	 1.971209E-05 	 4.818511E+00 	 2.444444E+05
8.00000e+00	2.22913e-05 	 1.1 	 2.026482E-05 	 4.953622E+00 	 2.444444E+05
8.00000e+00	2.34236e-05 	 1.1 	 2.129418E-05 	 5.205244E+00 	 2.444444E+05
8.00000e+00	2.40454e-05 	 1.1 	 2.185945E-05 	 5.343422E+00 	 2.444444E+05
8.00000e+00	2.17226e-05 	 1.1 	 1.974782E-05 	 4.827244E+00 	 2.444444E+05
8.00000e+00	2.35336e-05 	 1.1 	 2.139418E-05 	 5.229689E+00 	 2.444444E+05
8.00000e+00	2.37258e-05 	 1.1 	 2.156891E-05 	 5.2724E+00 	 2.444444E+05
8.00000e+00	2.42486e-05 	 1.1 	 2.204418E-05 	 5.388578E+00 	 2.444444E+05
8.00000e+00	2.20353e-05 	 1.1 	 2.003209E-05 	 4.896733E+00 	 2.444444E+05
8.00000e+00	2.08506e-05 	 1.1 	 1.895509E-05 	 4.633467E+00 	 2.444444E+05
8.00000e+00	2.30654e-05 	 1.1 	 2.096855E-05 	 5.125644E+00 	 2.444444E+05
8.00000e+00	2.26516e-05 	 1.1 	 2.059236E-05 	 5.033689E+00 	 2.444444E+05
8.00000e+00	2.45297e-05 	 1.1 	 2.229973E-05 	 5.451044E+00 	 2.444444E+05
8.00000e+00	2.27665e-05 	 1.1 	 2.069682E-05 	 5.059222E+00 	 2.444444E+05
8.00000e+00	2.13703e-05 	 1.1 	 1.942755E-05 	 4.748956E+00 	 2.444444E+05
8.00000e+00	2.26488e-05 	 1.1 	 2.058982E-05 	 5.033067E+00 	 2.444444E+05
8.00000e+00	2.17125e-05 	 1.1 	 1.973864E-05 	 4.825E+00 	 2.444444E+05
8.00000e+00	2.38557e-05 	 1.1 	 2.1687E-05 	 5.301267E+00 	 2.444444E+05
8.00000e+00	2.44844e-05 	 1.1 	 2.225855E-05 	 5.440978E+00 	 2.444444E+05
8.00000e+00	2.33581e-05 	 1.1 	 2.123464E-05 	 5.190689E+00 	 2.444444E+05
8.00000e+00	2.23349e-05 	 1.1 	 2.030445E-05 	 4.963311E+00 	 2.444444E+05
8.00000e+00	2.11265e-05 	 1.1 	 1.920591E-05 	 4.694778E+00 	 2.444444E+05
8.00000e+00	2.00965e-05 	 1.1 	 1.826955E-05 	 4.465889E+00 	 2.444444E+05
8.00000e+00	2.01506e-05 	 1.1 	 1.831873E-05 	 4.477911E+00 	 2.444444E+05
8.00000e+00	1.98712e-05 	 1.1 	 1.806473E-05 	 4.415822E+00 	 2.444444E+05
8.00000e+00	1.93156e-05 	 1.1 	 1.755964E-05 	 4.292356E+00 	 2.444444E+05
8.00000e+00	2.01931e-05 	 1.1 	 1.835736E-05 	 4.487356E+00 	 2.444444E+05
8.00000e+00	1.90714e-05 	 1.1 	 1.733764E-05 	 4.238089E+00 	 2.444444E+05
8.00000e+00	1.91511e-05 	 1.1 	 1.741009E-05 	 4.2558E+00 	 2.444444E+05
8.00000e+00	1.80234e-05 	 1.1 	 1.638491E-05 	 4.0052E+00 	 2.444444E+05
8.00000e+00	1.88290e-05 	 0.1 	 1.8829E-04 	 4.184222E+00 	 2.222222E+04
>>END<<
DATA: /home/user/PycharmProjects/OFET_K2636B_2019.10.15/data/Seria_G2_PT5100_P6_oled_ltp_000.txt
