V(__) I(__) lux CurrCoeff. CurrA/m^-2. lux/m^-1
0.00000e+00 8.76045e-13 0.1 8.76045E-12 1.946767E-07 2.222222E+04
5.00000e-01 1.53988e-07 0.1 1.53988E-06 3.421956E-02 2.222222E+04
1.00000e+00 3.19699e-07 0.1 3.19699E-06 7.104422E-02 2.222222E+04
1.50000e+00 5.44672e-07 0.1 5.44672E-06 1.210382E-01 2.222222E+04
2.00000e+00 7.71741e-07 0.1 7.71741E-06 1.71498E-01 2.222222E+04
2.50000e+00 1.02503e-06 0.1 1.02503E-05 2.277844E-01 2.222222E+04
3.00000e+00 1.31137e-06 0.1 1.31137E-05 2.914156E-01 2.222222E+04
3.50000e+00 1.92945e-06 0.1 1.92945E-05 4.287667E-01 2.222222E+04
4.00000e+00 3.47539e-06 0.1 3.47539E-05 7.723089E-01 2.222222E+04
4.50000e+00 5.90792e-06 1.1 5.370836E-06 1.312871E+00 2.444444E+05
5.00000e+00 8.84721e-06 3.1 2.853939E-06 1.966047E+00 6.888889E+05
5.50000e+00 1.52966e-05 5.1 2.999333E-06 3.399244E+00 1.133333E+06
6.00000e+00 2.43127e-05 10.1 2.407198E-06 5.402822E+00 2.244444E+06
6.50000e+00 3.83992e-05 16.2 2.370321E-06 8.533156E+00 3.6E+06
7.00000e+00 5.82595e-05 26.3 2.21519E-06 1.294656E+01 5.844444E+06
7.50000e+00 8.51217e-05 39.3 2.165947E-06 1.891593E+01 8.733333E+06
8.00000e+00 1.22864e-04 58.5 2.100239E-06 2.730311E+01 1.3E+07
8.50000e+00 1.73605e-04 83.6 2.076615E-06 3.857889E+01 1.857778E+07
9.00000e+00 2.40611e-04 114.8 2.095915E-06 5.346911E+01 2.551111E+07
9.50000e+00 3.22985e-04 154.1 2.095944E-06 7.177444E+01 3.424444E+07
1.00000e+01 4.26799e-04 204.13 2.09082E-06 9.484422E+01 4.536222E+07
1.05000e+01 5.58070e-04 262.17 2.128657E-06 1.240156E+02 5.826E+07
1.10000e+01 7.15946e-04 331.21 2.161607E-06 1.590991E+02 7.360222E+07
1.15000e+01 9.10767e-04 410.25 2.220029E-06 2.023927E+02 9.116667E+07
1.20000e+01 1.14537e-03 499.31 2.293906E-06 2.545267E+02 1.109578E+08
1.25000e+01 1.43003e-03 600.36 2.381954E-06 3.177844E+02 1.334133E+08
1.30000e+01 1.77195e-03 710.43 2.494194E-06 3.937667E+02 1.578733E+08
1.35000e+01 2.18404e-03 837.5 2.607809E-06 4.853422E+02 1.861111E+08
1.40000e+01 2.71011e-03 983.59 2.755325E-06 6.022467E+02 2.185756E+08
1.45000e+01 3.36475e-03 1144.68 2.939468E-06 7.477222E+02 2.543733E+08
1.50000e+01 4.49489e-03 1429.85 3.143609E-06 9.988644E+02 3.177444E+08
1.55000e+01 5.51404e-03 1618.97 3.405894E-06 1.225342E+03 3.597711E+08
1.60000e+01 6.67151e-03 1792.108 3.722716E-06 1.482558E+03 3.982462E+08
1.65000e+01 7.86404e-03 1936.118 4.061757E-06 1.747564E+03 4.302484E+08
1.70000e+01 9.44278e-03 2097.129 4.502718E-06 2.098396E+03 4.660287E+08
1.70000e+01 9.15397e-03 1863.118 4.913253E-06 2.034216E+03 4.140262E+08
1.65000e+01 7.21826e-03 1398.91 5.159917E-06 1.604058E+03 3.108689E+08
1.60000e+01 5.55991e-03 1054.7 5.271556E-06 1.235536E+03 2.343778E+08
1.55000e+01 4.23695e-03 798.54 5.305871E-06 9.415444E+02 1.774533E+08
1.50000e+01 3.19782e-03 602.42 5.30829E-06 7.106267E+02 1.338711E+08
1.45000e+01 2.39005e-03 452.32 5.28398E-06 5.311222E+02 1.005156E+08
1.40000e+01 1.77016e-03 337.24 5.248962E-06 3.933689E+02 7.494222E+07
1.35000e+01 1.29806e-03 249.18 5.209327E-06 2.884578E+02 5.537333E+07
1.30000e+01 9.40045e-04 182.14 5.161112E-06 2.088989E+02 4.047556E+07
1.25000e+01 6.76734e-04 132.1 5.122892E-06 1.503853E+02 2.935556E+07
1.20000e+01 4.81549e-04 94.8 5.079631E-06 1.070109E+02 2.106667E+07
1.15000e+01 3.38844e-04 66.6 5.087748E-06 7.529867E+01 1.48E+07
1.10000e+01 2.35699e-04 46.4 5.07972E-06 5.237756E+01 1.031111E+07
1.05000e+01 1.61945e-04 32.3 5.013777E-06 3.598778E+01 7.177778E+06
1.00000e+01 1.09985e-04 22.2 4.954279E-06 2.444111E+01 4.933333E+06
9.50000e+00 7.36482e-05 14.2 5.186493E-06 1.636627E+01 3.155556E+06
9.00000e+00 4.88132e-05 9.1 5.364088E-06 1.084738E+01 2.022222E+06
8.50000e+00 3.20138e-05 6.1 5.248164E-06 7.114178E+00 1.355556E+06
8.00000e+00 2.08447e-05 4.1 5.084073E-06 4.632156E+00 9.111111E+05
7.50000e+00 1.35440e-05 2.1 6.449524E-06 3.009778E+00 4.666667E+05
7.00000e+00 8.84824e-06 1.1 8.043855E-06 1.966276E+00 2.444444E+05
6.50000e+00 5.88746e-06 1.1 5.352236E-06 1.308324E+00 2.444444E+05
6.00000e+00 4.01178e-06 0.1 4.01178E-05 8.915067E-01 2.222222E+04
5.50000e+00 2.79993e-06 0.1 2.79993E-05 6.222067E-01 2.222222E+04
5.00000e+00 2.00243e-06 0.1 2.00243E-05 4.449844E-01 2.222222E+04
4.50000e+00 1.54191e-06 0.1 1.54191E-05 3.426467E-01 2.222222E+04
4.00000e+00 1.26940e-06 0.1 1.2694E-05 2.820889E-01 2.222222E+04
3.50000e+00 1.08035e-06 0.1 1.08035E-05 2.400778E-01 2.222222E+04
3.00000e+00 9.13184e-07 0.1 9.13184E-06 2.029298E-01 2.222222E+04
2.50000e+00 7.53351e-07 0.1 7.53351E-06 1.674113E-01 2.222222E+04
2.00000e+00 5.92932e-07 0.1 5.92932E-06 1.317627E-01 2.222222E+04
1.50000e+00 4.40279e-07 0.1 4.40279E-06 9.783978E-02 2.222222E+04
1.00000e+00 2.87417e-07 0.1 2.87417E-06 6.387044E-02 2.222222E+04
5.00000e-01 1.40660e-07 0.1 1.4066E-06 3.125778E-02 2.222222E+04
0.00000e+00 -5.67441e-11 0.1 -5.67441E-10 -1.26098E-05 2.222222E+04
     
