>>head<<V(__) 	 I(__) 	 lux 	 CurrCoeff. 	 CurrA/m^-2. 	 lux/m^-1
0.00000e+00	-7.15271e-08 	 0.1 	 -7.15271E-07 	 -1.589491E-02 	 2.222222E+04
5.00000e-01	2.58823e-03 	 0.1 	 2.58823E-02 	 5.751622E+02 	 2.222222E+04
1.00000e+00	5.88467e-03 	 0.1 	 5.88467E-02 	 1.307704E+03 	 2.222222E+04
1.50000e+00	8.70291e-03 	 0.1 	 8.70291E-02 	 1.93398E+03 	 2.222222E+04
2.00000e+00	9.85230e-03 	 0.1 	 9.8523E-02 	 2.1894E+03 	 2.222222E+04
2.50000e+00	1.02628e-02 	 0.1 	 1.02628E-01 	 2.280622E+03 	 2.222222E+04
3.00000e+00	1.19459e-02 	 0.1 	 1.19459E-01 	 2.654644E+03 	 2.222222E+04
3.50000e+00	1.56151e-02 	 0.1 	 1.56151E-01 	 3.470022E+03 	 2.222222E+04
4.00000e+00	2.81931e-02 	 0.1 	 2.81931E-01 	 6.265133E+03 	 2.222222E+04
4.50000e+00	3.52169e-02 	 0.1 	 3.52169E-01 	 7.825978E+03 	 2.222222E+04
5.00000e+00	4.19989e-02 	 0.1 	 4.19989E-01 	 9.333089E+03 	 2.222222E+04
5.50000e+00	4.86841e-02 	 0.1 	 4.86841E-01 	 1.081869E+04 	 2.222222E+04
6.00000e+00	5.52465e-02 	 0.1 	 5.52465E-01 	 1.2277E+04 	 2.222222E+04
6.50000e+00	4.96043e-02 	 1.1 	 4.509482E-02 	 1.102318E+04 	 2.444444E+05
7.00000e+00	6.53165e-02 	 1.1 	 5.937864E-02 	 1.451478E+04 	 2.444444E+05
7.50000e+00	8.22039e-02 	 0.1 	 8.22039E-01 	 1.826753E+04 	 2.222222E+04
8.00000e+00	8.45127e-02 	 0.1 	 8.45127E-01 	 1.87806E+04 	 2.222222E+04
8.50000e+00	9.09928e-02 	 1.2 	 7.582733E-02 	 2.022062E+04 	 2.666667E+05
9.00000e+00	9.87879e-02 	 1.1 	 8.980718E-02 	 2.195287E+04 	 2.444444E+05
9.50000e+00	9.99949e-02 	 1.1 	 9.090445E-02 	 2.222109E+04 	 2.444444E+05
1.00000e+01	9.99948e-02 	 1.2 	 8.3329E-02 	 2.222107E+04 	 2.666667E+05
1.05000e+01	9.99948e-02 	 1.1 	 9.090436E-02 	 2.222107E+04 	 2.444444E+05
1.10000e+01	9.99950e-02 	 1.1 	 9.090455E-02 	 2.222111E+04 	 2.444444E+05
1.15000e+01	9.99949e-02 	 1.1 	 9.090445E-02 	 2.222109E+04 	 2.444444E+05
1.20000e+01	9.99948e-02 	 1.1 	 9.090436E-02 	 2.222107E+04 	 2.444444E+05
1.25000e+01	9.99948e-02 	 1.2 	 8.3329E-02 	 2.222107E+04 	 2.666667E+05
1.30000e+01	9.99949e-02 	 1.1 	 9.090445E-02 	 2.222109E+04 	 2.444444E+05
1.35000e+01	9.99949e-02 	 1.1 	 9.090445E-02 	 2.222109E+04 	 2.444444E+05
1.40000e+01	9.99950e-02 	 1.2 	 8.332917E-02 	 2.222111E+04 	 2.666667E+05
1.45000e+01	9.99948e-02 	 1.2 	 8.3329E-02 	 2.222107E+04 	 2.666667E+05
1.50000e+01	9.99949e-02 	 1.1 	 9.090445E-02 	 2.222109E+04 	 2.444444E+05
1.55000e+01	9.99952e-02 	 1.1 	 9.090473E-02 	 2.222116E+04 	 2.444444E+05
1.60000e+01	9.99949e-02 	 1.1 	 9.090445E-02 	 2.222109E+04 	 2.444444E+05
1.65000e+01	9.99950e-02 	 0.1 	 9.9995E-01 	 2.222111E+04 	 2.222222E+04
1.70000e+01	9.99952e-02 	 0.1 	 9.99952E-01 	 2.222116E+04 	 2.222222E+04
1.75000e+01	9.99950e-02 	 0.1 	 9.9995E-01 	 2.222111E+04 	 2.222222E+04
1.80000e+01	9.99949e-02 	 0.1 	 9.99949E-01 	 2.222109E+04 	 2.222222E+04
1.85000e+01	9.99950e-02 	 0.1 	 9.9995E-01 	 2.222111E+04 	 2.222222E+04
1.90000e+01	9.99950e-02 	 0.1 	 9.9995E-01 	 2.222111E+04 	 2.222222E+04
1.95000e+01	9.99951e-02 	 0.1 	 9.99951E-01 	 2.222113E+04 	 2.222222E+04
2.00000e+01	9.99952e-02 	 0.1 	 9.99952E-01 	 2.222116E+04 	 2.222222E+04
2.00000e+01	9.99951e-02 	 0.1 	 9.99951E-01 	 2.222113E+04 	 2.222222E+04
1.95000e+01	9.99954e-02 	 0.1 	 9.99954E-01 	 2.22212E+04 	 2.222222E+04
1.90000e+01	9.99953e-02 	 0.1 	 9.99953E-01 	 2.222118E+04 	 2.222222E+04
1.85000e+01	9.99953e-02 	 1.1 	 9.090482E-02 	 2.222118E+04 	 2.444444E+05
1.80000e+01	9.99952e-02 	 0.1 	 9.99952E-01 	 2.222116E+04 	 2.222222E+04
1.75000e+01	9.99952e-02 	 0.1 	 9.99952E-01 	 2.222116E+04 	 2.222222E+04
1.70000e+01	9.99953e-02 	 0.1 	 9.99953E-01 	 2.222118E+04 	 2.222222E+04
1.65000e+01	9.99952e-02 	 0.1 	 9.99952E-01 	 2.222116E+04 	 2.222222E+04
1.60000e+01	9.99951e-02 	 0.1 	 9.99951E-01 	 2.222113E+04 	 2.222222E+04
1.55000e+01	9.99950e-02 	 0.1 	 9.9995E-01 	 2.222111E+04 	 2.222222E+04
1.50000e+01	9.99949e-02 	 0.1 	 9.99949E-01 	 2.222109E+04 	 2.222222E+04
1.45000e+01	9.99950e-02 	 0.1 	 9.9995E-01 	 2.222111E+04 	 2.222222E+04
1.40000e+01	9.99952e-02 	 0.1 	 9.99952E-01 	 2.222116E+04 	 2.222222E+04
1.35000e+01	9.99950e-02 	 0.1 	 9.9995E-01 	 2.222111E+04 	 2.222222E+04
1.30000e+01	9.99946e-02 	 0.1 	 9.99946E-01 	 2.222102E+04 	 2.222222E+04
1.25000e+01	9.99950e-02 	 1.1 	 9.090455E-02 	 2.222111E+04 	 2.444444E+05
1.20000e+01	9.99950e-02 	 1.1 	 9.090455E-02 	 2.222111E+04 	 2.444444E+05
1.15000e+01	9.99947e-02 	 1.1 	 9.090427E-02 	 2.222104E+04 	 2.444444E+05
1.10000e+01	9.99944e-02 	 1.1 	 9.0904E-02 	 2.222098E+04 	 2.444444E+05
1.05000e+01	9.99947e-02 	 1.1 	 9.090427E-02 	 2.222104E+04 	 2.444444E+05
1.00000e+01	9.99947e-02 	 0.1 	 9.99947E-01 	 2.222104E+04 	 2.222222E+04
9.50000e+00	9.99945e-02 	 1.1 	 9.090409E-02 	 2.2221E+04 	 2.444444E+05
9.00000e+00	9.80067e-02 	 1.1 	 8.9097E-02 	 2.177927E+04 	 2.444444E+05
8.50000e+00	9.11760e-02 	 0.1 	 9.1176E-01 	 2.026133E+04 	 2.222222E+04
8.00000e+00	8.65477e-02 	 0.1 	 8.65477E-01 	 1.923282E+04 	 2.222222E+04
7.50000e+00	7.95565e-02 	 0.1 	 7.95565E-01 	 1.767922E+04 	 2.222222E+04
7.00000e+00	7.34105e-02 	 0.1 	 7.34105E-01 	 1.631344E+04 	 2.222222E+04
6.50000e+00	6.70842e-02 	 0.1 	 6.70842E-01 	 1.49076E+04 	 2.222222E+04
6.00000e+00	6.03232e-02 	 0.1 	 6.03232E-01 	 1.340516E+04 	 2.222222E+04
5.50000e+00	5.44032e-02 	 0.1 	 5.44032E-01 	 1.20896E+04 	 2.222222E+04
5.00000e+00	4.76825e-02 	 0.1 	 4.76825E-01 	 1.059611E+04 	 2.222222E+04
4.50000e+00	4.11920e-02 	 0.1 	 4.1192E-01 	 9.153778E+03 	 2.222222E+04
4.00000e+00	3.53791e-02 	 0.1 	 3.53791E-01 	 7.862022E+03 	 2.222222E+04
3.50000e+00	2.97689e-02 	 0.1 	 2.97689E-01 	 6.615311E+03 	 2.222222E+04
3.00000e+00	2.42066e-02 	 0.1 	 2.42066E-01 	 5.379244E+03 	 2.222222E+04
2.50000e+00	1.93793e-02 	 0.1 	 1.93793E-01 	 4.306511E+03 	 2.222222E+04
2.00000e+00	1.41134e-02 	 0.1 	 1.41134E-01 	 3.136311E+03 	 2.222222E+04
1.50000e+00	9.74378e-03 	 0.1 	 9.74378E-02 	 2.165284E+03 	 2.222222E+04
1.00000e+00	5.48671e-03 	 0.1 	 5.48671E-02 	 1.219269E+03 	 2.222222E+04
5.00000e-01	2.31509e-03 	 0.1 	 2.31509E-02 	 5.144644E+02 	 2.222222E+04
0.00000e+00	1.97370e-06 	 0.1 	 1.9737E-05 	 4.386E-01 	 2.222222E+04
>>END<<
DATA: /home/user/PycharmProjects/OFET_K2636B_2019.10.15/data/Seria_G2_PT5100_P3_oled_000.txt
