>>head<<V(__) 	 I(__) 	 lux 	 CurrCoeff. 	 CurrA/m^-2. 	 lux/m^-1
1.00000e+01	1.13608e-04 	 19.2 	 5.917083E-06 	 2.524622E+01 	 4.266667E+06
1.00000e+01	1.09526e-04 	 18.2 	 6.017912E-06 	 2.433911E+01 	 4.044444E+06
1.00000e+01	1.07226e-04 	 18.2 	 5.891538E-06 	 2.3828E+01 	 4.044444E+06
1.00000e+01	1.05701e-04 	 17.2 	 6.145407E-06 	 2.348911E+01 	 3.822222E+06
1.00000e+01	1.04543e-04 	 17.2 	 6.078081E-06 	 2.323178E+01 	 3.822222E+06
1.00000e+01	1.03592e-04 	 17.2 	 6.022791E-06 	 2.302044E+01 	 3.822222E+06
1.00000e+01	1.02717e-04 	 17.2 	 5.971919E-06 	 2.2826E+01 	 3.822222E+06
1.00000e+01	1.02031e-04 	 17.2 	 5.932035E-06 	 2.267356E+01 	 3.822222E+06
1.00000e+01	1.01424e-04 	 16.2 	 6.260741E-06 	 2.253867E+01 	 3.6E+06
1.00000e+01	1.00802e-04 	 16.2 	 6.222346E-06 	 2.240044E+01 	 3.6E+06
1.00000e+01	1.00245e-04 	 16.2 	 6.187963E-06 	 2.227667E+01 	 3.6E+06
1.00000e+01	9.96182e-05 	 16.2 	 6.149272E-06 	 2.213738E+01 	 3.6E+06
1.00000e+01	9.91577e-05 	 16.2 	 6.120846E-06 	 2.203504E+01 	 3.6E+06
1.00000e+01	9.86987e-05 	 16.2 	 6.092512E-06 	 2.193304E+01 	 3.6E+06
1.00000e+01	9.82220e-05 	 16.2 	 6.063086E-06 	 2.182711E+01 	 3.6E+06
1.00000e+01	9.78302e-05 	 16.2 	 6.038901E-06 	 2.174004E+01 	 3.6E+06
1.00000e+01	9.74099e-05 	 16.2 	 6.012957E-06 	 2.164664E+01 	 3.6E+06
1.00000e+01	9.70236e-05 	 15.2 	 6.383132E-06 	 2.15608E+01 	 3.377778E+06
1.00000e+01	9.67141e-05 	 15.2 	 6.36277E-06 	 2.149202E+01 	 3.377778E+06
1.00000e+01	9.63743e-05 	 15.2 	 6.340414E-06 	 2.141651E+01 	 3.377778E+06
1.00000e+01	9.60570e-05 	 15.2 	 6.319539E-06 	 2.1346E+01 	 3.377778E+06
1.00000e+01	9.57011e-05 	 15.2 	 6.296125E-06 	 2.126691E+01 	 3.377778E+06
1.00000e+01	9.53419e-05 	 15.2 	 6.272493E-06 	 2.118709E+01 	 3.377778E+06
1.00000e+01	9.50679e-05 	 15.2 	 6.254467E-06 	 2.11262E+01 	 3.377778E+06
1.00000e+01	9.47689e-05 	 15.2 	 6.234796E-06 	 2.105976E+01 	 3.377778E+06
1.00000e+01	9.44697e-05 	 15.2 	 6.215112E-06 	 2.099327E+01 	 3.377778E+06
1.00000e+01	9.42208e-05 	 15.2 	 6.198737E-06 	 2.093796E+01 	 3.377778E+06
1.00000e+01	9.39275e-05 	 15.2 	 6.179441E-06 	 2.087278E+01 	 3.377778E+06
1.00000e+01	9.36449e-05 	 15.2 	 6.160849E-06 	 2.080998E+01 	 3.377778E+06
1.00000e+01	9.33999e-05 	 15.2 	 6.14473E-06 	 2.075553E+01 	 3.377778E+06
1.00000e+01	9.31489e-05 	 15.2 	 6.128217E-06 	 2.069976E+01 	 3.377778E+06
1.00000e+01	9.28569e-05 	 15.2 	 6.109007E-06 	 2.063487E+01 	 3.377778E+06
1.00000e+01	9.26679e-05 	 15.2 	 6.096572E-06 	 2.059287E+01 	 3.377778E+06
1.00000e+01	9.24022e-05 	 15.2 	 6.079092E-06 	 2.053382E+01 	 3.377778E+06
1.00000e+01	9.21454e-05 	 15.2 	 6.062197E-06 	 2.047676E+01 	 3.377778E+06
1.00000e+01	9.19407e-05 	 14.2 	 6.474697E-06 	 2.043127E+01 	 3.155556E+06
1.00000e+01	9.17733e-05 	 14.2 	 6.462908E-06 	 2.039407E+01 	 3.155556E+06
1.00000e+01	9.14721e-05 	 14.2 	 6.441697E-06 	 2.032713E+01 	 3.155556E+06
1.00000e+01	9.12836e-05 	 14.2 	 6.428423E-06 	 2.028524E+01 	 3.155556E+06
1.00000e+01	9.10639e-05 	 14.2 	 6.412951E-06 	 2.023642E+01 	 3.155556E+06
1.00000e+01	9.09172e-05 	 14.2 	 6.40262E-06 	 2.020382E+01 	 3.155556E+06
1.00000e+01	9.07127e-05 	 14.2 	 6.388218E-06 	 2.015838E+01 	 3.155556E+06
1.00000e+01	9.04619e-05 	 14.2 	 6.370556E-06 	 2.010264E+01 	 3.155556E+06
1.00000e+01	9.02493e-05 	 14.2 	 6.355585E-06 	 2.00554E+01 	 3.155556E+06
1.00000e+01	9.00763e-05 	 14.2 	 6.343401E-06 	 2.001696E+01 	 3.155556E+06
1.00000e+01	8.98478e-05 	 14.2 	 6.32731E-06 	 1.996618E+01 	 3.155556E+06
1.00000e+01	8.96612e-05 	 14.2 	 6.314169E-06 	 1.992471E+01 	 3.155556E+06
1.00000e+01	8.95221e-05 	 14.2 	 6.304373E-06 	 1.98938E+01 	 3.155556E+06
1.00000e+01	8.92958e-05 	 14.2 	 6.288437E-06 	 1.984351E+01 	 3.155556E+06
1.00000e+01	8.91830e-05 	 14.2 	 6.280493E-06 	 1.981844E+01 	 3.155556E+06
1.00000e+01	8.89592e-05 	 14.2 	 6.264732E-06 	 1.976871E+01 	 3.155556E+06
1.00000e+01	8.87641e-05 	 14.2 	 6.250993E-06 	 1.972536E+01 	 3.155556E+06
1.00000e+01	8.86907e-05 	 14.2 	 6.245824E-06 	 1.970904E+01 	 3.155556E+06
1.00000e+01	8.84677e-05 	 14.2 	 6.23012E-06 	 1.965949E+01 	 3.155556E+06
1.00000e+01	8.83309e-05 	 14.2 	 6.220486E-06 	 1.962909E+01 	 3.155556E+06
1.00000e+01	8.81363e-05 	 14.2 	 6.206782E-06 	 1.958584E+01 	 3.155556E+06
1.00000e+01	8.80208e-05 	 14.2 	 6.198648E-06 	 1.956018E+01 	 3.155556E+06
1.00000e+01	8.77725e-05 	 14.2 	 6.181162E-06 	 1.9505E+01 	 3.155556E+06
1.00000e+01	8.76806e-05 	 14.2 	 6.17469E-06 	 1.948458E+01 	 3.155556E+06
1.00000e+01	8.75140e-05 	 14.2 	 6.162958E-06 	 1.944756E+01 	 3.155556E+06
1.00000e+01	8.73673e-05 	 14.2 	 6.152627E-06 	 1.941496E+01 	 3.155556E+06
1.00000e+01	8.72344e-05 	 14.2 	 6.143268E-06 	 1.938542E+01 	 3.155556E+06
1.00000e+01	8.70293e-05 	 13.2 	 6.593129E-06 	 1.933984E+01 	 2.933333E+06
1.00000e+01	8.69128e-05 	 13.2 	 6.584303E-06 	 1.931396E+01 	 2.933333E+06
1.00000e+01	8.67628e-05 	 13.2 	 6.572939E-06 	 1.928062E+01 	 2.933333E+06
1.00000e+01	8.65695e-05 	 13.2 	 6.558295E-06 	 1.923767E+01 	 2.933333E+06
1.00000e+01	8.64120e-05 	 13.2 	 6.546364E-06 	 1.920267E+01 	 2.933333E+06
1.00000e+01	8.63195e-05 	 13.2 	 6.539356E-06 	 1.918211E+01 	 2.933333E+06
1.00000e+01	8.61220e-05 	 13.2 	 6.524394E-06 	 1.913822E+01 	 2.933333E+06
1.00000e+01	8.60495e-05 	 13.2 	 6.518902E-06 	 1.912211E+01 	 2.933333E+06
1.00000e+01	8.59745e-05 	 13.2 	 6.51322E-06 	 1.910544E+01 	 2.933333E+06
1.00000e+01	8.58430e-05 	 13.2 	 6.503258E-06 	 1.907622E+01 	 2.933333E+06
1.00000e+01	8.56889e-05 	 13.2 	 6.491583E-06 	 1.904198E+01 	 2.933333E+06
1.00000e+01	8.55593e-05 	 13.2 	 6.481765E-06 	 1.901318E+01 	 2.933333E+06
1.00000e+01	8.54704e-05 	 13.2 	 6.47503E-06 	 1.899342E+01 	 2.933333E+06
1.00000e+01	8.53023e-05 	 13.2 	 6.462295E-06 	 1.895607E+01 	 2.933333E+06
1.00000e+01	8.52108e-05 	 13.2 	 6.455364E-06 	 1.893573E+01 	 2.933333E+06
1.00000e+01	8.50924e-05 	 13.2 	 6.446394E-06 	 1.890942E+01 	 2.933333E+06
1.00000e+01	8.49803e-05 	 13.2 	 6.437902E-06 	 1.888451E+01 	 2.933333E+06
1.00000e+01	8.48807e-05 	 13.2 	 6.430356E-06 	 1.886238E+01 	 2.933333E+06
1.00000e+01	8.47449e-05 	 13.2 	 6.420068E-06 	 1.88322E+01 	 2.933333E+06
1.00000e+01	8.46238e-05 	 13.2 	 6.410894E-06 	 1.880529E+01 	 2.933333E+06
1.00000e+01	8.45020e-05 	 13.2 	 6.401667E-06 	 1.877822E+01 	 2.933333E+06
1.00000e+01	8.43537e-05 	 13.2 	 6.390432E-06 	 1.874527E+01 	 2.933333E+06
1.00000e+01	8.42593e-05 	 13.2 	 6.38328E-06 	 1.872429E+01 	 2.933333E+06
1.00000e+01	8.41350e-05 	 13.2 	 6.373864E-06 	 1.869667E+01 	 2.933333E+06
1.00000e+01	8.40286e-05 	 13.2 	 6.365803E-06 	 1.867302E+01 	 2.933333E+06
1.00000e+01	8.38896e-05 	 13.2 	 6.355273E-06 	 1.864213E+01 	 2.933333E+06
1.00000e+01	8.37941e-05 	 13.2 	 6.348038E-06 	 1.862091E+01 	 2.933333E+06
1.00000e+01	8.37666e-05 	 13.2 	 6.345955E-06 	 1.86148E+01 	 2.933333E+06
1.00000e+01	8.35891e-05 	 13.2 	 6.332508E-06 	 1.857536E+01 	 2.933333E+06
1.00000e+01	8.34182e-05 	 13.2 	 6.319561E-06 	 1.853738E+01 	 2.933333E+06
1.00000e+01	8.32858e-05 	 13.2 	 6.30953E-06 	 1.850796E+01 	 2.933333E+06
1.00000e+01	8.31991e-05 	 13.2 	 6.302962E-06 	 1.848869E+01 	 2.933333E+06
1.00000e+01	8.31137e-05 	 13.2 	 6.296492E-06 	 1.846971E+01 	 2.933333E+06
1.00000e+01	8.29846e-05 	 13.2 	 6.286712E-06 	 1.844102E+01 	 2.933333E+06
1.00000e+01	8.29246e-05 	 13.2 	 6.282167E-06 	 1.842769E+01 	 2.933333E+06
1.00000e+01	8.28070e-05 	 13.2 	 6.273258E-06 	 1.840156E+01 	 2.933333E+06
1.00000e+01	8.27184e-05 	 13.2 	 6.266545E-06 	 1.838187E+01 	 2.933333E+06
1.00000e+01	8.24867e-05 	 13.2 	 6.248992E-06 	 1.833038E+01 	 2.933333E+06
1.00000e+01	8.23901e-05 	 13.2 	 6.241674E-06 	 1.830891E+01 	 2.933333E+06
1.00000e+01	8.23088e-05 	 13.2 	 6.235515E-06 	 1.829084E+01 	 2.933333E+06
1.00000e+01	8.21941e-05 	 13.2 	 6.226826E-06 	 1.826536E+01 	 2.933333E+06
1.00000e+01	8.21204e-05 	 12.2 	 6.73118E-06 	 1.824898E+01 	 2.711111E+06
1.00000e+01	8.20419e-05 	 12.2 	 6.724746E-06 	 1.823153E+01 	 2.711111E+06
1.00000e+01	8.19599e-05 	 12.2 	 6.718025E-06 	 1.821331E+01 	 2.711111E+06
1.00000e+01	8.18353e-05 	 12.2 	 6.707811E-06 	 1.818562E+01 	 2.711111E+06
1.00000e+01	8.17207e-05 	 12.2 	 6.698418E-06 	 1.816016E+01 	 2.711111E+06
1.00000e+01	8.16189e-05 	 12.2 	 6.690074E-06 	 1.813753E+01 	 2.711111E+06
1.00000e+01	8.15171e-05 	 12.2 	 6.68173E-06 	 1.811491E+01 	 2.711111E+06
1.00000e+01	8.14855e-05 	 12.2 	 6.679139E-06 	 1.810789E+01 	 2.711111E+06
1.00000e+01	8.13735e-05 	 12.2 	 6.669959E-06 	 1.8083E+01 	 2.711111E+06
1.00000e+01	8.12617e-05 	 12.2 	 6.660795E-06 	 1.805816E+01 	 2.711111E+06
1.00000e+01	8.11818e-05 	 12.2 	 6.654246E-06 	 1.80404E+01 	 2.711111E+06
1.00000e+01	8.10549e-05 	 12.2 	 6.643844E-06 	 1.80122E+01 	 2.711111E+06
1.00000e+01	8.09627e-05 	 12.2 	 6.636287E-06 	 1.799171E+01 	 2.711111E+06
1.00000e+01	8.08797e-05 	 12.2 	 6.629484E-06 	 1.797327E+01 	 2.711111E+06
1.00000e+01	8.08254e-05 	 12.2 	 6.625033E-06 	 1.79612E+01 	 2.711111E+06
1.00000e+01	8.07016e-05 	 12.2 	 6.614885E-06 	 1.793369E+01 	 2.711111E+06
1.00000e+01	8.05973e-05 	 12.2 	 6.606336E-06 	 1.791051E+01 	 2.711111E+06
1.00000e+01	8.04881e-05 	 12.2 	 6.597385E-06 	 1.788624E+01 	 2.711111E+06
1.00000e+01	8.04067e-05 	 12.2 	 6.590713E-06 	 1.786816E+01 	 2.711111E+06
1.00000e+01	8.02721e-05 	 12.2 	 6.57968E-06 	 1.783824E+01 	 2.711111E+06
1.00000e+01	8.02247e-05 	 12.2 	 6.575795E-06 	 1.782771E+01 	 2.711111E+06
1.00000e+01	8.01240e-05 	 12.2 	 6.567541E-06 	 1.780533E+01 	 2.711111E+06
1.00000e+01	8.00783e-05 	 12.2 	 6.563795E-06 	 1.779518E+01 	 2.711111E+06
1.00000e+01	7.99777e-05 	 12.2 	 6.555549E-06 	 1.777282E+01 	 2.711111E+06
1.00000e+01	7.98614e-05 	 12.2 	 6.546016E-06 	 1.774698E+01 	 2.711111E+06
1.00000e+01	7.98347e-05 	 12.2 	 6.543828E-06 	 1.774104E+01 	 2.711111E+06
1.00000e+01	7.97206e-05 	 12.2 	 6.534475E-06 	 1.771569E+01 	 2.711111E+06
1.00000e+01	7.97106e-05 	 12.2 	 6.533656E-06 	 1.771347E+01 	 2.711111E+06
1.00000e+01	7.95283e-05 	 12.2 	 6.518713E-06 	 1.767296E+01 	 2.711111E+06
1.00000e+01	7.95102e-05 	 12.2 	 6.51723E-06 	 1.766893E+01 	 2.711111E+06
1.00000e+01	7.94085e-05 	 12.2 	 6.508893E-06 	 1.764633E+01 	 2.711111E+06
1.00000e+01	7.93132e-05 	 12.2 	 6.501082E-06 	 1.762516E+01 	 2.711111E+06
1.00000e+01	7.92767e-05 	 12.2 	 6.49809E-06 	 1.761704E+01 	 2.711111E+06
1.00000e+01	7.91334e-05 	 12.2 	 6.486344E-06 	 1.75852E+01 	 2.711111E+06
1.00000e+01	7.90816e-05 	 12.2 	 6.482098E-06 	 1.757369E+01 	 2.711111E+06
1.00000e+01	7.90170e-05 	 12.2 	 6.476803E-06 	 1.755933E+01 	 2.711111E+06
1.00000e+01	7.89115e-05 	 12.2 	 6.468156E-06 	 1.753589E+01 	 2.711111E+06
1.00000e+01	7.88455e-05 	 12.2 	 6.462746E-06 	 1.752122E+01 	 2.711111E+06
1.00000e+01	7.87446e-05 	 12.2 	 6.454475E-06 	 1.74988E+01 	 2.711111E+06
1.00000e+01	7.86654e-05 	 12.2 	 6.447984E-06 	 1.74812E+01 	 2.711111E+06
1.00000e+01	7.85686e-05 	 12.2 	 6.440049E-06 	 1.745969E+01 	 2.711111E+06
1.00000e+01	7.85241e-05 	 12.2 	 6.436402E-06 	 1.74498E+01 	 2.711111E+06
1.00000e+01	7.84775e-05 	 12.2 	 6.432582E-06 	 1.743944E+01 	 2.711111E+06
1.00000e+01	7.83855e-05 	 12.2 	 6.425041E-06 	 1.7419E+01 	 2.711111E+06
1.00000e+01	7.82834e-05 	 12.2 	 6.416672E-06 	 1.739631E+01 	 2.711111E+06
1.00000e+01	7.82777e-05 	 12.2 	 6.416205E-06 	 1.739504E+01 	 2.711111E+06
1.00000e+01	7.81832e-05 	 12.2 	 6.408459E-06 	 1.737404E+01 	 2.711111E+06
1.00000e+01	7.81215e-05 	 12.2 	 6.403402E-06 	 1.736033E+01 	 2.711111E+06
1.00000e+01	7.80673e-05 	 12.2 	 6.398959E-06 	 1.734829E+01 	 2.711111E+06
1.00000e+01	7.79778e-05 	 12.2 	 6.391623E-06 	 1.73284E+01 	 2.711111E+06
1.00000e+01	7.79104e-05 	 12.2 	 6.386098E-06 	 1.731342E+01 	 2.711111E+06
1.00000e+01	7.78725e-05 	 12.2 	 6.382992E-06 	 1.7305E+01 	 2.711111E+06
1.00000e+01	7.77752e-05 	 12.2 	 6.375016E-06 	 1.728338E+01 	 2.711111E+06
1.00000e+01	7.77173e-05 	 12.2 	 6.37027E-06 	 1.727051E+01 	 2.711111E+06
1.00000e+01	7.76300e-05 	 12.2 	 6.363115E-06 	 1.725111E+01 	 2.711111E+06
1.00000e+01	7.75433e-05 	 12.2 	 6.356008E-06 	 1.723184E+01 	 2.711111E+06
1.00000e+01	7.74984e-05 	 12.2 	 6.352328E-06 	 1.722187E+01 	 2.711111E+06
1.00000e+01	7.73865e-05 	 12.2 	 6.343156E-06 	 1.7197E+01 	 2.711111E+06
1.00000e+01	7.73327e-05 	 12.2 	 6.338746E-06 	 1.718504E+01 	 2.711111E+06
1.00000e+01	7.72326e-05 	 12.2 	 6.330541E-06 	 1.71628E+01 	 2.711111E+06
1.00000e+01	7.70962e-05 	 12.2 	 6.319361E-06 	 1.713249E+01 	 2.711111E+06
1.00000e+01	7.70375e-05 	 11.2 	 6.878348E-06 	 1.711944E+01 	 2.488889E+06
1.00000e+01	7.69827e-05 	 11.2 	 6.873455E-06 	 1.710727E+01 	 2.488889E+06
1.00000e+01	7.69265e-05 	 11.2 	 6.868438E-06 	 1.709478E+01 	 2.488889E+06
1.00000e+01	7.68276e-05 	 11.2 	 6.859607E-06 	 1.70728E+01 	 2.488889E+06
1.00000e+01	7.67839e-05 	 11.2 	 6.855705E-06 	 1.706309E+01 	 2.488889E+06
1.00000e+01	7.67241e-05 	 11.2 	 6.850366E-06 	 1.70498E+01 	 2.488889E+06
1.00000e+01	7.66699e-05 	 11.2 	 6.845527E-06 	 1.703776E+01 	 2.488889E+06
1.00000e+01	7.66134e-05 	 11.2 	 6.840482E-06 	 1.70252E+01 	 2.488889E+06
1.00000e+01	7.65452e-05 	 11.2 	 6.834393E-06 	 1.701004E+01 	 2.488889E+06
1.00000e+01	7.64790e-05 	 11.2 	 6.828482E-06 	 1.699533E+01 	 2.488889E+06
1.00000e+01	7.63979e-05 	 11.2 	 6.821241E-06 	 1.697731E+01 	 2.488889E+06
1.00000e+01	7.63035e-05 	 11.2 	 6.812813E-06 	 1.695633E+01 	 2.488889E+06
1.00000e+01	7.62796e-05 	 11.2 	 6.810679E-06 	 1.695102E+01 	 2.488889E+06
1.00000e+01	7.61975e-05 	 11.2 	 6.803348E-06 	 1.693278E+01 	 2.488889E+06
1.00000e+01	7.61611e-05 	 11.2 	 6.800098E-06 	 1.692469E+01 	 2.488889E+06
1.00000e+01	7.60636e-05 	 11.2 	 6.791393E-06 	 1.690302E+01 	 2.488889E+06
1.00000e+01	7.60223e-05 	 11.2 	 6.787705E-06 	 1.689384E+01 	 2.488889E+06
1.00000e+01	7.59263e-05 	 11.2 	 6.779134E-06 	 1.687251E+01 	 2.488889E+06
1.00000e+01	7.58563e-05 	 11.2 	 6.772884E-06 	 1.685696E+01 	 2.488889E+06
1.00000e+01	7.57747e-05 	 11.2 	 6.765598E-06 	 1.683882E+01 	 2.488889E+06
1.00000e+01	7.57281e-05 	 11.2 	 6.761438E-06 	 1.682847E+01 	 2.488889E+06
1.00000e+01	7.56890e-05 	 11.2 	 6.757946E-06 	 1.681978E+01 	 2.488889E+06
1.00000e+01	7.56665e-05 	 11.2 	 6.755938E-06 	 1.681478E+01 	 2.488889E+06
1.00000e+01	7.55080e-05 	 11.2 	 6.741786E-06 	 1.677956E+01 	 2.488889E+06
1.00000e+01	7.55094e-05 	 11.2 	 6.741911E-06 	 1.677987E+01 	 2.488889E+06
1.00000e+01	7.54542e-05 	 11.2 	 6.736982E-06 	 1.67676E+01 	 2.488889E+06
1.00000e+01	7.54107e-05 	 11.2 	 6.733098E-06 	 1.675793E+01 	 2.488889E+06
1.00000e+01	7.53389e-05 	 11.2 	 6.726688E-06 	 1.674198E+01 	 2.488889E+06
1.00000e+01	7.53079e-05 	 11.2 	 6.72392E-06 	 1.673509E+01 	 2.488889E+06
1.00000e+01	7.52051e-05 	 11.2 	 6.714741E-06 	 1.671224E+01 	 2.488889E+06
1.00000e+01	7.51748e-05 	 11.2 	 6.712036E-06 	 1.670551E+01 	 2.488889E+06
1.00000e+01	7.51491e-05 	 11.2 	 6.709741E-06 	 1.66998E+01 	 2.488889E+06
1.00000e+01	7.51188e-05 	 11.2 	 6.707036E-06 	 1.669307E+01 	 2.488889E+06
1.00000e+01	7.50475e-05 	 11.2 	 6.70067E-06 	 1.667722E+01 	 2.488889E+06
1.00000e+01	7.49881e-05 	 11.2 	 6.695366E-06 	 1.666402E+01 	 2.488889E+06
1.00000e+01	7.49183e-05 	 11.2 	 6.689134E-06 	 1.664851E+01 	 2.488889E+06
1.00000e+01	7.48187e-05 	 11.2 	 6.680241E-06 	 1.662638E+01 	 2.488889E+06
1.00000e+01	7.47882e-05 	 11.2 	 6.677518E-06 	 1.66196E+01 	 2.488889E+06
1.00000e+01	7.47122e-05 	 11.2 	 6.670732E-06 	 1.660271E+01 	 2.488889E+06
1.00000e+01	7.46727e-05 	 11.2 	 6.667205E-06 	 1.659393E+01 	 2.488889E+06
1.00000e+01	7.46155e-05 	 11.2 	 6.662098E-06 	 1.658122E+01 	 2.488889E+06
1.00000e+01	7.45617e-05 	 11.2 	 6.657295E-06 	 1.656927E+01 	 2.488889E+06
1.00000e+01	7.44620e-05 	 11.2 	 6.648393E-06 	 1.654711E+01 	 2.488889E+06
1.00000e+01	7.44565e-05 	 11.2 	 6.647902E-06 	 1.654589E+01 	 2.488889E+06
1.00000e+01	7.44131e-05 	 11.2 	 6.644027E-06 	 1.653624E+01 	 2.488889E+06
1.00000e+01	7.43297e-05 	 11.2 	 6.63658E-06 	 1.651771E+01 	 2.488889E+06
1.00000e+01	7.42456e-05 	 11.2 	 6.629071E-06 	 1.649902E+01 	 2.488889E+06
1.00000e+01	7.41615e-05 	 11.2 	 6.621563E-06 	 1.648033E+01 	 2.488889E+06
1.00000e+01	7.41452e-05 	 11.2 	 6.620107E-06 	 1.647671E+01 	 2.488889E+06
1.00000e+01	7.40852e-05 	 11.2 	 6.61475E-06 	 1.646338E+01 	 2.488889E+06
1.00000e+01	7.40254e-05 	 11.2 	 6.609411E-06 	 1.645009E+01 	 2.488889E+06
1.00000e+01	7.39346e-05 	 11.2 	 6.601304E-06 	 1.642991E+01 	 2.488889E+06
1.00000e+01	7.38717e-05 	 11.2 	 6.595688E-06 	 1.641593E+01 	 2.488889E+06
1.00000e+01	7.38126e-05 	 11.2 	 6.590411E-06 	 1.64028E+01 	 2.488889E+06
1.00000e+01	7.37669e-05 	 11.2 	 6.58633E-06 	 1.639264E+01 	 2.488889E+06
1.00000e+01	7.37296e-05 	 11.2 	 6.583E-06 	 1.638436E+01 	 2.488889E+06
1.00000e+01	7.36848e-05 	 11.2 	 6.579E-06 	 1.63744E+01 	 2.488889E+06
1.00000e+01	7.36416e-05 	 11.2 	 6.575143E-06 	 1.63648E+01 	 2.488889E+06
1.00000e+01	7.36062e-05 	 11.2 	 6.571982E-06 	 1.635693E+01 	 2.488889E+06
1.00000e+01	7.35898e-05 	 11.2 	 6.570518E-06 	 1.635329E+01 	 2.488889E+06
1.00000e+01	7.35307e-05 	 11.2 	 6.565241E-06 	 1.634016E+01 	 2.488889E+06
1.00000e+01	7.34786e-05 	 11.2 	 6.560589E-06 	 1.632858E+01 	 2.488889E+06
1.00000e+01	7.34526e-05 	 11.2 	 6.558268E-06 	 1.63228E+01 	 2.488889E+06
1.00000e+01	7.33074e-05 	 11.2 	 6.545304E-06 	 1.629053E+01 	 2.488889E+06
1.00000e+01	7.33655e-05 	 11.2 	 6.550491E-06 	 1.630344E+01 	 2.488889E+06
1.00000e+01	7.32842e-05 	 11.2 	 6.543232E-06 	 1.628538E+01 	 2.488889E+06
1.00000e+01	7.32486e-05 	 11.2 	 6.540054E-06 	 1.627747E+01 	 2.488889E+06
1.00000e+01	7.31633e-05 	 11.2 	 6.532438E-06 	 1.625851E+01 	 2.488889E+06
1.00000e+01	7.31657e-05 	 11.2 	 6.532652E-06 	 1.625904E+01 	 2.488889E+06
1.00000e+01	7.30757e-05 	 11.2 	 6.524616E-06 	 1.623904E+01 	 2.488889E+06
1.00000e+01	7.30057e-05 	 11.2 	 6.518366E-06 	 1.622349E+01 	 2.488889E+06
1.00000e+01	7.29672e-05 	 11.2 	 6.514929E-06 	 1.621493E+01 	 2.488889E+06
1.00000e+01	7.29156e-05 	 11.2 	 6.510321E-06 	 1.620347E+01 	 2.488889E+06
1.00000e+01	7.28519e-05 	 11.2 	 6.504634E-06 	 1.618931E+01 	 2.488889E+06
1.00000e+01	7.27836e-05 	 11.2 	 6.498536E-06 	 1.617413E+01 	 2.488889E+06
1.00000e+01	7.27558e-05 	 11.2 	 6.496054E-06 	 1.616796E+01 	 2.488889E+06
1.00000e+01	7.26819e-05 	 11.2 	 6.489455E-06 	 1.615153E+01 	 2.488889E+06
1.00000e+01	7.26382e-05 	 11.2 	 6.485554E-06 	 1.614182E+01 	 2.488889E+06
1.00000e+01	7.26224e-05 	 11.2 	 6.484143E-06 	 1.613831E+01 	 2.488889E+06
1.00000e+01	7.25386e-05 	 11.2 	 6.476661E-06 	 1.611969E+01 	 2.488889E+06
1.00000e+01	7.24876e-05 	 11.2 	 6.472107E-06 	 1.610836E+01 	 2.488889E+06
1.00000e+01	7.24111e-05 	 11.2 	 6.465277E-06 	 1.609136E+01 	 2.488889E+06
1.00000e+01	7.24385e-05 	 11.2 	 6.467723E-06 	 1.609744E+01 	 2.488889E+06
1.00000e+01	7.23617e-05 	 11.2 	 6.460866E-06 	 1.608038E+01 	 2.488889E+06
1.00000e+01	7.23482e-05 	 11.2 	 6.459661E-06 	 1.607738E+01 	 2.488889E+06
1.00000e+01	7.23201e-05 	 10.2 	 7.090206E-06 	 1.607113E+01 	 2.266667E+06
1.00000e+01	7.21916e-05 	 10.2 	 7.077608E-06 	 1.604258E+01 	 2.266667E+06
1.00000e+01	7.21735e-05 	 10.2 	 7.075833E-06 	 1.603856E+01 	 2.266667E+06
1.00000e+01	7.21184e-05 	 10.2 	 7.070431E-06 	 1.602631E+01 	 2.266667E+06
1.00000e+01	7.20882e-05 	 10.2 	 7.067471E-06 	 1.60196E+01 	 2.266667E+06
1.00000e+01	7.19912e-05 	 10.2 	 7.057961E-06 	 1.599804E+01 	 2.266667E+06
1.00000e+01	7.19186e-05 	 10.2 	 7.050843E-06 	 1.598191E+01 	 2.266667E+06
1.00000e+01	7.19413e-05 	 10.2 	 7.053069E-06 	 1.598696E+01 	 2.266667E+06
1.00000e+01	7.18936e-05 	 10.2 	 7.048392E-06 	 1.597636E+01 	 2.266667E+06
1.00000e+01	7.18915e-05 	 10.2 	 7.048186E-06 	 1.597589E+01 	 2.266667E+06
1.00000e+01	7.18190e-05 	 10.2 	 7.041078E-06 	 1.595978E+01 	 2.266667E+06
1.00000e+01	7.17590e-05 	 10.2 	 7.035196E-06 	 1.594644E+01 	 2.266667E+06
1.00000e+01	7.17095e-05 	 10.2 	 7.030343E-06 	 1.593544E+01 	 2.266667E+06
1.00000e+01	7.16353e-05 	 10.2 	 7.023069E-06 	 1.591896E+01 	 2.266667E+06
1.00000e+01	7.15562e-05 	 10.2 	 7.015314E-06 	 1.590138E+01 	 2.266667E+06
1.00000e+01	7.16128e-05 	 10.2 	 7.020863E-06 	 1.591396E+01 	 2.266667E+06
1.00000e+01	7.15710e-05 	 10.2 	 7.016765E-06 	 1.590467E+01 	 2.266667E+06
1.00000e+01	7.14370e-05 	 10.2 	 7.003627E-06 	 1.587489E+01 	 2.266667E+06
1.00000e+01	7.13800e-05 	 10.2 	 6.998039E-06 	 1.586222E+01 	 2.266667E+06
1.00000e+01	7.13735e-05 	 10.2 	 6.997402E-06 	 1.586078E+01 	 2.266667E+06
1.00000e+01	7.13659e-05 	 10.1 	 7.065931E-06 	 1.585909E+01 	 2.244444E+06
1.00000e+01	7.13134e-05 	 10.1 	 7.060733E-06 	 1.584742E+01 	 2.244444E+06
1.00000e+01	7.12772e-05 	 10.1 	 7.057149E-06 	 1.583938E+01 	 2.244444E+06
1.00000e+01	7.11936e-05 	 10.2 	 6.979765E-06 	 1.58208E+01 	 2.266667E+06
1.00000e+01	7.11674e-05 	 10.1 	 7.046277E-06 	 1.581498E+01 	 2.244444E+06
1.00000e+01	7.11091e-05 	 10.1 	 7.040505E-06 	 1.580202E+01 	 2.244444E+06
1.00000e+01	7.10740e-05 	 10.1 	 7.03703E-06 	 1.579422E+01 	 2.244444E+06
1.00000e+01	7.10295e-05 	 10.1 	 7.032624E-06 	 1.578433E+01 	 2.244444E+06
1.00000e+01	7.10251e-05 	 10.1 	 7.032188E-06 	 1.578336E+01 	 2.244444E+06
1.00000e+01	7.09599e-05 	 10.1 	 7.025733E-06 	 1.576887E+01 	 2.244444E+06
1.00000e+01	7.08408e-05 	 10.1 	 7.013941E-06 	 1.57424E+01 	 2.244444E+06
1.00000e+01	7.08581e-05 	 10.1 	 7.015653E-06 	 1.574624E+01 	 2.244444E+06
1.00000e+01	7.08661e-05 	 10.1 	 7.016446E-06 	 1.574802E+01 	 2.244444E+06
1.00000e+01	7.07487e-05 	 10.1 	 7.004822E-06 	 1.572193E+01 	 2.244444E+06
1.00000e+01	7.06665e-05 	 10.1 	 6.996683E-06 	 1.570367E+01 	 2.244444E+06
1.00000e+01	7.06638e-05 	 10.1 	 6.996416E-06 	 1.570307E+01 	 2.244444E+06
1.00000e+01	7.06159e-05 	 10.1 	 6.991673E-06 	 1.569242E+01 	 2.244444E+06
1.00000e+01	7.05945e-05 	 10.1 	 6.989554E-06 	 1.568767E+01 	 2.244444E+06
1.00000e+01	7.05772e-05 	 10.1 	 6.987842E-06 	 1.568382E+01 	 2.244444E+06
1.00000e+01	7.05889e-05 	 10.1 	 6.989E-06 	 1.568642E+01 	 2.244444E+06
1.00000e+01	7.04465e-05 	 10.1 	 6.974901E-06 	 1.565478E+01 	 2.244444E+06
1.00000e+01	7.04261e-05 	 10.1 	 6.972881E-06 	 1.565024E+01 	 2.244444E+06
1.00000e+01	7.03654e-05 	 10.1 	 6.966871E-06 	 1.563676E+01 	 2.244444E+06
1.00000e+01	7.03229e-05 	 10.1 	 6.962663E-06 	 1.562731E+01 	 2.244444E+06
1.00000e+01	7.02895e-05 	 10.1 	 6.959356E-06 	 1.561989E+01 	 2.244444E+06
1.00000e+01	7.01925e-05 	 10.1 	 6.949752E-06 	 1.559833E+01 	 2.244444E+06
1.00000e+01	7.02070e-05 	 10.1 	 6.951188E-06 	 1.560156E+01 	 2.244444E+06
1.00000e+01	7.02048e-05 	 10.1 	 6.95097E-06 	 1.560107E+01 	 2.244444E+06
1.00000e+01	7.00953e-05 	 10.1 	 6.940129E-06 	 1.557673E+01 	 2.244444E+06
1.00000e+01	7.01006e-05 	 10.1 	 6.940653E-06 	 1.557791E+01 	 2.244444E+06
1.00000e+01	7.00792e-05 	 10.1 	 6.938535E-06 	 1.557316E+01 	 2.244444E+06
1.00000e+01	6.99487e-05 	 10.1 	 6.925614E-06 	 1.554416E+01 	 2.244444E+06
1.00000e+01	6.99425e-05 	 10.1 	 6.925E-06 	 1.554278E+01 	 2.244444E+06
1.00000e+01	6.98539e-05 	 10.1 	 6.916228E-06 	 1.552309E+01 	 2.244444E+06
1.00000e+01	6.98204e-05 	 10.1 	 6.912911E-06 	 1.551564E+01 	 2.244444E+06
1.00000e+01	6.97647e-05 	 10.1 	 6.907396E-06 	 1.550327E+01 	 2.244444E+06
1.00000e+01	6.96800e-05 	 10.1 	 6.89901E-06 	 1.548444E+01 	 2.244444E+06
1.00000e+01	6.96959e-05 	 10.1 	 6.900584E-06 	 1.548798E+01 	 2.244444E+06
1.00000e+01	6.96979e-05 	 10.1 	 6.900782E-06 	 1.548842E+01 	 2.244444E+06
1.00000e+01	6.96345e-05 	 10.1 	 6.894505E-06 	 1.547433E+01 	 2.244444E+06
1.00000e+01	6.95845e-05 	 10.1 	 6.889554E-06 	 1.546322E+01 	 2.244444E+06
1.00000e+01	6.95494e-05 	 10.1 	 6.886079E-06 	 1.545542E+01 	 2.244444E+06
1.00000e+01	6.94955e-05 	 10.1 	 6.880743E-06 	 1.544344E+01 	 2.244444E+06
1.00000e+01	6.94661e-05 	 10.1 	 6.877832E-06 	 1.543691E+01 	 2.244444E+06
1.00000e+01	6.94383e-05 	 10.1 	 6.875079E-06 	 1.543073E+01 	 2.244444E+06
1.00000e+01	6.93951e-05 	 10.1 	 6.870802E-06 	 1.542113E+01 	 2.244444E+06
1.00000e+01	6.93824e-05 	 10.1 	 6.869545E-06 	 1.541831E+01 	 2.244444E+06
1.00000e+01	6.93010e-05 	 10.1 	 6.861485E-06 	 1.540022E+01 	 2.244444E+06
1.00000e+01	6.92455e-05 	 10.1 	 6.85599E-06 	 1.538789E+01 	 2.244444E+06
1.00000e+01	6.92925e-05 	 10.1 	 6.860644E-06 	 1.539833E+01 	 2.244444E+06
1.00000e+01	6.92121e-05 	 10.1 	 6.852683E-06 	 1.538047E+01 	 2.244444E+06
1.00000e+01	6.91495e-05 	 10.1 	 6.846485E-06 	 1.536656E+01 	 2.244444E+06
1.00000e+01	6.91375e-05 	 10.1 	 6.845297E-06 	 1.536389E+01 	 2.244444E+06
1.00000e+01	6.91072e-05 	 10.1 	 6.842297E-06 	 1.535716E+01 	 2.244444E+06
1.00000e+01	6.90990e-05 	 10.1 	 6.841485E-06 	 1.535533E+01 	 2.244444E+06
1.00000e+01	6.90543e-05 	 10.1 	 6.837059E-06 	 1.53454E+01 	 2.244444E+06
1.00000e+01	6.89928e-05 	 10.1 	 6.83097E-06 	 1.533173E+01 	 2.244444E+06
1.00000e+01	6.89429e-05 	 10.1 	 6.82603E-06 	 1.532064E+01 	 2.244444E+06
1.00000e+01	6.89021e-05 	 10.1 	 6.82199E-06 	 1.531158E+01 	 2.244444E+06
1.00000e+01	6.88721e-05 	 10.1 	 6.81902E-06 	 1.530491E+01 	 2.244444E+06
1.00000e+01	6.88456e-05 	 10.1 	 6.816396E-06 	 1.529902E+01 	 2.244444E+06
1.00000e+01	6.87762e-05 	 10.1 	 6.809525E-06 	 1.52836E+01 	 2.244444E+06
1.00000e+01	6.88181e-05 	 10.1 	 6.813673E-06 	 1.529291E+01 	 2.244444E+06
1.00000e+01	6.88062e-05 	 10.1 	 6.812495E-06 	 1.529027E+01 	 2.244444E+06
1.00000e+01	6.86996e-05 	 10.1 	 6.801941E-06 	 1.526658E+01 	 2.244444E+06
1.00000e+01	6.86648e-05 	 10.1 	 6.798495E-06 	 1.525884E+01 	 2.244444E+06
1.00000e+01	6.86711e-05 	 10.1 	 6.799119E-06 	 1.526024E+01 	 2.244444E+06
1.00000e+01	6.86045e-05 	 10.1 	 6.792525E-06 	 1.524544E+01 	 2.244444E+06
1.00000e+01	6.85950e-05 	 10.1 	 6.791584E-06 	 1.524333E+01 	 2.244444E+06
1.00000e+01	6.85338e-05 	 10.1 	 6.785525E-06 	 1.522973E+01 	 2.244444E+06
1.00000e+01	6.84781e-05 	 10.1 	 6.78001E-06 	 1.521736E+01 	 2.244444E+06
1.00000e+01	6.84107e-05 	 10.1 	 6.773337E-06 	 1.520238E+01 	 2.244444E+06
1.00000e+01	6.83843e-05 	 10.1 	 6.770723E-06 	 1.519651E+01 	 2.244444E+06
1.00000e+01	6.83516e-05 	 10.1 	 6.767485E-06 	 1.518924E+01 	 2.244444E+06
1.00000e+01	6.82779e-05 	 10.1 	 6.760188E-06 	 1.517287E+01 	 2.244444E+06
1.00000e+01	6.83053e-05 	 10.1 	 6.762901E-06 	 1.517896E+01 	 2.244444E+06
1.00000e+01	6.82627e-05 	 10.1 	 6.758683E-06 	 1.516949E+01 	 2.244444E+06
1.00000e+01	6.82604e-05 	 10.1 	 6.758455E-06 	 1.516898E+01 	 2.244444E+06
1.00000e+01	6.82273e-05 	 10.1 	 6.755178E-06 	 1.516162E+01 	 2.244444E+06
1.00000e+01	6.81579e-05 	 10.1 	 6.748307E-06 	 1.51462E+01 	 2.244444E+06
1.00000e+01	6.82105e-05 	 10.1 	 6.753515E-06 	 1.515789E+01 	 2.244444E+06
1.00000e+01	6.81390e-05 	 10.1 	 6.746436E-06 	 1.5142E+01 	 2.244444E+06
1.00000e+01	6.80755e-05 	 10.1 	 6.740149E-06 	 1.512789E+01 	 2.244444E+06
1.00000e+01	6.80603e-05 	 10.1 	 6.738644E-06 	 1.512451E+01 	 2.244444E+06
1.00000e+01	6.80642e-05 	 10.1 	 6.73903E-06 	 1.512538E+01 	 2.244444E+06
1.00000e+01	6.80020e-05 	 10.1 	 6.732871E-06 	 1.511156E+01 	 2.244444E+06
1.00000e+01	6.79764e-05 	 10.1 	 6.730337E-06 	 1.510587E+01 	 2.244444E+06
1.00000e+01	6.79612e-05 	 10.1 	 6.728832E-06 	 1.510249E+01 	 2.244444E+06
1.00000e+01	6.78815e-05 	 10.1 	 6.720941E-06 	 1.508478E+01 	 2.244444E+06
1.00000e+01	6.78838e-05 	 10.1 	 6.721168E-06 	 1.508529E+01 	 2.244444E+06
1.00000e+01	6.78471e-05 	 10.1 	 6.717535E-06 	 1.507713E+01 	 2.244444E+06
1.00000e+01	6.77498e-05 	 10.1 	 6.707901E-06 	 1.505551E+01 	 2.244444E+06
1.00000e+01	6.77655e-05 	 10.1 	 6.709455E-06 	 1.5059E+01 	 2.244444E+06
1.00000e+01	6.76861e-05 	 10.1 	 6.701594E-06 	 1.504136E+01 	 2.244444E+06
1.00000e+01	6.76705e-05 	 10.1 	 6.70005E-06 	 1.503789E+01 	 2.244444E+06
1.00000e+01	6.76707e-05 	 10.1 	 6.700069E-06 	 1.503793E+01 	 2.244444E+06
1.00000e+01	6.76268e-05 	 10.1 	 6.695723E-06 	 1.502818E+01 	 2.244444E+06
1.00000e+01	6.75456e-05 	 10.1 	 6.687683E-06 	 1.501013E+01 	 2.244444E+06
1.00000e+01	6.75537e-05 	 10.1 	 6.688485E-06 	 1.501193E+01 	 2.244444E+06
1.00000e+01	6.75443e-05 	 10.1 	 6.687554E-06 	 1.500984E+01 	 2.244444E+06
1.00000e+01	6.75429e-05 	 10.1 	 6.687416E-06 	 1.500953E+01 	 2.244444E+06
1.00000e+01	6.74662e-05 	 10.1 	 6.679822E-06 	 1.499249E+01 	 2.244444E+06
1.00000e+01	6.74754e-05 	 10.1 	 6.680733E-06 	 1.499453E+01 	 2.244444E+06
1.00000e+01	6.74357e-05 	 9.1 	 7.410516E-06 	 1.498571E+01 	 2.022222E+06
>>END<<
DATA: /home/user/PycharmProjects/OFET_K2636B_2019.10.15/data/Seria_G7_PT5100_P6_oled_ltp_000.txt
