>>head<<V(__) 	 I(__) 	 lux 	 CurrCoeff. 	 CurrA/m^-2. 	 lux/m^-1
0.00000e+00	-2.40662e-11 	 0.1 	 -2.40662E-10 	 -5.348044E-06 	 2.222222E+04
5.00000e-01	2.01975e-07 	 0.1 	 2.01975E-06 	 4.488333E-02 	 2.222222E+04
1.00000e+00	5.19302e-07 	 0.1 	 5.19302E-06 	 1.154004E-01 	 2.222222E+04
1.50000e+00	9.93840e-07 	 0.1 	 9.9384E-06 	 2.208533E-01 	 2.222222E+04
2.00000e+00	1.68455e-06 	 0.1 	 1.68455E-05 	 3.743444E-01 	 2.222222E+04
2.50000e+00	2.75073e-06 	 0.1 	 2.75073E-05 	 6.112733E-01 	 2.222222E+04
3.00000e+00	4.19421e-06 	 0.1 	 4.19421E-05 	 9.320467E-01 	 2.222222E+04
3.50000e+00	6.71531e-06 	 0.1 	 6.71531E-05 	 1.492291E+00 	 2.222222E+04
4.00000e+00	1.29699e-05 	 0.1 	 1.29699E-04 	 2.8822E+00 	 2.222222E+04
4.50000e+00	1.79411e-05 	 0.1 	 1.79411E-04 	 3.986911E+00 	 2.222222E+04
5.00000e+00	2.91960e-05 	 1.1 	 2.654182E-05 	 6.488E+00 	 2.444444E+05
5.50000e+00	4.28502e-05 	 3.1 	 1.382265E-05 	 9.522267E+00 	 6.888889E+05
6.00000e+00	7.03347e-05 	 5.1 	 1.379112E-05 	 1.562993E+01 	 1.133333E+06
6.50000e+00	8.87235e-05 	 9.1 	 9.749835E-06 	 1.971633E+01 	 2.022222E+06
7.00000e+00	1.28976e-04 	 16.2 	 7.961481E-06 	 2.866133E+01 	 3.6E+06
7.50000e+00	1.88797e-04 	 26.2 	 7.205992E-06 	 4.195489E+01 	 5.822222E+06
8.00000e+00	2.68758e-04 	 41.3 	 6.507458E-06 	 5.9724E+01 	 9.177778E+06
8.50000e+00	3.79707e-04 	 63.4 	 5.989069E-06 	 8.437933E+01 	 1.408889E+07
9.00000e+00	5.22099e-04 	 92.6 	 5.638218E-06 	 1.16022E+02 	 2.057778E+07
9.50000e+00	6.79041e-04 	 132.8 	 5.113261E-06 	 1.50898E+02 	 2.951111E+07
1.00000e+01	9.00750e-04 	 183.11 	 4.919174E-06 	 2.001667E+02 	 4.069111E+07
1.05000e+01	1.18941e-03 	 249.15 	 4.773871E-06 	 2.643133E+02 	 5.536667E+07
1.10000e+01	1.58645e-03 	 329.19 	 4.819253E-06 	 3.525444E+02 	 7.315333E+07
1.15000e+01	2.07412e-03 	 427.24 	 4.854695E-06 	 4.609156E+02 	 9.494222E+07
1.20000e+01	2.64569e-03 	 543.3 	 4.869667E-06 	 5.879311E+02 	 1.207333E+08
1.25000e+01	3.35734e-03 	 678.37 	 4.949128E-06 	 7.460756E+02 	 1.507489E+08
1.30000e+01	4.19268e-03 	 831.45 	 5.042612E-06 	 9.317067E+02 	 1.847667E+08
1.35000e+01	6.04110e-03 	 267.15 	 2.261314E-05 	 1.342467E+03 	 5.936667E+07
1.40000e+01	9.99951e-02 	 0.1 	 9.99951E-01 	 2.222113E+04 	 2.222222E+04
1.45000e+01	9.99944e-02 	 0.1 	 9.99944E-01 	 2.222098E+04 	 2.222222E+04
1.50000e+01	9.99949e-02 	 6.1 	 1.639261E-02 	 2.222109E+04 	 1.355556E+06
1.55000e+01	9.99945e-02 	 0.1 	 9.99945E-01 	 2.2221E+04 	 2.222222E+04
1.60000e+01	9.99944e-02 	 0.1 	 9.99944E-01 	 2.222098E+04 	 2.222222E+04
1.65000e+01	9.99945e-02 	 0.1 	 9.99945E-01 	 2.2221E+04 	 2.222222E+04
1.70000e+01	9.99947e-02 	 0.1 	 9.99947E-01 	 2.222104E+04 	 2.222222E+04
1.70000e+01	9.99946e-02 	 0.1 	 9.99946E-01 	 2.222102E+04 	 2.222222E+04
1.65000e+01	9.99946e-02 	 0.1 	 9.99946E-01 	 2.222102E+04 	 2.222222E+04
1.60000e+01	9.99944e-02 	 0.1 	 9.99944E-01 	 2.222098E+04 	 2.222222E+04
1.55000e+01	9.99945e-02 	 0.1 	 9.99945E-01 	 2.2221E+04 	 2.222222E+04
1.50000e+01	9.99943e-02 	 0.1 	 9.99943E-01 	 2.222096E+04 	 2.222222E+04
1.45000e+01	9.99946e-02 	 0.1 	 9.99946E-01 	 2.222102E+04 	 2.222222E+04
1.40000e+01	9.99943e-02 	 0.1 	 9.99943E-01 	 2.222096E+04 	 2.222222E+04
1.35000e+01	9.99944e-02 	 0.1 	 9.99944E-01 	 2.222098E+04 	 2.222222E+04
1.30000e+01	9.99944e-02 	 0.1 	 9.99944E-01 	 2.222098E+04 	 2.222222E+04
1.25000e+01	9.99943e-02 	 0.1 	 9.99943E-01 	 2.222096E+04 	 2.222222E+04
1.20000e+01	9.99942e-02 	 0.1 	 9.99942E-01 	 2.222093E+04 	 2.222222E+04
1.15000e+01	9.99940e-02 	 0.1 	 9.9994E-01 	 2.222089E+04 	 2.222222E+04
1.10000e+01	9.99940e-02 	 0.1 	 9.9994E-01 	 2.222089E+04 	 2.222222E+04
1.05000e+01	9.97577e-02 	 0.1 	 9.97577E-01 	 2.216838E+04 	 2.222222E+04
1.00000e+01	9.50001e-02 	 0.1 	 9.50001E-01 	 2.111113E+04 	 2.222222E+04
9.50000e+00	9.02321e-02 	 0.1 	 9.02321E-01 	 2.005158E+04 	 2.222222E+04
9.00000e+00	8.55234e-02 	 0.1 	 8.55234E-01 	 1.90052E+04 	 2.222222E+04
8.50000e+00	8.08435e-02 	 0.1 	 8.08435E-01 	 1.796522E+04 	 2.222222E+04
8.00000e+00	7.61518e-02 	 0.1 	 7.61518E-01 	 1.692262E+04 	 2.222222E+04
7.50000e+00	7.14665e-02 	 0.1 	 7.14665E-01 	 1.588144E+04 	 2.222222E+04
7.00000e+00	6.67606e-02 	 0.1 	 6.67606E-01 	 1.483569E+04 	 2.222222E+04
6.50000e+00	6.20096e-02 	 0.1 	 6.20096E-01 	 1.377991E+04 	 2.222222E+04
6.00000e+00	5.73111e-02 	 0.1 	 5.73111E-01 	 1.27358E+04 	 2.222222E+04
5.50000e+00	5.26030e-02 	 0.1 	 5.2603E-01 	 1.168956E+04 	 2.222222E+04
5.00000e+00	4.78896e-02 	 0.1 	 4.78896E-01 	 1.064213E+04 	 2.222222E+04
4.50000e+00	4.31662e-02 	 0.1 	 4.31662E-01 	 9.592489E+03 	 2.222222E+04
4.00000e+00	3.84205e-02 	 0.1 	 3.84205E-01 	 8.537889E+03 	 2.222222E+04
3.50000e+00	3.36594e-02 	 0.1 	 3.36594E-01 	 7.479867E+03 	 2.222222E+04
3.00000e+00	2.88789e-02 	 0.1 	 2.88789E-01 	 6.417533E+03 	 2.222222E+04
2.50000e+00	2.40849e-02 	 0.1 	 2.40849E-01 	 5.3522E+03 	 2.222222E+04
2.00000e+00	1.92927e-02 	 0.1 	 1.92927E-01 	 4.287267E+03 	 2.222222E+04
1.50000e+00	1.44836e-02 	 0.1 	 1.44836E-01 	 3.218578E+03 	 2.222222E+04
1.00000e+00	9.66382e-03 	 0.1 	 9.66382E-02 	 2.147516E+03 	 2.222222E+04
5.00000e-01	4.83706e-03 	 0.1 	 4.83706E-02 	 1.074902E+03 	 2.222222E+04
0.00000e+00	1.76750e-06 	 0.1 	 1.7675E-05 	 3.927778E-01 	 2.222222E+04
>>END<<
DATA: /home/user/PycharmProjects/OFET_K2636B_2019.10.15/data/Seria_G7_PT5100_P3_oled_000.txt
