dt(__) I(__) lux CurrCoeff. CurrA/m^-2. lux/m^-2 %lux/m^-2
4.40000e-05 5.40306e-03 548.83 1.015776E+03 1.20068E+03 1.219622E+08 100.0
1.02040e+00 4.51795e-03 506.77 1.121681E+03 1.003989E+03 1.126156E+08 92.336
2.04080e+00 4.31145e-03 469.71 1.089448E+03 9.581E+02 1.0438E+08 85.584
3.06121e+00 4.23436e-03 447.68 1.057255E+03 9.409689E+02 9.948444E+07 81.57
4.08172e+00 4.20305e-03 441.67 1.050832E+03 9.340111E+02 9.814889E+07 80.475
5.10221e+00 4.19186e-03 437.66 1.044071E+03 9.315244E+02 9.725778E+07 79.744
6.12269e+00 4.19071e-03 434.66 1.037199E+03 9.312689E+02 9.659111E+07 79.198
7.14317e+00 4.19514e-03 432.65 1.031312E+03 9.322533E+02 9.614444E+07 78.831
8.16364e+00 4.20278e-03 431.65 1.027058E+03 9.339511E+02 9.592222E+07 78.649
9.18411e+00 4.21212e-03 430.65 1.022407E+03 9.360267E+02 9.57E+07 78.467
1.02046e+01 4.22228e-03 430.65 1.019947E+03 9.382844E+02 9.57E+07 78.467
1.12250e+01 4.23308e-03 429.65 1.014982E+03 9.406844E+02 9.547778E+07 78.285
1.22455e+01 4.24422e-03 430.65 1.014674E+03 9.4316E+02 9.57E+07 78.467
1.32660e+01 4.25526e-03 430.65 1.012042E+03 9.456133E+02 9.57E+07 78.467
1.42865e+01 4.26609e-03 430.65 1.009472E+03 9.4802E+02 9.57E+07 78.467
1.53070e+01 4.27701e-03 430.65 1.006895E+03 9.504467E+02 9.57E+07 78.467
1.63677e+01 4.28794e-03 430.65 1.004328E+03 9.528756E+02 9.57E+07 78.467
1.73882e+01 4.29819e-03 431.65 1.00426E+03 9.551533E+02 9.592222E+07 78.649
1.84087e+01 4.30822e-03 431.65 1.001922E+03 9.573822E+02 9.592222E+07 78.649
1.94292e+01 4.31787e-03 432.65 1.001999E+03 9.595267E+02 9.614444E+07 78.831
2.04497e+01 4.32713e-03 432.65 9.998544E+02 9.615844E+02 9.614444E+07 78.831
2.14702e+01 4.33609e-03 432.65 9.977883E+02 9.635756E+02 9.614444E+07 78.831
2.24907e+01 4.34482e-03 433.65 9.980851E+02 9.655156E+02 9.636667E+07 79.014
2.35111e+01 4.35322e-03 433.65 9.961592E+02 9.673822E+02 9.636667E+07 79.014
2.45316e+01 4.36131e-03 434.65 9.966042E+02 9.6918E+02 9.658889E+07 79.196
2.55521e+01 4.36908e-03 434.65 9.948319E+02 9.709067E+02 9.658889E+07 79.196
2.65725e+01 4.37659e-03 435.66 9.954325E+02 9.725756E+02 9.681333E+07 79.38
2.75930e+01 4.38387e-03 435.66 9.937795E+02 9.741933E+02 9.681333E+07 79.38
2.86135e+01 4.39083e-03 436.66 9.944817E+02 9.7574E+02 9.703556E+07 79.562
2.96340e+01 4.39772e-03 436.66 9.929236E+02 9.772711E+02 9.703556E+07 79.562
3.06544e+01 4.40406e-03 436.66 9.914942E+02 9.7868E+02 9.703556E+07 79.562
3.17152e+01 4.41064e-03 437.66 9.922823E+02 9.801422E+02 9.725778E+07 79.744
3.27356e+01 4.41655e-03 437.66 9.909545E+02 9.814556E+02 9.725778E+07 79.744
3.37561e+01 4.42232e-03 438.66 9.919228E+02 9.827378E+02 9.748E+07 79.926
3.47766e+01 4.42791e-03 438.66 9.906705E+02 9.8398E+02 9.748E+07 79.926
3.57971e+01 4.43343e-03 438.66 9.894371E+02 9.852067E+02 9.748E+07 79.926
3.68176e+01 4.43846e-03 439.66 9.905688E+02 9.863244E+02 9.770222E+07 80.109
3.78380e+01 4.44338e-03 439.66 9.89472E+02 9.874178E+02 9.770222E+07 80.109
3.88585e+01 4.44831e-03 439.66 9.883754E+02 9.885133E+02 9.770222E+07 80.109
3.98790e+01 4.45310e-03 440.66 9.895578E+02 9.895778E+02 9.792444E+07 80.291
4.08994e+01 4.45735e-03 440.66 9.886143E+02 9.905222E+02 9.792444E+07 80.291
4.19199e+01 4.46177e-03 440.66 9.87635E+02 9.915044E+02 9.792444E+07 80.291
4.29404e+01 4.46598e-03 441.66 9.889431E+02 9.9244E+02 9.814667E+07 80.473
4.39608e+01 4.47003e-03 441.66 9.880471E+02 9.9334E+02 9.814667E+07 80.473
4.49813e+01 4.47394e-03 441.66 9.871836E+02 9.942089E+02 9.814667E+07 80.473
4.60018e+01 4.47767e-03 442.66 9.885945E+02 9.950378E+02 9.836889E+07 80.655
4.70625e+01 4.48141e-03 442.66 9.877695E+02 9.958689E+02 9.836889E+07 80.655
4.80831e+01 4.48492e-03 442.67 9.870187E+02 9.966489E+02 9.837111E+07 80.657
4.91036e+01 4.48835e-03 442.67 9.862644E+02 9.974111E+02 9.837111E+07 80.657
5.01241e+01 4.49160e-03 443.67 9.877772E+02 9.981333E+02 9.859333E+07 80.839
5.11445e+01 4.49490e-03 443.67 9.87052E+02 9.988667E+02 9.859333E+07 80.839
5.21650e+01 4.49782e-03 443.67 9.864112E+02 9.995156E+02 9.859333E+07 80.839
5.31855e+01 4.50087e-03 443.67 9.857428E+02 1.000193E+03 9.859333E+07 80.839
5.42059e+01 4.50384e-03 444.67 9.87313E+02 1.000853E+03 9.881556E+07 81.021
5.52264e+01 4.50655e-03 444.67 9.867193E+02 1.001456E+03 9.881556E+07 81.021
5.62469e+01 4.50921e-03 444.67 9.861373E+02 1.002047E+03 9.881556E+07 81.021
5.72674e+01 4.51190e-03 444.67 9.855493E+02 1.002644E+03 9.881556E+07 81.021
5.82878e+01 4.51441e-03 444.67 9.850014E+02 1.003202E+03 9.881556E+07 81.021
5.93083e+01 4.51687e-03 445.67 9.866788E+02 1.003749E+03 9.903778E+07 81.204
6.03288e+01 4.51922e-03 445.67 9.861658E+02 1.004271E+03 9.903778E+07 81.204
6.13493e+01 4.52158e-03 445.67 9.85651E+02 1.004796E+03 9.903778E+07 81.204
6.24100e+01 4.52380e-03 445.67 9.851673E+02 1.005289E+03 9.903778E+07 81.204
6.34305e+01 4.52585e-03 445.67 9.847211E+02 1.005744E+03 9.903778E+07 81.204
6.44509e+01 4.52797e-03 446.67 9.864685E+02 1.006216E+03 9.926E+07 81.386
6.54714e+01 4.53002e-03 446.67 9.860221E+02 1.006671E+03 9.926E+07 81.386
6.64919e+01 4.53196e-03 446.67 9.856E+02 1.007102E+03 9.926E+07 81.386
6.75123e+01 4.53373e-03 446.67 9.852153E+02 1.007496E+03 9.926E+07 81.386
6.85328e+01 4.53563e-03 446.67 9.848026E+02 1.007918E+03 9.926E+07 81.386
6.95533e+01 4.53737e-03 446.67 9.844249E+02 1.008304E+03 9.926E+07 81.386
7.05737e+01 4.53905e-03 447.67 9.862636E+02 1.008678E+03 9.948222E+07 81.568
7.15942e+01 4.54068e-03 447.67 9.859096E+02 1.00904E+03 9.948222E+07 81.568
7.26147e+01 4.54233e-03 447.67 9.855515E+02 1.009407E+03 9.948222E+07 81.568
7.36352e+01 4.54388e-03 447.67 9.852153E+02 1.009751E+03 9.948222E+07 81.568
7.46557e+01 4.54537e-03 447.67 9.848923E+02 1.010082E+03 9.948222E+07 81.568
7.56761e+01 4.54687e-03 447.67 9.845674E+02 1.010416E+03 9.948222E+07 81.568
7.66966e+01 4.54822e-03 447.67 9.842752E+02 1.010716E+03 9.948222E+07 81.568
7.77573e+01 4.54979e-03 448.67 9.861334E+02 1.011064E+03 9.970444E+07 81.75
7.87778e+01 4.55107e-03 448.67 9.858561E+02 1.011349E+03 9.970444E+07 81.75
7.97983e+01 4.55242e-03 448.67 9.855637E+02 1.011649E+03 9.970444E+07 81.75
8.08188e+01 4.55363e-03 448.67 9.853018E+02 1.011918E+03 9.970444E+07 81.75
8.18392e+01 4.55481e-03 448.67 9.850466E+02 1.01218E+03 9.970444E+07 81.75
8.28597e+01 4.55597e-03 448.67 9.847958E+02 1.012438E+03 9.970444E+07 81.75
8.38802e+01 4.55718e-03 448.67 9.845343E+02 1.012707E+03 9.970444E+07 81.75
8.49007e+01 4.55823e-03 448.67 9.843075E+02 1.01294E+03 9.970444E+07 81.75
8.59212e+01 4.55922e-03 448.67 9.840938E+02 1.01316E+03 9.970444E+07 81.75
8.69416e+01 4.56040e-03 449.67 9.860319E+02 1.013422E+03 9.992667E+07 81.932
8.79621e+01 4.56131e-03 449.67 9.858352E+02 1.013624E+03 9.992667E+07 81.932
8.89826e+01 4.56228e-03 449.67 9.856256E+02 1.01384E+03 9.992667E+07 81.932
9.00030e+01 4.56322e-03 449.67 9.854226E+02 1.014049E+03 9.992667E+07 81.932
9.10235e+01 4.56419e-03 449.67 9.852131E+02 1.014264E+03 9.992667E+07 81.932
9.20440e+01 4.56518e-03 449.67 9.849995E+02 1.014484E+03 9.992667E+07 81.932
9.31047e+01 4.56600e-03 0.01 2.190101E-02 1.014667E+03 2.222222E+03 0.002
9.41252e+01 4.56685e-03 449.67 9.846393E+02 1.014856E+03 9.992667E+07 81.932
9.51457e+01 4.56781e-03 449.67 9.844324E+02 1.015069E+03 9.992667E+07 81.932
9.61662e+01 4.56850e-03 449.67 9.842837E+02 1.015222E+03 9.992667E+07 81.932
9.71867e+01 4.56919e-03 449.67 9.84135E+02 1.015376E+03 9.992667E+07 81.932
9.82071e+01 4.56993e-03 450.68 9.861858E+02 1.01554E+03 1.001511E+08 82.117
9.92276e+01 4.57064e-03 450.68 9.860326E+02 1.015698E+03 1.001511E+08 82.117
1.00248e+02 4.57142e-03 450.68 9.858643E+02 1.015871E+03 1.001511E+08 82.117
1.01269e+02 4.57205e-03 450.68 9.857285E+02 1.016011E+03 1.001511E+08 82.117
1.02289e+02 4.57263e-03 450.68 9.856035E+02 1.01614E+03 1.001511E+08 82.117
1.03309e+02 4.57330e-03 450.68 9.854591E+02 1.016289E+03 1.001511E+08 82.117
1.04330e+02 4.57394e-03 450.68 9.853212E+02 1.016431E+03 1.001511E+08 82.117
1.05350e+02 4.57451e-03 450.68 9.851984E+02 1.016558E+03 1.001511E+08 82.117
1.06371e+02 4.57505e-03 450.68 9.850821E+02 1.016678E+03 1.001511E+08 82.117
1.07391e+02 4.57557e-03 450.68 9.849702E+02 1.016793E+03 1.001511E+08 82.117
1.08452e+02 4.57606e-03 450.68 9.848647E+02 1.016902E+03 1.001511E+08 82.117
1.09473e+02 4.57675e-03 450.68 9.847162E+02 1.017056E+03 1.001511E+08 82.117
1.10493e+02 4.57723e-03 450.68 9.84613E+02 1.017162E+03 1.001511E+08 82.117
1.11513e+02 4.57774e-03 451.68 9.866878E+02 1.017276E+03 1.003733E+08 82.299
1.12534e+02 4.57814e-03 451.68 9.866015E+02 1.017364E+03 1.003733E+08 82.299
1.13554e+02 4.57855e-03 451.68 9.865132E+02 1.017456E+03 1.003733E+08 82.299
1.14575e+02 4.57900e-03 451.68 9.864162E+02 1.017556E+03 1.003733E+08 82.299
1.15595e+02 4.57936e-03 451.68 9.863387E+02 1.017636E+03 1.003733E+08 82.299
1.16616e+02 4.57963e-03 451.68 9.862806E+02 1.017696E+03 1.003733E+08 82.299
1.17636e+02 4.58007e-03 451.68 9.861858E+02 1.017793E+03 1.003733E+08 82.299
1.18657e+02 4.58047e-03 451.68 9.860997E+02 1.017882E+03 1.003733E+08 82.299
1.19677e+02 4.58082e-03 451.68 9.860243E+02 1.01796E+03 1.003733E+08 82.299
1.20698e+02 4.58122e-03 451.68 9.859382E+02 1.018049E+03 1.003733E+08 82.299
1.21718e+02 4.58150e-03 451.68 9.85878E+02 1.018111E+03 1.003733E+08 82.299
1.22739e+02 4.58174e-03 451.68 9.858263E+02 1.018164E+03 1.003733E+08 82.299
1.23799e+02 4.58201e-03 451.68 9.857683E+02 1.018224E+03 1.003733E+08 82.299
1.24820e+02 4.58230e-03 451.68 9.857059E+02 1.018289E+03 1.003733E+08 82.299
1.25840e+02 4.58262e-03 451.68 9.85637E+02 1.01836E+03 1.003733E+08 82.299
1.26861e+02 4.58281e-03 451.68 9.855962E+02 1.018402E+03 1.003733E+08 82.299
1.27881e+02 4.58308e-03 451.68 9.855381E+02 1.018462E+03 1.003733E+08 82.299
1.28902e+02 4.58326e-03 451.68 9.854994E+02 1.018502E+03 1.003733E+08 82.299
1.29922e+02 4.58356e-03 451.68 9.854349E+02 1.018569E+03 1.003733E+08 82.299
1.30943e+02 4.58370e-03 451.68 9.854048E+02 1.0186E+03 1.003733E+08 82.299
1.31963e+02 4.58377e-03 451.68 9.853898E+02 1.018616E+03 1.003733E+08 82.299
1.32984e+02 4.58397e-03 451.68 9.853468E+02 1.01866E+03 1.003733E+08 82.299
1.34004e+02 4.58412e-03 451.68 9.853145E+02 1.018693E+03 1.003733E+08 82.299
1.35025e+02 4.58448e-03 452.68 9.874184E+02 1.018773E+03 1.005956E+08 82.481
1.36045e+02 4.58472e-03 452.68 9.873667E+02 1.018827E+03 1.005956E+08 82.481
1.37065e+02 4.58476e-03 452.68 9.873581E+02 1.018836E+03 1.005956E+08 82.481
1.38086e+02 4.58492e-03 452.68 9.873237E+02 1.018871E+03 1.005956E+08 82.481
1.39147e+02 4.58495e-03 452.68 9.873172E+02 1.018878E+03 1.005956E+08 82.481
1.40167e+02 4.58510e-03 452.68 9.872849E+02 1.018911E+03 1.005956E+08 82.481
1.41188e+02 4.58519e-03 452.68 9.872655E+02 1.018931E+03 1.005956E+08 82.481
1.42208e+02 4.58527e-03 452.68 9.872483E+02 1.018949E+03 1.005956E+08 82.481
1.43228e+02 4.58541e-03 452.68 9.872182E+02 1.01898E+03 1.005956E+08 82.481
1.44249e+02 4.58531e-03 452.68 9.872397E+02 1.018958E+03 1.005956E+08 82.481
1.45269e+02 4.58547e-03 452.68 9.872052E+02 1.018993E+03 1.005956E+08 82.481
1.46290e+02 4.58574e-03 452.68 9.871471E+02 1.019053E+03 1.005956E+08 82.481
1.47310e+02 4.58580e-03 452.68 9.871342E+02 1.019067E+03 1.005956E+08 82.481
1.48331e+02 4.58577e-03 452.68 9.871407E+02 1.01906E+03 1.005956E+08 82.481
1.49351e+02 4.58565e-03 452.68 9.871665E+02 1.019033E+03 1.005956E+08 82.481
1.50372e+02 4.58574e-03 452.68 9.871471E+02 1.019053E+03 1.005956E+08 82.481
1.51392e+02 4.58569e-03 452.68 9.871579E+02 1.019042E+03 1.005956E+08 82.481
1.52413e+02 4.58564e-03 452.68 9.871686E+02 1.019031E+03 1.005956E+08 82.481
1.53433e+02 4.58565e-03 452.68 9.871665E+02 1.019033E+03 1.005956E+08 82.481
1.54494e+02 4.58572e-03 452.68 9.871514E+02 1.019049E+03 1.005956E+08 82.481
1.55514e+02 4.58574e-03 452.68 9.871471E+02 1.019053E+03 1.005956E+08 82.481
1.56535e+02 4.58561e-03 452.68 9.871751E+02 1.019024E+03 1.005956E+08 82.481
1.57555e+02 4.58564e-03 452.68 9.871686E+02 1.019031E+03 1.005956E+08 82.481
1.58576e+02 4.58554e-03 452.68 9.871902E+02 1.019009E+03 1.005956E+08 82.481
1.59596e+02 4.58554e-03 452.68 9.871902E+02 1.019009E+03 1.005956E+08 82.481
1.60616e+02 4.58572e-03 452.68 9.871514E+02 1.019049E+03 1.005956E+08 82.481
1.61637e+02 4.58553e-03 452.68 9.871923E+02 1.019007E+03 1.005956E+08 82.481
1.62657e+02 4.58546e-03 452.68 9.872074E+02 1.018991E+03 1.005956E+08 82.481
1.63678e+02 4.58531e-03 452.68 9.872397E+02 1.018958E+03 1.005956E+08 82.481
1.64698e+02 4.58515e-03 452.68 9.872741E+02 1.018922E+03 1.005956E+08 82.481
1.65719e+02 4.58509e-03 452.68 9.872871E+02 1.018909E+03 1.005956E+08 82.481
1.66739e+02 4.58492e-03 452.68 9.873237E+02 1.018871E+03 1.005956E+08 82.481
1.67760e+02 4.58492e-03 452.68 9.873237E+02 1.018871E+03 1.005956E+08 82.481
1.68780e+02 4.58472e-03 452.68 9.873667E+02 1.018827E+03 1.005956E+08 82.481
1.69841e+02 4.58465e-03 452.68 9.873818E+02 1.018811E+03 1.005956E+08 82.481
1.70861e+02 4.58456e-03 452.68 9.874012E+02 1.018791E+03 1.005956E+08 82.481
1.71882e+02 4.58456e-03 452.68 9.874012E+02 1.018791E+03 1.005956E+08 82.481
1.72902e+02 4.58440e-03 452.68 9.874357E+02 1.018756E+03 1.005956E+08 82.481
1.73923e+02 4.58428e-03 452.68 9.874615E+02 1.018729E+03 1.005956E+08 82.481
1.74943e+02 4.58410e-03 452.68 9.875003E+02 1.018689E+03 1.005956E+08 82.481
1.75964e+02 4.58388e-03 452.68 9.875477E+02 1.01864E+03 1.005956E+08 82.481
1.76984e+02 4.58372e-03 452.68 9.875821E+02 1.018604E+03 1.005956E+08 82.481
1.78005e+02 4.58362e-03 452.68 9.876037E+02 1.018582E+03 1.005956E+08 82.481
1.79025e+02 4.58351e-03 452.68 9.876274E+02 1.018558E+03 1.005956E+08 82.481
1.80045e+02 4.58331e-03 452.68 9.876705E+02 1.018513E+03 1.005956E+08 82.481
1.81066e+02 4.58312e-03 452.68 9.877114E+02 1.018471E+03 1.005956E+08 82.481
1.82086e+02 4.58300e-03 452.68 9.877373E+02 1.018444E+03 1.005956E+08 82.481
1.83107e+02 4.58280e-03 452.68 9.877804E+02 1.0184E+03 1.005956E+08 82.481
1.84127e+02 4.58264e-03 452.68 9.878149E+02 1.018364E+03 1.005956E+08 82.481
1.85188e+02 4.58238e-03 452.68 9.878709E+02 1.018307E+03 1.005956E+08 82.481
1.86209e+02 4.58219e-03 452.68 9.879119E+02 1.018264E+03 1.005956E+08 82.481
1.87229e+02 4.58197e-03 452.68 9.879593E+02 1.018216E+03 1.005956E+08 82.481
1.88249e+02 4.58172e-03 452.68 9.880132E+02 1.01816E+03 1.005956E+08 82.481
1.89270e+02 4.58128e-03 452.68 9.881081E+02 1.018062E+03 1.005956E+08 82.481
1.90290e+02 4.58115e-03 452.68 9.881362E+02 1.018033E+03 1.005956E+08 82.481
1.91311e+02 4.58092e-03 452.68 9.881858E+02 1.017982E+03 1.005956E+08 82.481
1.92331e+02 4.58081e-03 452.68 9.882095E+02 1.017958E+03 1.005956E+08 82.481
1.93352e+02 4.58059e-03 452.68 9.88257E+02 1.017909E+03 1.005956E+08 82.481
1.94372e+02 4.58029e-03 452.68 9.883217E+02 1.017842E+03 1.005956E+08 82.481
1.95393e+02 4.57997e-03 452.68 9.883908E+02 1.017771E+03 1.005956E+08 82.481
1.96413e+02 4.57976e-03 452.68 9.884361E+02 1.017724E+03 1.005956E+08 82.481
1.97434e+02 4.57953e-03 452.68 9.884857E+02 1.017673E+03 1.005956E+08 82.481
1.98454e+02 4.57930e-03 452.68 9.885354E+02 1.017622E+03 1.005956E+08 82.481
1.99475e+02 4.57896e-03 452.68 9.886088E+02 1.017547E+03 1.005956E+08 82.481
2.00536e+02 4.57879e-03 452.68 9.886455E+02 1.017509E+03 1.005956E+08 82.481
2.01556e+02 4.57847e-03 452.68 9.887146E+02 1.017438E+03 1.005956E+08 82.481
2.02577e+02 4.57826e-03 452.68 9.887599E+02 1.017391E+03 1.005956E+08 82.481
2.03597e+02 4.57795e-03 452.68 9.888269E+02 1.017322E+03 1.005956E+08 82.481
2.04618e+02 4.57768e-03 452.68 9.888852E+02 1.017262E+03 1.005956E+08 82.481
2.05638e+02 4.57733e-03 452.68 9.889608E+02 1.017184E+03 1.005956E+08 82.481
2.06659e+02 4.57700e-03 452.68 9.890321E+02 1.017111E+03 1.005956E+08 82.481
2.07679e+02 4.57683e-03 452.68 9.890689E+02 1.017073E+03 1.005956E+08 82.481
2.08700e+02 4.57653e-03 452.68 9.891337E+02 1.017007E+03 1.005956E+08 82.481
2.09720e+02 4.57628e-03 452.68 9.891877E+02 1.016951E+03 1.005956E+08 82.481
2.10741e+02 4.57605e-03 452.68 9.892374E+02 1.0169E+03 1.005956E+08 82.481
2.11761e+02 4.57565e-03 452.68 9.893239E+02 1.016811E+03 1.005956E+08 82.481
2.12782e+02 4.57532e-03 452.68 9.893953E+02 1.016738E+03 1.005956E+08 82.481
2.13802e+02 4.57505e-03 452.68 9.894537E+02 1.016678E+03 1.005956E+08 82.481
2.14823e+02 4.57470e-03 452.68 9.895294E+02 1.0166E+03 1.005956E+08 82.481
2.15884e+02 4.57444e-03 452.68 9.895856E+02 1.016542E+03 1.005956E+08 82.481
2.16904e+02 4.57407e-03 452.68 9.896657E+02 1.01646E+03 1.005956E+08 82.481
2.17925e+02 4.57380e-03 452.68 9.897241E+02 1.0164E+03 1.005956E+08 82.481
2.18945e+02 4.57346e-03 452.68 9.897977E+02 1.016324E+03 1.005956E+08 82.481
2.19965e+02 4.57327e-03 452.68 9.898388E+02 1.016282E+03 1.005956E+08 82.481
2.20986e+02 4.57273e-03 452.68 9.899557E+02 1.016162E+03 1.005956E+08 82.481
2.22006e+02 4.57249e-03 452.68 9.900076E+02 1.016109E+03 1.005956E+08 82.481
2.23027e+02 4.57217e-03 452.68 9.900769E+02 1.016038E+03 1.005956E+08 82.481
2.24047e+02 4.57192e-03 452.68 9.901311E+02 1.015982E+03 1.005956E+08 82.481
2.25068e+02 4.57158e-03 452.68 9.902047E+02 1.015907E+03 1.005956E+08 82.481
2.26088e+02 4.57116e-03 452.68 9.902957E+02 1.015813E+03 1.005956E+08 82.481
2.27109e+02 4.57076e-03 452.68 9.903823E+02 1.015724E+03 1.005956E+08 82.481
2.28129e+02 4.57040e-03 452.68 9.904604E+02 1.015644E+03 1.005956E+08 82.481
2.29150e+02 4.57018e-03 452.68 9.90508E+02 1.015596E+03 1.005956E+08 82.481
2.30170e+02 4.56961e-03 452.68 9.906316E+02 1.015469E+03 1.005956E+08 82.481
2.31231e+02 4.56899e-03 452.68 9.90766E+02 1.015331E+03 1.005956E+08 82.481
2.32251e+02 4.56875e-03 452.68 9.908181E+02 1.015278E+03 1.005956E+08 82.481
2.33272e+02 4.56828e-03 452.68 9.9092E+02 1.015173E+03 1.005956E+08 82.481
2.34292e+02 4.56804e-03 452.68 9.909721E+02 1.01512E+03 1.005956E+08 82.481
2.35313e+02 4.56764e-03 452.68 9.910588E+02 1.015031E+03 1.005956E+08 82.481
2.36333e+02 4.56721e-03 452.68 9.911521E+02 1.014936E+03 1.005956E+08 82.481
2.37354e+02 4.56688e-03 452.68 9.912238E+02 1.014862E+03 1.005956E+08 82.481
2.38374e+02 4.56649e-03 452.68 9.913084E+02 1.014776E+03 1.005956E+08 82.481
2.39395e+02 4.55520e-03 446.67 9.805717E+02 1.012267E+03 9.926E+07 81.386
2.40415e+02 -1.66148e-10 4.1 -2.467679E+08 -3.692178E-05 9.111111E+05 0.747
2.42879e+02 -6.01029e-11 0.01 -1.663813E+06 -1.33562E-05 2.222222E+03 0.002
2.46519e+02 4.42485e-03 0.01 2.259964E-02 9.833E+02 2.222222E+03 0.002
2.50540e+02 -2.52957e-10 0.01 -3.953241E+05 -5.621267E-05 2.222222E+03 0.002
2.53003e+02 5.26280e-11 1.1 2.090142E+08 1.169511E-05 2.444444E+05 0.2
2.58064e+02 -5.59213e-12 1.1 -1.96705E+09 -1.242696E-06 2.444444E+05 0.2
2.61705e+02 -3.13862e-11 44.14 -1.406351E+10 -6.974711E-06 9.808889E+06 8.043
2.63925e+02 8.23602e-11 251.6 3.054874E+10 1.830227E-05 5.591111E+07 45.843
2.66186e+02 -9.03587e-11 212.53 -2.35207E+10 -2.007971E-05 4.722889E+07 38.724
2.68406e+02 -4.77326e-11 234.6 -4.91488E+10 -1.060724E-05 5.213333E+07 42.745
2.70627e+02 -5.33649e-11 239.61 -4.49003E+10 -1.185887E-05 5.324667E+07 43.658
2.72847e+02 3.29533e-11 141.37 4.29001E+10 7.322956E-06 3.141556E+07 25.758
2.75068e+02 -4.24117e-11 127.33 -3.002238E+10 -9.424822E-06 2.829556E+07 23.2
2.77288e+02 -5.55243e-12 169.44 -3.051637E+11 -1.233873E-06 3.765333E+07 30.873
2.79509e+02 -3.88037e-11 180.45 -4.65033E+10 -8.623044E-06 4.01E+07 32.879
2.81729e+02 1.79244e-11 146.36 8.165406E+10 3.9832E-06 3.252444E+07 26.668
2.85410e+02 1.95704e-10 203.48 1.039733E+10 4.348978E-05 4.521778E+07 37.075
2.87331e+02 8.27121e-10 405.78 4.905933E+09 1.838047E-04 9.017333E+07 73.935
2.89251e+02 -1.58256e-10 254.56 -1.608533E+10 -3.5168E-05 5.656889E+07 46.382
2.91172e+02 3.84036e-11 175.37 4.566499E+10 8.534133E-06 3.897111E+07 31.953
2.96232e+02 -2.91874e-11 115.24 -3.948279E+10 -6.486089E-06 2.560889E+07 20.997
2.99873e+02 4.12774e-12 272.54 6.602645E+11 9.172756E-07 6.056444E+07 49.658
3.03554e+02 -1.91604e-11 275.53 -1.438018E+11 -4.257867E-06 6.122889E+07 50.203
3.08615e+02 1.52821e-10 269.51 1.763567E+10 3.396022E-05 5.989111E+07 49.106
3.10535e+02 -2.36421e-09 285.53 -1.207718E+09 -5.2538E-04 6.345111E+07 52.025
3.12611e+02 5.37345e-10 174.3 3.243726E+09 1.1941E-04 3.873333E+07 31.758
3.15141e+02 1.02890e-02 165.29 1.606473E+02 2.286444E+03 3.673111E+07 30.117
3.17422e+02 1.03091e-02 166.29 1.613041E+02 2.290911E+03 3.695333E+07 30.299
3.18483e+02 -2.26758e-12 175.31 -7.73115E+11 -5.039067E-07 3.895778E+07 31.942
3.21246e+02 -6.34707e-11 168.3 -2.651617E+10 -1.41046E-05 3.74E+07 30.665
3.23467e+02 1.07061e-03 196.35 1.834001E+03 2.379133E+02 4.363333E+07 35.776
3.27447e+02 9.72921e-10 165.3 1.699007E+09 2.162047E-04 3.673333E+07 30.119
3.29911e+02 -1.84453e-09 154.28 -8.36419E+08 -4.098956E-04 3.428444E+07 28.111
3.31987e+02 8.64417e-03 140.25 1.622481E+02 1.920927E+03 3.116667E+07 25.554
3.33282e+02 2.77312e-11 1579.195 5.694651E+11 6.162489E-06 3.509322E+08 287.738
3.37506e+02 -1.88378e-12 684.86 -3.635563E+12 -4.186178E-07 1.521911E+08 124.785
3.39726e+02 -1.30924e-12 809.104 -6.179952E+12 -2.909422E-07 1.798009E+08 147.423
3.41947e+02 -9.95175e-11 41.1 -4.129927E+09 -2.2115E-05 9.133333E+06 7.489
3.44167e+02 -8.27952e-11 63.14 -7.626046E+09 -1.839893E-05 1.403111E+07 11.504
3.46388e+02 -1.50074e-11 0.01 -6.663379E+06 -3.334978E-06 2.222222E+03 0.002
