dt(__) I(__) lux CurrCoeff. CurrA/m^-2. lux/m^-2 %lux/m^-2
4.40000e-05 4.76162e-03 387.59 8.139877E+02 1.058138E+03 8.613111E+07 100.0
1.02036e+00 3.70771e-03 350.54 9.454353E+02 8.239356E+02 7.789778E+07 90.441
2.04076e+00 3.49127e-03 320.49 9.179754E+02 7.758378E+02 7.122E+07 82.688
3.06126e+00 3.42018e-03 306.47 8.960639E+02 7.6004E+02 6.810444E+07 79.071
4.08177e+00 3.40178e-03 303.46 8.920624E+02 7.559511E+02 6.743556E+07 78.294
5.10225e+00 3.40661e-03 302.46 8.878621E+02 7.570244E+02 6.721333E+07 78.036
6.12274e+00 3.42277e-03 302.46 8.836702E+02 7.606156E+02 6.721333E+07 78.036
7.14321e+00 3.44458e-03 303.47 8.810073E+02 7.654622E+02 6.743778E+07 78.297
8.16367e+00 3.46887e-03 305.47 8.806038E+02 7.7086E+02 6.788222E+07 78.813
9.18414e+00 3.49447e-03 307.47 8.798759E+02 7.765489E+02 6.832667E+07 79.329
1.02046e+01 3.52012e-03 310.47 8.81987E+02 7.822489E+02 6.899333E+07 80.103
1.12251e+01 3.54532e-03 312.48 8.813873E+02 7.878489E+02 6.944E+07 80.621
1.22455e+01 3.57005e-03 314.48 8.80884E+02 7.933444E+02 6.988444E+07 81.137
1.32660e+01 3.59400e-03 316.48 8.805787E+02 7.986667E+02 7.032889E+07 81.653
1.42865e+01 3.61730e-03 318.49 8.804633E+02 8.038444E+02 7.077556E+07 82.172
1.53070e+01 3.63968e-03 320.49 8.805444E+02 8.088178E+02 7.122E+07 82.688
1.63677e+01 3.66217e-03 322.49 8.805981E+02 8.138156E+02 7.166444E+07 83.204
1.73882e+01 3.68302e-03 325.5 8.837856E+02 8.184489E+02 7.233333E+07 83.98
1.84086e+01 3.70314e-03 327.5 8.843846E+02 8.2292E+02 7.277778E+07 84.497
1.94291e+01 3.72256e-03 328.5 8.824572E+02 8.272356E+02 7.3E+07 84.755
2.04496e+01 3.74129e-03 330.5 8.833851E+02 8.313978E+02 7.344444E+07 85.271
2.14701e+01 3.75944e-03 332.51 8.844668E+02 8.354311E+02 7.389111E+07 85.789
2.24905e+01 3.77696e-03 334.51 8.856594E+02 8.393244E+02 7.433556E+07 86.305
2.35110e+01 3.79392e-03 335.51 8.84336E+02 8.430933E+02 7.455778E+07 86.563
2.45314e+01 3.81051e-03 338.52 8.88385E+02 8.4678E+02 7.522667E+07 87.34
2.55519e+01 3.82629e-03 340.52 8.899482E+02 8.502867E+02 7.567111E+07 87.856
2.65724e+01 3.84188e-03 341.52 8.889398E+02 8.537511E+02 7.589333E+07 88.114
2.75929e+01 3.85699e-03 343.52 8.906427E+02 8.571089E+02 7.633778E+07 88.63
2.86133e+01 3.87161e-03 344.52 8.898624E+02 8.603578E+02 7.656E+07 88.888
2.96338e+01 3.88574e-03 346.53 8.917992E+02 8.634978E+02 7.700667E+07 89.406
3.06543e+01 3.89951e-03 348.53 8.93779E+02 8.665578E+02 7.745111E+07 89.922
3.17150e+01 3.91336e-03 350.53 8.957264E+02 8.696356E+02 7.789556E+07 90.438
3.27355e+01 3.92669e-03 351.53 8.952324E+02 8.725978E+02 7.811778E+07 90.696
3.37560e+01 3.93953e-03 352.54 8.948783E+02 8.754511E+02 7.834222E+07 90.957
3.47764e+01 3.95182e-03 354.54 8.971562E+02 8.781822E+02 7.878667E+07 91.473
3.57969e+01 3.96397e-03 355.54 8.969291E+02 8.808822E+02 7.900889E+07 91.731
3.68173e+01 3.97577e-03 356.54 8.967823E+02 8.835044E+02 7.923111E+07 91.989
3.78378e+01 3.98738e-03 358.54 8.991869E+02 8.860844E+02 7.967556E+07 92.505
3.88583e+01 3.99876e-03 360.55 9.016545E+02 8.886133E+02 8.012222E+07 93.024
3.98788e+01 4.00983e-03 361.55 9.016592E+02 8.910733E+02 8.034444E+07 93.282
4.08992e+01 4.02067e-03 362.55 9.017154E+02 8.934822E+02 8.056667E+07 93.54
4.19197e+01 4.03132e-03 363.55 9.018138E+02 8.958489E+02 8.078889E+07 93.798
4.29402e+01 4.04158e-03 365.55 9.04473E+02 8.981289E+02 8.123333E+07 94.314
4.39607e+01 4.05171e-03 366.56 9.047044E+02 9.0038E+02 8.145778E+07 94.574
4.49811e+01 4.06173e-03 368.56 9.073966E+02 9.026067E+02 8.190222E+07 95.09
4.60016e+01 4.07133e-03 369.56 9.077132E+02 9.0474E+02 8.212444E+07 95.348
4.70623e+01 4.08127e-03 370.56 9.079527E+02 9.069489E+02 8.234667E+07 95.606
4.80828e+01 4.09053e-03 371.56 9.08342E+02 9.090067E+02 8.256889E+07 95.864
4.91033e+01 4.09976e-03 372.56 9.087361E+02 9.110578E+02 8.279111E+07 96.122
5.01238e+01 4.10865e-03 373.57 9.092281E+02 9.130333E+02 8.301556E+07 96.383
5.11442e+01 4.11738e-03 374.57 9.09729E+02 9.149733E+02 8.323778E+07 96.641
5.21647e+01 4.12590e-03 376.57 9.126978E+02 9.168667E+02 8.368222E+07 97.157
5.31852e+01 4.13429e-03 377.57 9.132644E+02 9.187311E+02 8.390444E+07 97.415
5.42057e+01 4.14261e-03 378.57 9.138442E+02 9.2058E+02 8.412667E+07 97.673
5.52261e+01 4.15075e-03 379.57 9.144612E+02 9.223889E+02 8.434889E+07 97.931
5.62466e+01 4.15877e-03 380.58 9.151263E+02 9.241711E+02 8.457333E+07 98.191
5.72671e+01 4.16652e-03 381.58 9.158242E+02 9.258933E+02 8.479556E+07 98.449
5.82876e+01 4.17416e-03 382.58 9.165437E+02 9.275911E+02 8.501778E+07 98.707
5.93080e+01 4.18169e-03 383.58 9.172846E+02 9.292644E+02 8.524E+07 98.965
6.03285e+01 4.18892e-03 384.58 9.180887E+02 9.308711E+02 8.546222E+07 99.223
6.13490e+01 4.19619e-03 385.58 9.188812E+02 9.324867E+02 8.568444E+07 99.481
6.24097e+01 4.20370e-03 386.58 9.196184E+02 9.341556E+02 8.590667E+07 99.739
6.34302e+01 4.21074e-03 387.59 9.204795E+02 9.3572E+02 8.613111E+07 100.0
6.44507e+01 4.21757e-03 387.59 9.189889E+02 9.372378E+02 8.613111E+07 100.0
6.54712e+01 4.22428e-03 389.59 9.222637E+02 9.387289E+02 8.657556E+07 100.516
6.64916e+01 4.23097e-03 390.59 9.231689E+02 9.402156E+02 8.679778E+07 100.774
6.75121e+01 4.23744e-03 390.59 9.217594E+02 9.416533E+02 8.679778E+07 100.774
6.85326e+01 4.24383e-03 391.59 9.227278E+02 9.430733E+02 8.702E+07 101.032
6.95530e+01 4.25002e-03 392.59 9.237368E+02 9.444489E+02 8.724222E+07 101.29
7.05735e+01 4.25633e-03 393.59 9.247168E+02 9.458511E+02 8.746444E+07 101.548
7.15940e+01 4.26234e-03 393.6 9.234364E+02 9.471867E+02 8.746667E+07 101.551
7.26144e+01 4.26821e-03 395.6 9.268522E+02 9.484911E+02 8.791111E+07 102.067
7.36349e+01 4.27416e-03 395.6 9.25562E+02 9.498133E+02 8.791111E+07 102.067
7.46554e+01 4.27984e-03 396.6 9.266702E+02 9.510756E+02 8.813333E+07 102.325
7.56759e+01 4.28555e-03 397.6 9.277689E+02 9.523444E+02 8.835556E+07 102.583
7.66963e+01 4.29130e-03 398.6 9.288561E+02 9.536222E+02 8.857778E+07 102.841
7.77571e+01 4.29691e-03 398.6 9.276434E+02 9.548689E+02 8.857778E+07 102.841
7.87775e+01 4.30234e-03 399.6 9.287969E+02 9.560756E+02 8.88E+07 103.099
7.97980e+01 4.30752e-03 400.61 9.300247E+02 9.572267E+02 8.902444E+07 103.359
8.08185e+01 4.31290e-03 401.61 9.311832E+02 9.584222E+02 8.924667E+07 103.617
8.18390e+01 4.31817e-03 401.61 9.300468E+02 9.595933E+02 8.924667E+07 103.617
8.28595e+01 4.32308e-03 402.61 9.313036E+02 9.606844E+02 8.946889E+07 103.875
8.38800e+01 4.32816e-03 403.61 9.32521E+02 9.618133E+02 8.969111E+07 104.133
8.49005e+01 4.33295e-03 403.61 9.314901E+02 9.628778E+02 8.969111E+07 104.133
8.59210e+01 4.33773e-03 404.61 9.32769E+02 9.6394E+02 8.991333E+07 104.391
8.69414e+01 4.34261e-03 405.61 9.340235E+02 9.650244E+02 9.013556E+07 104.649
8.79619e+01 4.34729e-03 406.61 9.353183E+02 9.660644E+02 9.035778E+07 104.907
8.89824e+01 4.35201e-03 406.61 9.343039E+02 9.671133E+02 9.035778E+07 104.907
9.00029e+01 4.35643e-03 407.61 9.356514E+02 9.680956E+02 9.058E+07 105.165
9.10233e+01 4.36085e-03 407.62 9.34726E+02 9.690778E+02 9.058222E+07 105.168
9.20438e+01 4.36527e-03 408.62 9.360704E+02 9.7006E+02 9.080444E+07 105.426
9.31046e+01 4.36988e-03 409.62 9.373713E+02 9.710844E+02 9.102667E+07 105.684
9.41251e+01 4.37406e-03 409.62 9.364755E+02 9.720133E+02 9.102667E+07 105.684
9.51455e+01 4.37831e-03 410.62 9.378504E+02 9.729578E+02 9.124889E+07 105.942
9.61660e+01 4.38249e-03 411.62 9.392377E+02 9.738867E+02 9.147111E+07 106.2
9.71865e+01 4.38648e-03 411.62 9.383834E+02 9.747733E+02 9.147111E+07 106.2
9.82069e+01 4.39057e-03 412.62 9.397869E+02 9.756822E+02 9.169333E+07 106.458
9.92274e+01 4.39456e-03 412.62 9.389336E+02 9.765689E+02 9.169333E+07 106.458
1.00248e+02 4.39834e-03 0.01 2.273585E-02 9.774089E+02 2.222222E+03 0.003
1.01268e+02 4.40221e-03 414.62 9.418451E+02 9.782689E+02 9.213778E+07 106.974
1.02289e+02 4.40597e-03 414.62 9.410414E+02 9.791044E+02 9.213778E+07 106.974
1.03309e+02 4.40973e-03 415.63 9.425294E+02 9.7994E+02 9.236222E+07 107.234
1.04330e+02 4.41347e-03 415.63 9.417307E+02 9.807711E+02 9.236222E+07 107.234
1.05350e+02 4.41700e-03 416.63 9.43242E+02 9.815556E+02 9.258444E+07 107.492
1.06371e+02 4.42053e-03 416.63 9.424888E+02 9.8234E+02 9.258444E+07 107.492
1.07391e+02 4.42408e-03 417.63 9.439929E+02 9.831289E+02 9.280667E+07 107.75
1.08452e+02 4.42776e-03 417.63 9.432083E+02 9.839467E+02 9.280667E+07 107.75
1.09472e+02 4.43106e-03 418.63 9.447627E+02 9.8468E+02 9.302889E+07 108.008
1.10493e+02 4.43439e-03 418.63 9.440532E+02 9.8542E+02 9.302889E+07 108.008
1.11513e+02 4.43767e-03 419.63 9.456088E+02 9.861489E+02 9.325111E+07 108.266
1.12534e+02 4.44077e-03 419.63 9.449487E+02 9.868378E+02 9.325111E+07 108.266
1.13554e+02 4.44407e-03 419.63 9.442471E+02 9.875711E+02 9.325111E+07 108.266
1.14575e+02 4.44728e-03 421.64 9.480851E+02 9.882844E+02 9.369778E+07 108.785
1.15595e+02 4.45038e-03 424.65 9.541882E+02 9.889733E+02 9.436667E+07 109.562
1.16616e+02 4.45335e-03 425.66 9.558198E+02 9.896333E+02 9.459111E+07 109.822
1.17636e+02 4.45636e-03 426.66 9.574182E+02 9.903022E+02 9.481333E+07 110.08
1.18657e+02 4.45944e-03 424.65 9.522496E+02 9.909867E+02 9.436667E+07 109.562
1.19677e+02 4.46233e-03 422.64 9.471285E+02 9.916289E+02 9.392E+07 109.043
1.20698e+02 4.46528e-03 423.64 9.487423E+02 9.922844E+02 9.414222E+07 109.301
1.21718e+02 4.46801e-03 423.64 9.481626E+02 9.928911E+02 9.414222E+07 109.301
1.22739e+02 4.47091e-03 424.64 9.497843E+02 9.935356E+02 9.436444E+07 109.559
1.23799e+02 4.47365e-03 424.64 9.492026E+02 9.941444E+02 9.436444E+07 109.559
1.24820e+02 4.47648e-03 425.64 9.508364E+02 9.947733E+02 9.458667E+07 109.817
1.25840e+02 4.47909e-03 426.65 9.525372E+02 9.953533E+02 9.481111E+07 110.078
1.26861e+02 4.48167e-03 429.66 9.587051E+02 9.959267E+02 9.548E+07 110.854
1.27881e+02 4.48425e-03 432.67 9.648659E+02 9.965E+02 9.614889E+07 111.631
1.28902e+02 4.48693e-03 436.69 9.73249E+02 9.970956E+02 9.704222E+07 112.668
1.29922e+02 4.48938e-03 439.71 9.794448E+02 9.9764E+02 9.771333E+07 113.447
1.30943e+02 4.49183e-03 442.72 9.856117E+02 9.981844E+02 9.838222E+07 114.224
1.31963e+02 4.49450e-03 444.74 9.895205E+02 9.987778E+02 9.883111E+07 114.745
1.32984e+02 4.49687e-03 447.75 9.956926E+02 9.993044E+02 9.95E+07 115.522
1.34004e+02 4.49921e-03 450.77 1.001887E+03 9.998244E+02 1.001711E+08 116.301
1.35024e+02 4.50147e-03 453.78 1.008071E+03 1.000327E+03 1.0084E+08 117.077
1.36045e+02 4.50377e-03 452.78 1.005336E+03 1.000838E+03 1.006178E+08 116.819
1.37065e+02 4.50613e-03 449.76 9.98107E+02 1.001362E+03 9.994667E+07 116.04
1.38086e+02 4.50835e-03 447.74 9.93135E+02 1.001856E+03 9.949778E+07 115.519
1.39147e+02 4.51065e-03 445.73 9.881724E+02 1.002367E+03 9.905111E+07 115.0
1.40167e+02 4.51278e-03 443.72 9.83252E+02 1.00284E+03 9.860444E+07 114.482
1.41188e+02 4.51497e-03 440.7 9.760862E+02 1.003327E+03 9.793333E+07 113.703
1.42208e+02 4.51693e-03 437.68 9.689767E+02 1.003762E+03 9.726222E+07 112.923
1.43229e+02 4.51899e-03 435.67 9.640871E+02 1.00422E+03 9.681556E+07 112.405
1.44249e+02 4.52113e-03 433.65 9.591629E+02 1.004696E+03 9.636667E+07 111.884
1.45269e+02 4.52315e-03 432.65 9.565237E+02 1.005144E+03 9.614444E+07 111.626
1.46290e+02 4.52523e-03 432.65 9.56084E+02 1.005607E+03 9.614444E+07 111.626
1.47310e+02 4.52715e-03 433.65 9.578874E+02 1.006033E+03 9.636667E+07 111.884
1.48331e+02 4.52908e-03 433.65 9.574792E+02 1.006462E+03 9.636667E+07 111.884
1.49351e+02 4.53109e-03 433.65 9.570545E+02 1.006909E+03 9.636667E+07 111.884
1.50372e+02 4.53293e-03 433.65 9.56666E+02 1.007318E+03 9.636667E+07 111.884
1.51392e+02 4.53472e-03 434.65 9.584936E+02 1.007716E+03 9.658889E+07 112.142
1.52413e+02 4.53671e-03 434.65 9.580731E+02 1.008158E+03 9.658889E+07 112.142
1.53433e+02 4.53846e-03 434.65 9.577037E+02 1.008547E+03 9.658889E+07 112.142
1.54494e+02 4.54020e-03 435.65 9.595392E+02 1.008933E+03 9.681111E+07 112.4
1.55514e+02 4.54193e-03 435.65 9.591737E+02 1.009318E+03 9.681111E+07 112.4
1.56535e+02 4.54367e-03 435.66 9.588284E+02 1.009704E+03 9.681333E+07 112.402
1.57555e+02 4.54546e-03 436.66 9.606508E+02 1.010102E+03 9.703556E+07 112.66
1.58576e+02 4.54702e-03 436.66 9.603213E+02 1.010449E+03 9.703556E+07 112.66
1.59596e+02 4.54862e-03 436.66 9.599835E+02 1.010804E+03 9.703556E+07 112.66
1.60617e+02 4.55029e-03 436.66 9.596311E+02 1.011176E+03 9.703556E+07 112.66
1.61637e+02 4.55189e-03 437.66 9.614907E+02 1.011531E+03 9.725778E+07 112.918
1.62658e+02 4.55355e-03 437.66 9.611402E+02 1.0119E+03 9.725778E+07 112.918
1.63678e+02 4.55499e-03 437.66 9.608364E+02 1.01222E+03 9.725778E+07 112.918
1.64699e+02 4.55647e-03 438.66 9.627189E+02 1.012549E+03 9.748E+07 113.176
1.65719e+02 4.55794e-03 438.66 9.624085E+02 1.012876E+03 9.748E+07 113.176
1.66740e+02 4.55934e-03 438.66 9.621129E+02 1.013187E+03 9.748E+07 113.176
1.67760e+02 4.56092e-03 438.66 9.617796E+02 1.013538E+03 9.748E+07 113.176
