V(__) I(__) lux CurrC oeff. CurrA/m^-2. lux/m^-1
0.00000e+00 -9.47927e-11 0.1 -1.054934E+09 -2.106504E-05 2.222222E+04 
2.50000e-01 3.57461e-07 0.1 2.797508E+05 7.943578E-02 2.222222E+04 
5.00000e-01 8.33331e-07 0.1 1.200003E+05 1.851847E-01 2.222222E+04 
7.50000e-01 1.41057e-06 0.1 7.089333E+04 3.1346E-01 2.222222E+04 
1.00000e+00 2.17975e-06 0.1 4.587682E+04 4.843889E-01 2.222222E+04 
1.25000e+00 3.13270e-06 0.1 3.192135E+04 6.961556E-01 2.222222E+04 
1.50000e+00 4.53463e-06 0.1 2.205252E+04 1.007696E+00 2.222222E+04 
1.75000e+00 6.25084e-06 0.1 1.599785E+04 1.389076E+00 2.222222E+04 
2.00000e+00 7.71402e-06 0.1 1.296341E+04 1.714227E+00 2.222222E+04 
2.25000e+00 1.39223e-05 0.1 7.182721E+03 3.093844E+00 2.222222E+04 
2.50000e+00 2.67585e-05 0.1 3.73713E+03 5.946333E+00 2.222222E+04 
2.75000e+00 4.07920e-05 0.1 2.451461E+03 9.064889E+00 2.222222E+04 
3.00000e+00 4.76093e-05 0.1 2.10043E+03 1.057984E+01 2.222222E+04 
3.25000e+00 5.05117e-05 0.1 1.979739E+03 1.122482E+01 2.222222E+04 
3.50000e+00 6.12616e-05 0.1 1.632344E+03 1.361369E+01 2.222222E+04 
3.75000e+00 1.48734e-04 0.1 6.723412E+02 3.3052E+01 2.222222E+04 
4.00000e+00 4.27161e-05 0.1 2.341038E+03 9.492467E+00 2.222222E+04 
4.25000e+00 2.97434e-05 0.1 3.36209E+03 6.609644E+00 2.222222E+04 
4.50000e+00 1.65454e-05 0.1 6.043976E+03 3.676756E+00 2.222222E+04 
4.75000e+00 1.93410e-05 0.1 5.170363E+03 4.298E+00 2.222222E+04 
5.00000e+00 4.39032e-06 0.1 2.277738E+04 9.756267E-01 2.222222E+04 
5.25000e+00 6.61929e-06 0.1 1.510736E+04 1.470953E+00 2.222222E+04 
5.50000e+00 5.86423e-06 1.1 1.875779E+05 1.303162E+00 2.444444E+05 
5.75000e+00 6.72768e-06 1.1 1.635036E+05 1.49504E+00 2.444444E+05 
6.00000e+00 8.39515e-06 2.1 2.501444E+05 1.865589E+00 4.666667E+05 
6.25000e+00 9.23839e-06 2.1 2.273123E+05 2.052976E+00 4.666667E+05 
6.50000e+00 1.08125e-05 3.1 2.867052E+05 2.402778E+00 6.888889E+05 
6.75000e+00 1.24287e-05 5.1 4.103406E+05 2.761933E+00 1.133333E+06 
7.00000e+00 1.33433e-05 6.1 4.571583E+05 2.965178E+00 1.355556E+06 
7.25000e+00 1.62683e-05 8.1 4.979008E+05 3.615178E+00 1.8E+06 
7.50000e+00 1.81907e-05 11.1 6.102019E+05 4.042378E+00 2.466667E+06 
7.75000e+00 2.09393e-05 14.1 6.733749E+05 4.653178E+00 3.133333E+06 
8.00000e+00 2.53359e-05 18.1 7.144013E+05 5.6302E+00 4.022222E+06 
8.25000e+00 2.69834e-05 24.1 8.931417E+05 5.996311E+00 5.355556E+06 
8.50000e+00 3.16811e-05 30.1 9.500933E+05 7.040244E+00 6.688889E+06 
8.75000e+00 4.06534e-05 38.2 9.396508E+05 9.034089E+00 8.488889E+06 
9.00000e+00 4.28996e-05 47.2 1.100243E+06 9.533244E+00 1.048889E+07 
9.25000e+00 5.03746e-05 59.2 1.175195E+06 1.119436E+01 1.315556E+07 
9.50000e+00 5.89883e-05 73.3 1.242619E+06 1.310851E+01 1.628889E+07 
9.75000e+00 7.04432e-05 89.3 1.267688E+06 1.565404E+01 1.984444E+07 
1.00000e+01 8.17416e-05 108.4 1.32613E+06 1.81648E+01 2.408889E+07 
1.02500e+01 9.65918e-05 130.4 1.350011E+06 2.146484E+01 2.897778E+07 
1.05000e+01 1.09575e-04 153.5 1.400867E+06 2.435E+01 3.411111E+07 
1.07500e+01 1.24041e-04 182.6 1.472094E+06 2.756467E+01 4.057778E+07 
1.10000e+01 1.39793e-04 214.7 1.535842E+06 3.106511E+01 4.771111E+07 
1.12500e+01 1.55277e-04 251.8 1.621618E+06 3.4506E+01 5.595556E+07 
1.15000e+01 1.73285e-04 290.9 1.678737E+06 3.850778E+01 6.464444E+07 
1.17500e+01 1.88484e-04 335.1 1.77787E+06 4.188533E+01 7.446667E+07 
1.20000e+01 2.03163e-04 384.12 1.890699E+06 4.514733E+01 8.536E+07 
1.20000e+01 2.13459e-04 371.11 1.738554E+06 4.743533E+01 8.246889E+07 
1.17500e+01 1.88439e-04 302.9 1.607417E+06 4.187533E+01 6.731111E+07 
1.15000e+01 1.67837e-04 246.8 1.470474E+06 3.729711E+01 5.484444E+07 
1.12500e+01 1.49481e-04 199.6 1.335287E+06 3.3218E+01 4.435556E+07 
1.10000e+01 1.30903e-04 162.5 1.241377E+06 2.908956E+01 3.611111E+07 
1.07500e+01 1.14515e-04 131.4 1.147448E+06 2.544778E+01 2.92E+07 
1.05000e+01 9.91034e-05 104.4 1.053445E+06 2.202298E+01 2.32E+07 
1.02500e+01 9.18651e-05 84.3 9.176499E+05 2.041447E+01 1.873333E+07 
1.00000e+01 7.73576e-05 67.3 8.699856E+05 1.719058E+01 1.495556E+07 
9.75000e+00 7.11137e-05 53.2 7.480978E+05 1.580304E+01 1.182222E+07 
9.50000e+00 6.69069e-05 42.2 6.307272E+05 1.48682E+01 9.377778E+06 
9.25000e+00 5.15886e-05 33.2 6.43553E+05 1.146413E+01 7.377778E+06 
9.00000e+00 5.01262e-05 26.1 5.206858E+05 1.113916E+01 5.8E+06 
8.75000e+00 4.28458e-05 20.1 4.691242E+05 9.521289E+00 4.466667E+06 
8.50000e+00 3.47482e-05 16.1 4.633334E+05 7.721822E+00 3.577778E+06 
8.25000e+00 3.01023e-05 12.1 4.019626E+05 6.6894E+00 2.688889E+06 
8.00000e+00 2.63345e-05 9.1 3.455543E+05 5.852111E+00 2.022222E+06 
7.75000e+00 2.52021e-05 7.1 2.817226E+05 5.600467E+00 1.577778E+06 
7.50000e+00 1.97257e-05 5.1 2.58546E+05 4.383489E+00 1.133333E+06 
7.25000e+00 1.75382e-05 4.1 2.337754E+05 3.897378E+00 9.111111E+05 
7.00000e+00 1.80261e-05 3.1 1.719729E+05 4.0058E+00 6.888889E+05 
6.75000e+00 1.35913e-05 2.1 1.545106E+05 3.020289E+00 4.666667E+05 
6.50000e+00 1.17057e-05 1.1 9.397131E+04 2.601267E+00 2.444444E+05 
6.25000e+00 1.01984e-05 1.1 1.078601E+05 2.266311E+00 2.444444E+05 
6.00000e+00 9.25481e-06 1.1 1.188571E+05 2.056624E+00 2.444444E+05 
5.75000e+00 1.21984e-05 0.1 8.197796E+03 2.710756E+00 2.222222E+04 
5.50000e+00 1.55871e-05 0.1 6.415562E+03 3.4638E+00 2.222222E+04 
5.25000e+00 2.11307e-05 0.1 4.732451E+03 4.695711E+00 2.222222E+04 
5.00000e+00 2.64204e-05 0.1 3.784954E+03 5.8712E+00 2.222222E+04 
4.75000e+00 5.92139e-05 0.1 1.688793E+03 1.315864E+01 2.222222E+04 
4.50000e+00 3.87833e-06 0.1 2.578429E+04 8.618511E-01 2.222222E+04 
4.25000e+00 3.66882e-06 0.1 2.725672E+04 8.152933E-01 2.222222E+04 
4.00000e+00 2.35127e-05 0.1 4.253021E+03 5.225044E+00 2.222222E+04 
3.75000e+00 1.91549e-05 0.1 5.220596E+03 4.256644E+00 2.222222E+04 
3.50000e+00 4.55595e-05 0.1 2.194932E+03 1.012433E+01 2.222222E+04 
3.25000e+00 4.21678e-05 0.1 2.371478E+03 9.370622E+00 2.222222E+04 
3.00000e+00 6.03361e-05 0.1 1.657383E+03 1.340802E+01 2.222222E+04 
2.75000e+00 6.68087e-05 0.1 1.496811E+03 1.484638E+01 2.222222E+04 
2.50000e+00 6.53533e-05 0.1 1.530145E+03 1.452296E+01 2.222222E+04 
2.25000e+00 4.94255e-05 0.1 2.023247E+03 1.098344E+01 2.222222E+04 
2.00000e+00 4.07073e-05 0.1 2.456562E+03 9.046067E+00 2.222222E+04 
1.75000e+00 3.14069e-05 0.1 3.184014E+03 6.979311E+00 2.222222E+04 
1.50000e+00 2.50867e-05 0.1 3.986176E+03 5.574822E+00 2.222222E+04 
1.25000e+00 1.97413e-05 0.1 5.065523E+03 4.386956E+00 2.222222E+04 
1.00000e+00 1.43698e-05 0.1 6.959039E+03 3.193289E+00 2.222222E+04 
7.50000e-01 9.62945e-06 0.1 1.038481E+04 2.139878E+00 2.222222E+04 
5.00000e-01 5.67960e-06 0.1 1.760687E+04 1.262133E+00 2.222222E+04 
2.50000e-01 2.46503e-06 0.1 4.056746E+04 5.477844E-01 2.222222E+04 
0.00000e+00 -7.91451e-10 0.1 -1.263502E+08 -1.75878E-04 2.222222E+04 
      
