V(__) I(__) lux CurrC oeff. CurrA/m^-2. lux/m^-1
0.00000e+00 -1.96159e-11 0.1 -5.097905E+09 -4.359089E-06 2.222222E+04 
2.50000e-01 8.89340e-08 0.1 1.124429E+06 1.976311E-02 2.222222E+04 
5.00000e-01 1.88779e-07 0.1 5.297199E+05 4.195089E-02 2.222222E+04 
7.50000e-01 3.03275e-07 0.1 3.297337E+05 6.739444E-02 2.222222E+04 
1.00000e+00 4.31569e-07 0.1 2.317127E+05 9.590422E-02 2.222222E+04 
1.25000e+00 5.73245e-07 0.1 1.744455E+05 1.273878E-01 2.222222E+04 
1.50000e+00 7.04770e-07 0.1 1.418903E+05 1.566156E-01 2.222222E+04 
1.75000e+00 8.47015e-07 0.1 1.180617E+05 1.882256E-01 2.222222E+04 
2.00000e+00 9.93520e-07 0.1 1.006522E+05 2.207822E-01 2.222222E+04 
2.25000e+00 1.14053e-06 0.1 8.767854E+04 2.534511E-01 2.222222E+04 
2.50000e+00 1.28864e-06 0.1 7.760119E+04 2.863644E-01 2.222222E+04 
2.75000e+00 1.43759e-06 0.1 6.956086E+04 3.194644E-01 2.222222E+04 
3.00000e+00 1.59373e-06 0.1 6.274589E+04 3.541622E-01 2.222222E+04 
3.25000e+00 1.74030e-06 0.1 5.746136E+04 3.867333E-01 2.222222E+04 
3.50000e+00 1.89318e-06 0.1 5.282118E+04 4.207067E-01 2.222222E+04 
3.75000e+00 2.04861e-06 0.1 4.881359E+04 4.552467E-01 2.222222E+04 
4.00000e+00 2.20407e-06 0.1 4.537061E+04 4.897933E-01 2.222222E+04 
4.25000e+00 2.36471e-06 0.1 4.228848E+04 5.254911E-01 2.222222E+04 
4.50000e+00 2.53221e-06 0.1 3.94912E+04 5.627133E-01 2.222222E+04 
4.75000e+00 2.71256e-06 0.1 3.686554E+04 6.027911E-01 2.222222E+04 
5.00000e+00 2.88618e-06 0.1 3.464787E+04 6.413733E-01 2.222222E+04 
5.25000e+00 3.06580e-06 0.1 3.261791E+04 6.812889E-01 2.222222E+04 
5.50000e+00 3.27248e-06 0.1 3.055786E+04 7.272178E-01 2.222222E+04 
5.75000e+00 3.47629e-06 1.1 3.164293E+05 7.725089E-01 2.444444E+05 
6.00000e+00 3.69666e-06 1.1 2.975659E+05 8.2148E-01 2.444444E+05 
6.25000e+00 3.94371e-06 1.1 2.789252E+05 8.7638E-01 2.444444E+05 
6.50000e+00 4.19574e-06 2.1 5.005077E+05 9.323867E-01 4.666667E+05 
6.75000e+00 4.48152e-06 3.1 6.917296E+05 9.958933E-01 6.888889E+05 
7.00000e+00 4.80859e-06 4.1 8.526408E+05 1.068576E+00 9.111111E+05 
7.25000e+00 5.17251e-06 5.1 9.859817E+05 1.149447E+00 1.133333E+06 
7.50000e+00 5.58996e-06 7.1 1.270134E+06 1.242213E+00 1.577778E+06 
7.75000e+00 6.07234e-06 9.1 1.498599E+06 1.349409E+00 2.022222E+06 
8.00000e+00 6.63041e-06 12.1 1.824925E+06 1.473424E+00 2.688889E+06 
8.25000e+00 7.27905e-06 15.1 2.074447E+06 1.617567E+00 3.355556E+06 
8.50000e+00 8.05052e-06 20.1 2.496733E+06 1.789004E+00 4.466667E+06 
8.75000e+00 9.08205e-06 25.1 2.763693E+06 2.018233E+00 5.577778E+06 
9.00000e+00 1.00557e-05 31.1 3.092773E+06 2.2346E+00 6.911111E+06 
9.25000e+00 1.14032e-05 39.2 3.437632E+06 2.534044E+00 8.711111E+06 
9.50000e+00 1.29145e-05 49.2 3.809671E+06 2.869889E+00 1.093333E+07 
9.75000e+00 1.46951e-05 60.2 4.096604E+06 3.265578E+00 1.337778E+07 
1.00000e+01 1.67707e-05 74.3 4.430346E+06 3.726822E+00 1.651111E+07 
1.02500e+01 1.94367e-05 91.3 4.697299E+06 4.319267E+00 2.028889E+07 
1.05000e+01 2.24045e-05 110.4 4.927582E+06 4.978778E+00 2.453333E+07 
1.07500e+01 2.57554e-05 132.4 5.14067E+06 5.723422E+00 2.942222E+07 
1.10000e+01 2.98776e-05 158.5 5.304978E+06 6.639467E+00 3.522222E+07 
1.12500e+01 3.43106e-05 187.6 5.467698E+06 7.624578E+00 4.168889E+07 
1.15000e+01 3.98784e-05 220.7 5.534324E+06 8.861867E+00 4.904444E+07 
1.17500e+01 4.57183e-05 258.8 5.660753E+06 1.015962E+01 5.751111E+07 
1.20000e+01 5.38034e-05 301.9 5.61117E+06 1.195631E+01 6.708889E+07 
1.20000e+01 5.21337e-05 293.9 5.637428E+06 1.158527E+01 6.531111E+07 
1.17500e+01 4.41730e-05 239.7 5.426392E+06 9.816222E+00 5.326667E+07 
1.15000e+01 3.80013e-05 194.6 5.120877E+06 8.444733E+00 4.324444E+07 
1.12500e+01 3.23667e-05 158.5 4.897008E+06 7.1926E+00 3.522222E+07 
1.10000e+01 2.74745e-05 128.4 4.673424E+06 6.105444E+00 2.853333E+07 
1.07500e+01 2.35884e-05 103.4 4.383511E+06 5.241867E+00 2.297778E+07 
1.05000e+01 2.05424e-05 83.3 4.055028E+06 4.564978E+00 1.851111E+07 
1.02500e+01 1.75503e-05 66.2 3.772015E+06 3.900067E+00 1.471111E+07 
1.00000e+01 1.52708e-05 53.2 3.483773E+06 3.393511E+00 1.182222E+07 
9.75000e+00 1.33315e-05 42.2 3.165435E+06 2.962556E+00 9.377778E+06 
9.50000e+00 1.17433e-05 33.2 2.827144E+06 2.609622E+00 7.377778E+06 
9.25000e+00 1.04492e-05 26.1 2.497799E+06 2.322044E+00 5.8E+06 
9.00000e+00 9.34537e-06 21.1 2.257803E+06 2.076749E+00 4.688889E+06 
8.75000e+00 8.39939e-06 16.1 1.916806E+06 1.866531E+00 3.577778E+06 
8.50000e+00 7.62215e-06 12.1 1.587479E+06 1.693811E+00 2.688889E+06 
8.25000e+00 6.93441e-06 9.1 1.312296E+06 1.54098E+00 2.022222E+06 
8.00000e+00 6.41308e-06 7.1 1.107112E+06 1.425129E+00 1.577778E+06 
7.75000e+00 5.94242e-06 5.1 8.582362E+05 1.320538E+00 1.133333E+06 
7.50000e+00 5.53719e-06 4.1 7.404478E+05 1.230487E+00 9.111111E+05 
7.25000e+00 5.15725e-06 3.1 6.010955E+05 1.146056E+00 6.888889E+05 
7.00000e+00 4.81554e-06 2.1 4.360882E+05 1.07012E+00 4.666667E+05 
6.75000e+00 4.50835e-06 2.1 4.658023E+05 1.001856E+00 4.666667E+05 
6.50000e+00 4.23655e-06 1.1 2.596452E+05 9.414556E-01 2.444444E+05 
6.25000e+00 3.99725e-06 1.1 2.751892E+05 8.882778E-01 2.444444E+05 
6.00000e+00 3.76135e-06 0.1 2.65862E+04 8.358556E-01 2.222222E+04 
5.75000e+00 3.53380e-06 0.1 2.829815E+04 7.852889E-01 2.222222E+04 
5.50000e+00 3.33071e-06 0.1 3.002363E+04 7.401578E-01 2.222222E+04 
5.25000e+00 3.13347e-06 0.1 3.19135E+04 6.963267E-01 2.222222E+04 
5.00000e+00 2.94691e-06 0.1 3.393385E+04 6.548689E-01 2.222222E+04 
4.75000e+00 2.76662e-06 0.1 3.614519E+04 6.148044E-01 2.222222E+04 
4.50000e+00 2.59447e-06 0.1 3.854352E+04 5.765489E-01 2.222222E+04 
4.25000e+00 2.42955e-06 0.1 4.115989E+04 5.399E-01 2.222222E+04 
4.00000e+00 2.26309e-06 0.1 4.418737E+04 5.029089E-01 2.222222E+04 
3.75000e+00 2.10399e-06 0.1 4.752874E+04 4.675533E-01 2.222222E+04 
3.50000e+00 1.94100e-06 0.1 5.151984E+04 4.313333E-01 2.222222E+04 
3.25000e+00 1.78130e-06 0.1 5.613878E+04 3.958444E-01 2.222222E+04 
3.00000e+00 1.64762e-06 0.1 6.069361E+04 3.661378E-01 2.222222E+04 
2.75000e+00 1.47124e-06 0.1 6.796988E+04 3.269422E-01 2.222222E+04 
2.50000e+00 1.33536e-06 0.1 7.488617E+04 2.967467E-01 2.222222E+04 
2.25000e+00 1.17512e-06 0.1 8.509769E+04 2.611378E-01 2.222222E+04 
2.00000e+00 1.02246e-06 0.1 9.780334E+04 2.272133E-01 2.222222E+04 
1.75000e+00 8.80789e-07 0.1 1.135346E+05 1.957309E-01 2.222222E+04 
1.50000e+00 7.16470e-07 0.1 1.395732E+05 1.592156E-01 2.222222E+04 
1.25000e+00 6.00571e-07 0.1 1.665082E+05 1.334602E-01 2.222222E+04 
1.00000e+00 4.62559e-07 0.1 2.161886E+05 1.027909E-01 2.222222E+04 
7.50000e-01 3.29637e-07 0.1 3.03364E+05 7.325267E-02 2.222222E+04 
5.00000e-01 2.06215e-07 0.1 4.849308E+05 4.582556E-02 2.222222E+04 
2.50000e-01 9.87310e-08 0.1 1.012853E+06 2.194022E-02 2.222222E+04 
0.00000e+00 -2.21287e-10 0.1 -4.519018E+08 -4.917489E-05 2.222222E+04 
      
