V(__) I(__) lux CurrC oeff. CurrA/m^-2. lux/m^-1
0.00000e+00 -3.84373e-11 0.1 -2.60164E+09 -8.541622E-06 2.222222E+04 
2.50000e-01 1.11259e-07 0.1 8.988037E+05 2.472422E-02 2.222222E+04 
5.00000e-01 2.24273e-07 0.1 4.458851E+05 4.983844E-02 2.222222E+04 
7.50000e-01 3.43749e-07 0.1 2.909099E+05 7.638867E-02 2.222222E+04 
1.00000e+00 4.70922e-07 0.1 2.123494E+05 1.046493E-01 2.222222E+04 
1.25000e+00 6.01349e-07 0.1 1.662928E+05 1.336331E-01 2.222222E+04 
1.50000e+00 7.37778e-07 0.1 1.355421E+05 1.639507E-01 2.222222E+04 
1.75000e+00 8.73488e-07 0.1 1.144835E+05 1.941084E-01 2.222222E+04 
2.00000e+00 1.01559e-06 0.1 9.846493E+04 2.256867E-01 2.222222E+04 
2.25000e+00 1.16022e-06 0.1 8.619055E+04 2.578267E-01 2.222222E+04 
2.50000e+00 1.30467e-06 0.1 7.664773E+04 2.899267E-01 2.222222E+04 
2.75000e+00 1.45348e-06 0.1 6.88004E+04 3.229956E-01 2.222222E+04 
3.00000e+00 1.60456e-06 0.1 6.232238E+04 3.565689E-01 2.222222E+04 
3.25000e+00 1.76262e-06 0.1 5.673373E+04 3.916933E-01 2.222222E+04 
3.50000e+00 1.92504e-06 0.1 5.194697E+04 4.277867E-01 2.222222E+04 
3.75000e+00 2.08060e-06 0.1 4.806306E+04 4.623556E-01 2.222222E+04 
4.00000e+00 2.23772e-06 0.1 4.468834E+04 4.972711E-01 2.222222E+04 
4.25000e+00 2.40162e-06 0.1 4.163856E+04 5.336933E-01 2.222222E+04 
4.50000e+00 2.57345e-06 0.1 3.885834E+04 5.718778E-01 2.222222E+04 
4.75000e+00 2.75461e-06 0.1 3.630278E+04 6.121356E-01 2.222222E+04 
5.00000e+00 2.94570e-06 0.1 3.394779E+04 6.546E-01 2.222222E+04 
5.25000e+00 3.17907e-06 0.1 3.145574E+04 7.0646E-01 2.222222E+04 
5.50000e+00 3.44872e-06 1.1 3.189589E+05 7.663822E-01 2.444444E+05 
5.75000e+00 3.78670e-06 1.1 2.904904E+05 8.414889E-01 2.444444E+05 
6.00000e+00 4.03779e-06 2.1 5.200865E+05 8.972867E-01 4.666667E+05 
6.25000e+00 4.25430e-06 3.1 7.286745E+05 9.454E-01 6.888889E+05 
6.50000e+00 4.72015e-06 4.1 8.686165E+05 1.048922E+00 9.111111E+05 
6.75000e+00 5.02745e-06 5.1 1.014431E+06 1.117211E+00 1.133333E+06 
7.00000e+00 5.51861e-06 7.1 1.286556E+06 1.226358E+00 1.577778E+06 
7.25000e+00 6.07080e-06 9.1 1.498979E+06 1.349067E+00 2.022222E+06 
7.50000e+00 6.54074e-06 12.1 1.849944E+06 1.453498E+00 2.688889E+06 
7.75000e+00 7.21222e-06 15.1 2.093669E+06 1.602716E+00 3.355556E+06 
8.00000e+00 7.94829e-06 20.1 2.528846E+06 1.766287E+00 4.466667E+06 
8.25000e+00 8.59807e-06 25.1 2.91926E+06 1.910682E+00 5.577778E+06 
8.50000e+00 1.06972e-05 32.2 3.010133E+06 2.377156E+00 7.155556E+06 
8.75000e+00 1.17253e-05 41.2 3.513769E+06 2.605622E+00 9.155556E+06 
9.00000e+00 1.30998e-05 51.2 3.908457E+06 2.911067E+00 1.137778E+07 
9.25000e+00 1.50092e-05 63.2 4.210751E+06 3.335378E+00 1.404444E+07 
9.50000e+00 1.67238e-05 78.3 4.68195E+06 3.7164E+00 1.74E+07 
9.75000e+00 1.98214e-05 95.3 4.807935E+06 4.404756E+00 2.117778E+07 
1.00000e+01 2.27179e-05 116.4 5.123713E+06 5.048422E+00 2.586667E+07 
1.02500e+01 2.64377e-05 140.5 5.314381E+06 5.875044E+00 3.122222E+07 
1.05000e+01 2.99165e-05 167.5 5.598917E+06 6.648111E+00 3.722222E+07 
1.07500e+01 3.44457e-05 198.6 5.765596E+06 7.6546E+00 4.413333E+07 
1.10000e+01 3.99818e-05 233.7 5.84516E+06 8.884844E+00 5.193333E+07 
1.12500e+01 4.46457e-05 273.8 6.132729E+06 9.921267E+00 6.084444E+07 
1.15000e+01 5.23383e-05 317.9 6.073946E+06 1.163073E+01 7.064444E+07 
1.17500e+01 5.70664e-05 365.11 6.397986E+06 1.268142E+01 8.113556E+07 
1.20000e+01 6.63892e-05 417.12 6.28295E+06 1.475316E+01 9.269333E+07 
1.20000e+01 6.45716e-05 401.12 6.212019E+06 1.434924E+01 8.913778E+07 
1.17500e+01 5.43101e-05 326.1 6.004408E+06 1.206891E+01 7.246667E+07 
1.15000e+01 4.49407e-05 264.8 5.892209E+06 9.986822E+00 5.884444E+07 
1.12500e+01 3.82201e-05 214.7 5.617463E+06 8.493356E+00 4.771111E+07 
1.10000e+01 3.22306e-05 173.5 5.383083E+06 7.162356E+00 3.855556E+07 
1.07500e+01 2.75091e-05 139.5 5.071049E+06 6.113133E+00 3.1E+07 
1.05000e+01 2.33619e-05 112.4 4.811253E+06 5.191533E+00 2.497778E+07 
1.02500e+01 2.02393e-05 90.3 4.461617E+06 4.497622E+00 2.006667E+07 
1.00000e+01 1.73200e-05 71.3 4.116628E+06 3.848889E+00 1.584444E+07 
9.75000e+00 1.49902e-05 57.2 3.815826E+06 3.331156E+00 1.271111E+07 
9.50000e+00 1.31742e-05 45.2 3.430948E+06 2.9276E+00 1.004444E+07 
9.25000e+00 1.15129e-05 35.2 3.05744E+06 2.558422E+00 7.822222E+06 
9.00000e+00 1.01869e-05 28.1 2.758445E+06 2.263756E+00 6.244444E+06 
8.75000e+00 8.92480e-06 22.1 2.476246E+06 1.983289E+00 4.911111E+06 
8.50000e+00 8.11662e-06 17.1 2.106788E+06 1.803693E+00 3.8E+06 
8.25000e+00 7.34690e-06 13.1 1.783065E+06 1.632644E+00 2.911111E+06 
8.00000e+00 6.70993e-06 10.1 1.505232E+06 1.491096E+00 2.244444E+06 
7.75000e+00 6.18482e-06 7.1 1.147972E+06 1.374404E+00 1.577778E+06 
7.50000e+00 5.68709e-06 6.1 1.072605E+06 1.263798E+00 1.355556E+06 
7.25000e+00 5.27388e-06 4.1 7.774162E+05 1.171973E+00 9.111111E+05 
7.00000e+00 4.92185e-06 3.1 6.298445E+05 1.093744E+00 6.888889E+05 
6.75000e+00 4.65482e-06 2.1 4.511453E+05 1.034404E+00 4.666667E+05 
6.50000e+00 4.36560e-06 2.1 4.810335E+05 9.701333E-01 4.666667E+05 
6.25000e+00 4.10803e-06 1.1 2.677682E+05 9.128956E-01 2.444444E+05 
6.00000e+00 3.84750e-06 1.1 2.858999E+05 8.55E-01 2.444444E+05 
5.75000e+00 3.61130e-06 0.1 2.769086E+04 8.025111E-01 2.222222E+04 
5.50000e+00 3.39750e-06 0.1 2.943341E+04 7.55E-01 2.222222E+04 
5.25000e+00 3.20262e-06 0.1 3.122443E+04 7.116933E-01 2.222222E+04 
5.00000e+00 2.99874e-06 0.1 3.334734E+04 6.663867E-01 2.222222E+04 
4.75000e+00 2.80893e-06 0.1 3.560074E+04 6.242067E-01 2.222222E+04 
4.50000e+00 2.63424e-06 0.1 3.796161E+04 5.853867E-01 2.222222E+04 
4.25000e+00 2.46098e-06 0.1 4.063422E+04 5.468844E-01 2.222222E+04 
4.00000e+00 2.29259e-06 0.1 4.361879E+04 5.094644E-01 2.222222E+04 
3.75000e+00 2.12354e-06 0.1 4.709118E+04 4.718978E-01 2.222222E+04 
3.50000e+00 1.96039e-06 0.1 5.101026E+04 4.356422E-01 2.222222E+04 
3.25000e+00 1.80647e-06 0.1 5.535658E+04 4.014378E-01 2.222222E+04 
3.00000e+00 1.64599e-06 0.1 6.075371E+04 3.657756E-01 2.222222E+04 
2.75000e+00 1.48871e-06 0.1 6.717225E+04 3.308244E-01 2.222222E+04 
2.50000e+00 1.33476e-06 0.1 7.491984E+04 2.966133E-01 2.222222E+04 
2.25000e+00 1.18785e-06 0.1 8.418571E+04 2.639667E-01 2.222222E+04 
2.00000e+00 1.03490e-06 0.1 9.662769E+04 2.299778E-01 2.222222E+04 
1.75000e+00 8.86562e-07 0.1 1.127953E+05 1.970138E-01 2.222222E+04 
1.50000e+00 7.39950e-07 0.1 1.351443E+05 1.644333E-01 2.222222E+04 
1.25000e+00 6.01171e-07 0.1 1.66342E+05 1.335936E-01 2.222222E+04 
1.00000e+00 4.61973e-07 0.1 2.164629E+05 1.026607E-01 2.222222E+04 
7.50000e-01 3.33269e-07 0.1 3.000579E+05 7.405978E-02 2.222222E+04 
5.00000e-01 2.12282e-07 0.1 4.710715E+05 4.717378E-02 2.222222E+04 
2.50000e-01 1.03981e-07 0.1 9.617142E+05 2.310689E-02 2.222222E+04 
0.00000e+00 -2.41921e-10 0.1 -4.133581E+08 -5.376022E-05 2.222222E+04 
      
