V(__) I(__) lux CurrCoeff. CurrA/m^-2. lux/m^-1
0.00000e+00 -5.79309e-11 0.1 -5.79309E-10 -1.287353E-05 2.222222E+04
2.50000e-01 7.04148e-08 0.1 7.04148E-07 1.564773E-02 2.222222E+04
5.00000e-01 2.24566e-07 0.1 2.24566E-06 4.990356E-02 2.222222E+04
7.50000e-01 6.16675e-07 0.1 6.16675E-06 1.370389E-01 2.222222E+04
1.00000e+00 1.16958e-06 0.1 1.16958E-05 2.599067E-01 2.222222E+04
1.25000e+00 1.88631e-06 0.1 1.88631E-05 4.1918E-01 2.222222E+04
1.50000e+00 2.69653e-06 0.1 2.69653E-05 5.992289E-01 2.222222E+04
1.75000e+00 3.56714e-06 0.1 3.56714E-05 7.926978E-01 2.222222E+04
2.00000e+00 4.39663e-06 0.1 4.39663E-05 9.770289E-01 2.222222E+04
2.25000e+00 5.50919e-06 0.1 5.50919E-05 1.224264E+00 2.222222E+04
2.50000e+00 7.06904e-06 0.1 7.06904E-05 1.570898E+00 2.222222E+04
2.75000e+00 8.51153e-06 0.1 8.51153E-05 1.891451E+00 2.222222E+04
3.00000e+00 1.29797e-05 0.1 1.29797E-04 2.884378E+00 2.222222E+04
3.25000e+00 2.21021e-05 0.1 2.21021E-04 4.911578E+00 2.222222E+04
3.50000e+00 2.45325e-05 0.1 2.45325E-04 5.451667E+00 2.222222E+04
3.75000e+00 3.19849e-05 0.1 3.19849E-04 7.107756E+00 2.222222E+04
4.00000e+00 3.99803e-05 0.1 3.99803E-04 8.884511E+00 2.222222E+04
4.25000e+00 4.38538e-05 0.1 4.38538E-04 9.745289E+00 2.222222E+04
4.50000e+00 5.62292e-05 0.1 5.62292E-04 1.249538E+01 2.222222E+04
4.75000e+00 4.13906e-05 1.1 3.762782E-05 9.197911E+00 2.444444E+05
5.00000e+00 4.89393e-05 1.1 4.449027E-05 1.08754E+01 2.444444E+05
5.25000e+00 6.43792e-05 2.1 3.065676E-05 1.430649E+01 4.666667E+05
5.50000e+00 2.75050e-06 3.1 8.872581E-07 6.112222E-01 6.888889E+05
5.75000e+00 5.14312e-05 5.1 1.008455E-05 1.142916E+01 1.133333E+06
6.00000e+00 5.72580e-05 7.1 8.064507E-06 1.2724E+01 1.577778E+06
6.25000e+00 3.76328e-05 10.1 3.72602E-06 8.362844E+00 2.244444E+06
6.50000e+00 6.17447e-05 14.1 4.379057E-06 1.372104E+01 3.133333E+06
6.75000e+00 3.49591e-05 19.1 1.830319E-06 7.768689E+00 4.244444E+06
7.00000e+00 5.56515e-05 25.1 2.217191E-06 1.2367E+01 5.577778E+06
7.25000e+00 8.33659e-06 33.2 2.511021E-07 1.852576E+00 7.377778E+06
7.50000e+00 9.83877e-06 43.2 2.277493E-07 2.186393E+00 9.6E+06
7.75000e+00 1.20916e-05 56.2 2.15153E-07 2.687022E+00 1.248889E+07
8.00000e+00 1.41154e-05 71.3 1.979719E-07 3.136756E+00 1.584444E+07
8.25000e+00 1.69968e-05 90.4 1.880177E-07 3.777067E+00 2.008889E+07
8.50000e+00 2.03272e-05 114.4 1.776853E-07 4.517156E+00 2.542222E+07
8.75000e+00 2.46203e-05 142.5 1.72774E-07 5.471178E+00 3.166667E+07
9.00000e+00 2.95026e-05 176.6 1.670589E-07 6.556133E+00 3.924444E+07
9.25000e+00 3.57686e-05 216.8 1.649843E-07 7.948578E+00 4.817778E+07
9.50000e+00 4.25717e-05 264.9 1.607086E-07 9.460378E+00 5.886667E+07
9.75000e+00 5.10530e-05 321.11 1.589891E-07 1.134511E+01 7.135778E+07
1.00000e+01 6.09026e-05 388.13 1.569129E-07 1.353391E+01 8.625111E+07
1.02500e+01 7.31717e-05 466.16 1.569669E-07 1.626038E+01 1.035911E+08
1.05000e+01 8.71478e-05 557.19 1.564059E-07 1.936618E+01 1.2382E+08
1.07500e+01 1.04147e-04 661.22 1.575073E-07 2.314378E+01 1.469378E+08
1.10000e+01 1.22421e-04 779.26 1.57099E-07 2.720467E+01 1.731689E+08
1.12500e+01 1.44772e-04 912.3 1.58689E-07 3.217156E+01 2.027333E+08
1.15000e+01 1.70536e-04 1063.35 1.603762E-07 3.789689E+01 2.363E+08
1.17500e+01 2.00027e-04 1230.41 1.625694E-07 4.445044E+01 2.734244E+08
1.20000e+01 2.43246e-04 1416.47 1.717269E-07 5.405467E+01 3.147711E+08
1.20000e+01 2.39846e-04 1381.46 1.736178E-07 5.329911E+01 3.069911E+08
1.17500e+01 2.06523e-04 1143.38 1.80625E-07 4.5894E+01 2.540844E+08
1.15000e+01 1.70770e-04 943.31 1.810327E-07 3.794889E+01 2.096244E+08
1.12500e+01 1.46444e-04 777.26 1.884106E-07 3.254311E+01 1.727244E+08
1.10000e+01 1.19899e-04 638.22 1.878647E-07 2.664422E+01 1.418267E+08
1.07500e+01 1.00524e-04 523.18 1.921404E-07 2.233867E+01 1.162622E+08
1.05000e+01 8.50633e-05 426.15 1.996088E-07 1.890296E+01 9.47E+07
1.02500e+01 7.26403e-05 347.12 2.092657E-07 1.614229E+01 7.713778E+07
1.00000e+01 6.09851e-05 281.1 2.169516E-07 1.355224E+01 6.246667E+07
9.75000e+00 5.10990e-05 226.8 2.253042E-07 1.135533E+01 5.04E+07
9.50000e+00 4.33449e-05 181.7 2.38552E-07 9.6322E+00 4.037778E+07
9.25000e+00 3.66202e-05 145.5 2.516852E-07 8.137822E+00 3.233333E+07
9.00000e+00 3.11496e-05 115.4 2.699272E-07 6.922133E+00 2.564444E+07
8.75000e+00 2.54766e-05 90.4 2.818208E-07 5.661467E+00 2.008889E+07
8.50000e+00 2.15814e-05 71.3 3.026844E-07 4.795867E+00 1.584444E+07
8.25000e+00 1.84410e-05 55.2 3.340761E-07 4.098E+00 1.226667E+07
8.00000e+00 1.57006e-05 42.2 3.720521E-07 3.489022E+00 9.377778E+06
7.75000e+00 1.33202e-05 32.2 4.136708E-07 2.960044E+00 7.155556E+06
7.50000e+00 1.14279e-05 25.1 4.552948E-07 2.539533E+00 5.577778E+06
7.25000e+00 9.66215e-06 18.1 5.338204E-07 2.147144E+00 4.022222E+06
7.00000e+00 8.37176e-06 13.1 6.390656E-07 1.860391E+00 2.911111E+06
6.75000e+00 7.04599e-06 10.1 6.976228E-07 1.565776E+00 2.244444E+06
6.50000e+00 6.17477e-06 7.1 8.696859E-07 1.372171E+00 1.577778E+06
6.25000e+00 5.20812e-06 5.1 1.0212E-06 1.15736E+00 1.133333E+06
6.00000e+00 4.49241e-06 3.1 1.449165E-06 9.983133E-01 6.888889E+05
5.75000e+00 3.87271e-06 2.1 1.844148E-06 8.606022E-01 4.666667E+05
5.50000e+00 3.58532e-06 1.1 3.259382E-06 7.967378E-01 2.444444E+05
5.25000e+00 3.22761e-06 1.1 2.934191E-06 7.172467E-01 2.444444E+05
5.00000e+00 2.85078e-06 0.1 2.85078E-05 6.335067E-01 2.222222E+04
4.75000e+00 2.44566e-06 0.1 2.44566E-05 5.4348E-01 2.222222E+04
4.50000e+00 2.17408e-06 0.1 2.17408E-05 4.831289E-01 2.222222E+04
4.25000e+00 1.87112e-06 0.1 1.87112E-05 4.158044E-01 2.222222E+04
4.00000e+00 1.77249e-06 0.1 1.77249E-05 3.938867E-01 2.222222E+04
3.75000e+00 1.61639e-06 0.1 1.61639E-05 3.591978E-01 2.222222E+04
3.50000e+00 1.45786e-06 0.1 1.45786E-05 3.239689E-01 2.222222E+04
3.25000e+00 1.28778e-06 0.1 1.28778E-05 2.861733E-01 2.222222E+04
3.00000e+00 1.11126e-06 0.1 1.11126E-05 2.469467E-01 2.222222E+04
2.75000e+00 1.01632e-06 0.1 1.01632E-05 2.258489E-01 2.222222E+04
2.50000e+00 8.72047e-07 0.1 8.72047E-06 1.937882E-01 2.222222E+04
2.25000e+00 7.44772e-07 0.1 7.44772E-06 1.655049E-01 2.222222E+04
2.00000e+00 6.32054e-07 0.1 6.32054E-06 1.404564E-01 2.222222E+04
1.75000e+00 5.27401e-07 0.1 5.27401E-06 1.172002E-01 2.222222E+04
1.50000e+00 4.37501e-07 0.1 4.37501E-06 9.722244E-02 2.222222E+04
1.25000e+00 3.42196e-07 0.1 3.42196E-06 7.604356E-02 2.222222E+04
1.00000e+00 2.69473e-07 0.1 2.69473E-06 5.988289E-02 2.222222E+04
7.50000e-01 1.96316e-07 0.1 1.96316E-06 4.362578E-02 2.222222E+04
5.00000e-01 1.29142e-07 0.1 1.29142E-06 2.869822E-02 2.222222E+04
2.50000e-01 6.34281e-08 0.1 6.34281E-07 1.409513E-02 2.222222E+04
0.00000e+00 -1.30675e-09 0.1 -1.30675E-08 -2.903889E-04 2.222222E+04
     
