>>head<<V(__) 	 I(__) 	 lux 	 CurrCoeff. 	 CurrA/m^-2. 	 lux/m^-1
0.00000e+00	-1.59605e-10 	 0.1 	 -1.59605E-09 	 -3.546778E-05 	 2.222222E+04
2.50000e-01	4.57149e-07 	 0.1 	 4.57149E-06 	 1.015887E-01 	 2.222222E+04
5.00000e-01	1.34074e-06 	 0.1 	 1.34074E-05 	 2.979422E-01 	 2.222222E+04
7.50000e-01	2.73479e-06 	 0.1 	 2.73479E-05 	 6.077311E-01 	 2.222222E+04
1.00000e+00	4.43740e-06 	 0.1 	 4.4374E-05 	 9.860889E-01 	 2.222222E+04
1.25000e+00	6.85181e-06 	 0.1 	 6.85181E-05 	 1.522624E+00 	 2.222222E+04
1.50000e+00	8.54325e-06 	 0.1 	 8.54325E-05 	 1.8985E+00 	 2.222222E+04
1.75000e+00	1.04589e-05 	 0.1 	 1.04589E-04 	 2.3242E+00 	 2.222222E+04
2.00000e+00	1.43732e-05 	 0.1 	 1.43732E-04 	 3.194044E+00 	 2.222222E+04
2.25000e+00	2.00030e-05 	 0.1 	 2.0003E-04 	 4.445111E+00 	 2.222222E+04
2.50000e+00	2.42372e-05 	 0.1 	 2.42372E-04 	 5.386044E+00 	 2.222222E+04
2.75000e+00	3.11351e-05 	 0.1 	 3.11351E-04 	 6.918911E+00 	 2.222222E+04
3.00000e+00	1.87219e-05 	 0.1 	 1.87219E-04 	 4.160422E+00 	 2.222222E+04
3.25000e+00	5.87659e-05 	 0.1 	 5.87659E-04 	 1.305909E+01 	 2.222222E+04
3.50000e+00	6.12056e-05 	 0.1 	 6.12056E-04 	 1.360124E+01 	 2.222222E+04
3.75000e+00	7.13307e-05 	 0.1 	 7.13307E-04 	 1.585127E+01 	 2.222222E+04
4.00000e+00	6.30057e-05 	 0.1 	 6.30057E-04 	 1.400127E+01 	 2.222222E+04
4.25000e+00	6.03927e-05 	 0.1 	 6.03927E-04 	 1.34206E+01 	 2.222222E+04
4.50000e+00	7.10176e-05 	 0.1 	 7.10176E-04 	 1.578169E+01 	 2.222222E+04
4.75000e+00	4.92755e-05 	 0.1 	 4.92755E-04 	 1.095011E+01 	 2.222222E+04
5.00000e+00	4.64949e-05 	 0.1 	 4.64949E-04 	 1.03322E+01 	 2.222222E+04
5.25000e+00	4.29919e-05 	 0.1 	 4.29919E-04 	 9.553756E+00 	 2.222222E+04
5.50000e+00	2.68856e-05 	 1.1 	 2.444145E-05 	 5.974578E+00 	 2.444444E+05
5.75000e+00	7.21190e-06 	 1.1 	 6.556273E-06 	 1.602644E+00 	 2.444444E+05
6.00000e+00	9.70259e-06 	 2.1 	 4.620281E-06 	 2.156131E+00 	 4.666667E+05
6.25000e+00	1.10443e-05 	 3.1 	 3.562677E-06 	 2.454289E+00 	 6.888889E+05
6.50000e+00	1.10370e-05 	 5.1 	 2.164118E-06 	 2.452667E+00 	 1.133333E+06
6.75000e+00	1.51512e-05 	 6.1 	 2.483803E-06 	 3.366933E+00 	 1.355556E+06
7.00000e+00	1.69384e-05 	 9.1 	 1.861363E-06 	 3.764089E+00 	 2.022222E+06
7.25000e+00	2.10595e-05 	 12.1 	 1.740455E-06 	 4.679889E+00 	 2.688889E+06
7.50000e+00	1.94137e-05 	 15.1 	 1.285675E-06 	 4.314156E+00 	 3.355556E+06
7.75000e+00	2.39633e-05 	 20.1 	 1.192204E-06 	 5.325178E+00 	 4.466667E+06
8.00000e+00	2.82214e-05 	 26.1 	 1.08128E-06 	 6.271422E+00 	 5.8E+06
8.25000e+00	3.19776e-05 	 34.2 	 9.350175E-07 	 7.106133E+00 	 7.6E+06
8.50000e+00	3.78754e-05 	 43.2 	 8.767454E-07 	 8.416756E+00 	 9.6E+06
8.75000e+00	4.13030e-05 	 55.2 	 7.482428E-07 	 9.178444E+00 	 1.226667E+07
9.00000e+00	4.47531e-05 	 69.3 	 6.457879E-07 	 9.945133E+00 	 1.54E+07
9.25000e+00	5.30670e-05 	 86.3 	 6.149131E-07 	 1.179267E+01 	 1.917778E+07
9.50000e+00	6.06139e-05 	 107.4 	 5.643752E-07 	 1.346976E+01 	 2.386667E+07
9.75000e+00	7.00878e-05 	 132.4 	 5.29364E-07 	 1.557507E+01 	 2.942222E+07
1.00000e+01	8.14424e-05 	 162.5 	 5.01184E-07 	 1.809831E+01 	 3.611111E+07
1.02500e+01	9.47547e-05 	 198.6 	 4.771133E-07 	 2.10566E+01 	 4.413333E+07
1.05000e+01	1.10350e-04 	 241.7 	 4.565577E-07 	 2.452222E+01 	 5.371111E+07
1.07500e+01	1.28367e-04 	 291.9 	 4.397636E-07 	 2.8526E+01 	 6.486667E+07
1.10000e+01	1.48941e-04 	 351.11 	 4.242004E-07 	 3.3098E+01 	 7.802444E+07
1.12500e+01	1.76020e-04 	 420.13 	 4.189656E-07 	 3.911556E+01 	 9.336222E+07
1.15000e+01	2.00950e-04 	 500.15 	 4.017795E-07 	 4.465556E+01 	 1.111444E+08
1.17500e+01	2.32147e-04 	 594.18 	 3.907015E-07 	 5.158822E+01 	 1.3204E+08
1.20000e+01	2.68703e-04 	 700.21 	 3.837463E-07 	 5.971178E+01 	 1.556022E+08
1.20000e+01	2.70612e-04 	 692.2 	 3.909448E-07 	 6.0136E+01 	 1.538222E+08
1.17500e+01	2.38799e-04 	 573.17 	 4.166286E-07 	 5.306644E+01 	 1.273711E+08
1.15000e+01	2.06739e-04 	 473.14 	 4.36951E-07 	 4.5942E+01 	 1.051422E+08
1.12500e+01	1.82486e-04 	 389.12 	 4.68971E-07 	 4.055244E+01 	 8.647111E+07
1.10000e+01	1.58070e-04 	 319.1 	 4.95362E-07 	 3.512667E+01 	 7.091111E+07
1.07500e+01	1.38738e-04 	 261.8 	 5.299389E-07 	 3.083067E+01 	 5.817778E+07
1.05000e+01	1.21021e-04 	 213.7 	 5.663126E-07 	 2.689356E+01 	 4.748889E+07
1.02500e+01	1.05787e-04 	 173.6 	 6.093721E-07 	 2.350822E+01 	 3.857778E+07
1.00000e+01	9.11535e-05 	 139.5 	 6.534301E-07 	 2.025633E+01 	 3.1E+07
9.75000e+00	7.95394e-05 	 112.4 	 7.076459E-07 	 1.767542E+01 	 2.497778E+07
9.50000e+00	7.00194e-05 	 89.3 	 7.840918E-07 	 1.555987E+01 	 1.984444E+07
9.25000e+00	6.09835e-05 	 71.3 	 8.553086E-07 	 1.355189E+01 	 1.584444E+07
9.00000e+00	5.35174e-05 	 56.2 	 9.522669E-07 	 1.189276E+01 	 1.248889E+07
8.75000e+00	4.83844e-05 	 44.2 	 1.09467E-06 	 1.075209E+01 	 9.822222E+06
8.50000e+00	4.11909e-05 	 34.2 	 1.204412E-06 	 9.153533E+00 	 7.6E+06
8.25000e+00	3.64203e-05 	 27.1 	 1.343923E-06 	 8.0934E+00 	 6.022222E+06
8.00000e+00	3.11221e-05 	 20.1 	 1.548363E-06 	 6.916022E+00 	 4.466667E+06
7.75000e+00	2.74479e-05 	 15.1 	 1.817742E-06 	 6.099533E+00 	 3.355556E+06
7.50000e+00	2.39623e-05 	 12.1 	 1.980355E-06 	 5.324956E+00 	 2.688889E+06
7.25000e+00	2.07978e-05 	 9.1 	 2.285473E-06 	 4.621733E+00 	 2.022222E+06
7.00000e+00	1.82014e-05 	 6.1 	 2.983836E-06 	 4.044756E+00 	 1.355556E+06
6.75000e+00	1.58647e-05 	 4.1 	 3.869439E-06 	 3.525489E+00 	 9.111111E+05
6.50000e+00	1.38920e-05 	 3.1 	 4.48129E-06 	 3.087111E+00 	 6.888889E+05
6.25000e+00	1.21998e-05 	 2.1 	 5.809429E-06 	 2.711067E+00 	 4.666667E+05
6.00000e+00	1.07374e-05 	 1.1 	 9.761273E-06 	 2.386089E+00 	 2.444444E+05
5.75000e+00	9.37644e-06 	 1.1 	 8.524036E-06 	 2.083653E+00 	 2.444444E+05
5.50000e+00	8.26543e-06 	 1.1 	 7.514027E-06 	 1.836762E+00 	 2.444444E+05
5.25000e+00	7.21256e-06 	 0.1 	 7.21256E-05 	 1.602791E+00 	 2.222222E+04
5.00000e+00	6.22738e-06 	 0.1 	 6.22738E-05 	 1.383862E+00 	 2.222222E+04
4.75000e+00	5.47866e-06 	 0.1 	 5.47866E-05 	 1.21748E+00 	 2.222222E+04
4.50000e+00	4.81613e-06 	 0.1 	 4.81613E-05 	 1.070251E+00 	 2.222222E+04
4.25000e+00	4.20985e-06 	 0.1 	 4.20985E-05 	 9.355222E-01 	 2.222222E+04
4.00000e+00	3.67278e-06 	 0.1 	 3.67278E-05 	 8.161733E-01 	 2.222222E+04
3.75000e+00	3.21939e-06 	 0.1 	 3.21939E-05 	 7.1542E-01 	 2.222222E+04
3.50000e+00	2.79036e-06 	 0.1 	 2.79036E-05 	 6.2008E-01 	 2.222222E+04
3.25000e+00	2.42748e-06 	 0.1 	 2.42748E-05 	 5.3944E-01 	 2.222222E+04
3.00000e+00	2.09967e-06 	 0.1 	 2.09967E-05 	 4.665933E-01 	 2.222222E+04
2.75000e+00	1.81140e-06 	 0.1 	 1.8114E-05 	 4.025333E-01 	 2.222222E+04
2.50000e+00	1.55860e-06 	 0.1 	 1.5586E-05 	 3.463556E-01 	 2.222222E+04
2.25000e+00	1.32561e-06 	 0.1 	 1.32561E-05 	 2.9458E-01 	 2.222222E+04
2.00000e+00	1.12199e-06 	 0.1 	 1.12199E-05 	 2.493311E-01 	 2.222222E+04
1.75000e+00	9.23644e-07 	 0.1 	 9.23644E-06 	 2.052542E-01 	 2.222222E+04
1.50000e+00	7.33617e-07 	 0.1 	 7.33617E-06 	 1.63026E-01 	 2.222222E+04
1.25000e+00	5.68054e-07 	 0.1 	 5.68054E-06 	 1.262342E-01 	 2.222222E+04
1.00000e+00	4.16777e-07 	 0.1 	 4.16777E-06 	 9.261711E-02 	 2.222222E+04
7.50000e-01	2.79364e-07 	 0.1 	 2.79364E-06 	 6.208089E-02 	 2.222222E+04
5.00000e-01	1.57640e-07 	 0.1 	 1.5764E-06 	 3.503111E-02 	 2.222222E+04
2.50000e-01	6.57081e-08 	 0.1 	 6.57081E-07 	 1.46018E-02 	 2.222222E+04
0.00000e+00	-7.15730e-10 	 0.1 	 -7.1573E-09 	 -1.590511E-04 	 2.222222E+04
>>END<<
DATA: /home/user/PycharmProjects/OFET_K2636B_2019.10.15/data/Seria_F4_PUB_P1P2P3_oled_000.txt
