>>head<<V(__) 	 I(__) 	 lux 	 CurrC oeff. 	 CurrA/m^-2. 	 lux/m^-1
0.00000e+00	-3.66221e-10 	 0.1 	 -2.730592E+08 	 -8.138244E-05 	 2.222222E+04
2.50000e-01	6.14019e-08 	 0.1 	 1.628614E+06 	 1.364487E-02 	 2.222222E+04
5.00000e-01	1.30069e-07 	 0.1 	 7.688227E+05 	 2.890422E-02 	 2.222222E+04
7.50000e-01	2.16438e-07 	 0.1 	 4.620261E+05 	 4.809733E-02 	 2.222222E+04
1.00000e+00	3.18998e-07 	 0.1 	 3.134816E+05 	 7.088844E-02 	 2.222222E+04
1.25000e+00	4.23154e-07 	 0.1 	 2.363206E+05 	 9.403422E-02 	 2.222222E+04
1.50000e+00	5.44461e-07 	 0.1 	 1.836679E+05 	 1.209913E-01 	 2.222222E+04
1.75000e+00	6.71037e-07 	 0.1 	 1.490231E+05 	 1.491193E-01 	 2.222222E+04
2.00000e+00	8.21142e-07 	 0.1 	 1.217816E+05 	 1.82476E-01 	 2.222222E+04
2.25000e+00	9.87091e-07 	 0.1 	 1.013078E+05 	 2.193536E-01 	 2.222222E+04
2.50000e+00	1.14439e-06 	 0.1 	 8.73828E+04 	 2.543089E-01 	 2.222222E+04
2.75000e+00	1.34838e-06 	 0.1 	 7.416307E+04 	 2.9964E-01 	 2.222222E+04
3.00000e+00	2.87923e-05 	 0.1 	 3.473151E+03 	 6.398289E+00 	 2.222222E+04
3.25000e+00	2.84047e-05 	 0.1 	 3.520544E+03 	 6.312156E+00 	 2.222222E+04
3.50000e+00	3.02729e-06 	 0.1 	 3.303284E+04 	 6.727311E-01 	 2.222222E+04
3.75000e+00	2.68262e-06 	 0.1 	 3.727699E+04 	 5.961378E-01 	 2.222222E+04
4.00000e+00	3.06819e-06 	 0.1 	 3.259251E+04 	 6.8182E-01 	 2.222222E+04
4.25000e+00	3.27380e-06 	 0.1 	 3.054554E+04 	 7.275111E-01 	 2.222222E+04
4.50000e+00	3.89277e-06 	 0.1 	 2.568865E+04 	 8.6506E-01 	 2.222222E+04
4.75000e+00	4.06644e-06 	 0.1 	 2.459153E+04 	 9.036533E-01 	 2.222222E+04
5.00000e+00	4.81176e-06 	 0.1 	 2.078242E+04 	 1.06928E+00 	 2.222222E+04
5.25000e+00	8.92098e-06 	 0.1 	 1.120953E+04 	 1.98244E+00 	 2.222222E+04
5.50000e+00	6.21626e-06 	 0.1 	 1.608684E+04 	 1.381391E+00 	 2.222222E+04
5.75000e+00	6.59222e-06 	 0.1 	 1.51694E+04 	 1.464938E+00 	 2.222222E+04
6.00000e+00	7.47896e-06 	 1.1 	 1.470793E+05 	 1.661991E+00 	 2.444444E+05
6.25000e+00	8.74712e-06 	 1.1 	 1.257557E+05 	 1.943804E+00 	 2.444444E+05
6.50000e+00	1.05239e-05 	 2.1 	 1.995458E+05 	 2.338644E+00 	 4.666667E+05
6.75000e+00	1.05622e-05 	 2.1 	 1.988222E+05 	 2.347156E+00 	 4.666667E+05
7.00000e+00	1.22646e-05 	 3.1 	 2.5276E+05 	 2.725467E+00 	 6.888889E+05
7.25000e+00	1.42610e-05 	 4.1 	 2.874974E+05 	 3.169111E+00 	 9.111111E+05
7.50000e+00	1.59731e-05 	 5.1 	 3.192868E+05 	 3.549578E+00 	 1.133333E+06
7.75000e+00	1.86614e-05 	 7.1 	 3.804645E+05 	 4.146978E+00 	 1.577778E+06
8.00000e+00	2.18465e-05 	 9.1 	 4.165427E+05 	 4.854778E+00 	 2.022222E+06
8.25000e+00	2.55811e-05 	 12.1 	 4.730055E+05 	 5.684689E+00 	 2.688889E+06
8.50000e+00	2.95763e-05 	 16.1 	 5.443548E+05 	 6.572511E+00 	 3.577778E+06
8.75000e+00	3.34306e-05 	 20.1 	 6.012456E+05 	 7.429022E+00 	 4.466667E+06
9.00000e+00	3.83905e-05 	 25.1 	 6.538076E+05 	 8.531222E+00 	 5.577778E+06
9.25000e+00	4.33969e-05 	 32.2 	 7.419885E+05 	 9.643756E+00 	 7.155556E+06
9.50000e+00	5.06991e-05 	 40.2 	 7.929135E+05 	 1.126647E+01 	 8.933333E+06
9.75000e+00	5.74878e-05 	 49.2 	 8.558338E+05 	 1.277507E+01 	 1.093333E+07
1.00000e+01	6.82233e-05 	 61.2 	 8.970542E+05 	 1.516073E+01 	 1.36E+07
1.02500e+01	7.78528e-05 	 74.3 	 9.543652E+05 	 1.730062E+01 	 1.651111E+07
1.05000e+01	8.86042e-05 	 91.3 	 1.030425E+06 	 1.968982E+01 	 2.028889E+07
1.07500e+01	1.07006e-04 	 108.4 	 1.013027E+06 	 2.377911E+01 	 2.408889E+07
1.10000e+01	1.20558e-04 	 130.4 	 1.081637E+06 	 2.679067E+01 	 2.897778E+07
1.12500e+01	1.35422e-04 	 155.5 	 1.148262E+06 	 3.009378E+01 	 3.455556E+07
1.15000e+01	1.53299e-04 	 183.6 	 1.197659E+06 	 3.406644E+01 	 4.08E+07
1.17500e+01	1.78291e-04 	 215.7 	 1.20982E+06 	 3.962022E+01 	 4.793333E+07
1.20000e+01	2.01606e-04 	 252.8 	 1.253931E+06 	 4.480133E+01 	 5.617778E+07
1.20000e+01	2.04618e-04 	 246.8 	 1.20615E+06 	 4.547067E+01 	 5.484444E+07
1.17500e+01	1.80000e-04 	 201.6 	 1.12E+06 	 4E+01 	 4.48E+07
1.15000e+01	1.58065e-04 	 164.5 	 1.040711E+06 	 3.512556E+01 	 3.655556E+07
1.12500e+01	1.39812e-04 	 134.4 	 9.612909E+05 	 3.106933E+01 	 2.986667E+07
1.10000e+01	1.23139e-04 	 108.4 	 8.80306E+05 	 2.736422E+01 	 2.408889E+07
1.07500e+01	1.08761e-04 	 88.3 	 8.118719E+05 	 2.416911E+01 	 1.962222E+07
1.05000e+01	9.61488e-05 	 70.3 	 7.311584E+05 	 2.13664E+01 	 1.562222E+07
1.02500e+01	8.38041e-05 	 56.2 	 6.706116E+05 	 1.862313E+01 	 1.248889E+07
1.00000e+01	7.40992e-05 	 45.2 	 6.099931E+05 	 1.646649E+01 	 1.004444E+07
9.75000e+00	6.55668e-05 	 36.2 	 5.521087E+05 	 1.45704E+01 	 8.044444E+06
9.50000e+00	5.84899e-05 	 28.1 	 4.804248E+05 	 1.299776E+01 	 6.244444E+06
9.25000e+00	5.31520e-05 	 22.1 	 4.157887E+05 	 1.181156E+01 	 4.911111E+06
9.00000e+00	4.59715e-05 	 17.1 	 3.719696E+05 	 1.021589E+01 	 3.8E+06
8.75000e+00	4.25325e-05 	 13.1 	 3.079998E+05 	 9.451667E+00 	 2.911111E+06
8.50000e+00	4.01932e-05 	 10.1 	 2.512863E+05 	 8.931822E+00 	 2.244444E+06
8.25000e+00	3.23071e-05 	 8.1 	 2.507189E+05 	 7.179356E+00 	 1.8E+06
8.00000e+00	2.85033e-05 	 6.1 	 2.140103E+05 	 6.334067E+00 	 1.355556E+06
7.75000e+00	2.62072e-05 	 4.1 	 1.564456E+05 	 5.823822E+00 	 9.111111E+05
7.50000e+00	2.34829e-05 	 3.1 	 1.32011E+05 	 5.218422E+00 	 6.888889E+05
7.25000e+00	2.09692e-05 	 2.1 	 1.001469E+05 	 4.659822E+00 	 4.666667E+05
7.00000e+00	1.72183e-05 	 2.1 	 1.219633E+05 	 3.826289E+00 	 4.666667E+05
6.75000e+00	1.83694e-05 	 1.1 	 5.98822E+04 	 4.082089E+00 	 2.444444E+05
6.50000e+00	1.60130e-05 	 1.1 	 6.869419E+04 	 3.558444E+00 	 2.444444E+05
6.25000e+00	1.43301e-05 	 1.1 	 7.67615E+04 	 3.184467E+00 	 2.444444E+05
6.00000e+00	1.30766e-05 	 0.1 	 7.647248E+03 	 2.905911E+00 	 2.222222E+04
5.75000e+00	1.46420e-05 	 0.1 	 6.829668E+03 	 3.253778E+00 	 2.222222E+04
5.50000e+00	1.85204e-05 	 0.1 	 5.399451E+03 	 4.115644E+00 	 2.222222E+04
5.25000e+00	2.67376e-05 	 0.1 	 3.740051E+03 	 5.941689E+00 	 2.222222E+04
5.00000e+00	3.27978e-05 	 0.1 	 3.048985E+03 	 7.2884E+00 	 2.222222E+04
4.75000e+00	4.24510e-05 	 0.1 	 2.355657E+03 	 9.433556E+00 	 2.222222E+04
4.50000e+00	5.50337e-05 	 0.1 	 1.817068E+03 	 1.222971E+01 	 2.222222E+04
4.25000e+00	4.24171e-05 	 0.1 	 2.35754E+03 	 9.426022E+00 	 2.222222E+04
4.00000e+00	5.14834e-05 	 0.1 	 1.942374E+03 	 1.144076E+01 	 2.222222E+04
3.75000e+00	3.80123e-05 	 0.1 	 2.630727E+03 	 8.447178E+00 	 2.222222E+04
3.50000e+00	3.37715e-05 	 0.1 	 2.961077E+03 	 7.504778E+00 	 2.222222E+04
3.25000e+00	5.29298e-05 	 0.1 	 1.889295E+03 	 1.176218E+01 	 2.222222E+04
3.00000e+00	4.51514e-05 	 0.1 	 2.214771E+03 	 1.003364E+01 	 2.222222E+04
2.75000e+00	4.00694e-05 	 0.1 	 2.49567E+03 	 8.904311E+00 	 2.222222E+04
2.50000e+00	2.52573e-05 	 0.1 	 3.959251E+03 	 5.612733E+00 	 2.222222E+04
2.25000e+00	1.91070e-05 	 0.1 	 5.233684E+03 	 4.246E+00 	 2.222222E+04
2.00000e+00	1.48461e-05 	 0.1 	 6.735776E+03 	 3.299133E+00 	 2.222222E+04
1.75000e+00	1.24970e-05 	 0.1 	 8.00192E+03 	 2.777111E+00 	 2.222222E+04
1.50000e+00	1.00514e-05 	 0.1 	 9.948863E+03 	 2.233644E+00 	 2.222222E+04
1.25000e+00	7.08125e-06 	 0.1 	 1.41218E+04 	 1.573611E+00 	 2.222222E+04
1.00000e+00	4.96722e-06 	 0.1 	 2.013199E+04 	 1.103827E+00 	 2.222222E+04
7.50000e-01	2.98659e-06 	 0.1 	 3.3483E+04 	 6.636867E-01 	 2.222222E+04
5.00000e-01	1.50063e-06 	 0.1 	 6.663868E+04 	 3.334733E-01 	 2.222222E+04
2.50000e-01	6.20895e-07 	 0.1 	 1.610578E+05 	 1.379767E-01 	 2.222222E+04
0.00000e+00	-4.41620e-10 	 0.1 	 -2.26439E+08 	 -9.813778E-05 	 2.222222E+04
>>END<<
DATA: /home/user/PycharmProjects/OFET_K2636B_2019.10.15/data/Seria_F4_PUB_P1_oled_002.txt
